0 -0.487489 -26.1219 2.06759 0 0 0.519076 0.854728 -1.35904 0 1 2 6 63 164 165 195
1 -0.10223 -25.1204 2.08651 0 0 0.999996 -0.00297308 -1.22211 3 4 54 57 66 68 70
2 -1.31716 -24.7264 2.07681 0 0 0.0859496 0.9963 -1.28423 3 4 5 7 68 72 74 80 137
3 -0.663921 -25.3755 2.0586 0 0 0.258968 0.965886 -1.47733 2 6 7 8 9 10
4 -0.765828 -24.7696 2.06663 0 0 0.131817 0.991274 -1.3684 9 10 11 12 13 84 86
5 -1.38995 -27.1648 2.75403 0 0 0.336059 0.941841 -0.649506 14 15 44 50
6 -1.45351 -27.1252 3.29338 0 0 0.297891 0.9546 -0.553991 16 17
7 -0.497325 -27.8397 2.66287 0 0 0.569514 0.821982 -0.906101 14 19 20 177 179
8 -0.657163 -27.8607 3.25139 0 0 0.498635 0.866812 -0.656141 21 22
9 -0.638889 -27.226 2.63714 0 0 0.467395 0.884049 -0.994647 25 27
10 -2.07455 -25.8601 2.78853 0 0 0.135583 0.990766 -0.565427 31 32 34 35 45 51
11 -2.04247 -25.2575 2.71866 0 0 0.0811509 0.996702 -0.741662 32 35 36 39
12 -2.04284 -24.881 2.75345 0 0 0.152236 0.988344 -0.650963 39 40 118
13 -1.44391 -26.4725 2.68945 0 0 0.22473 0.974421 -0.824112 45 46 47 49 53
14 -1.55334 -26.4714 3.31676 0 0 0.197979 0.980206 -0.499874 50 51
15 -1.46524 -25.8478 2.66715 0 0 0.146888 0.989153 -0.892346 52 54
16 -0.612389 -26.6045 2.58234 0 0 0.433624 0.901094 -1.24738 60 61
17 -1.46098 -25.2839 2.65166 0 0 0.107207 0.994237 -0.943326 66 68
18 -1.39747 -24.543 2.60632 0 0 -0.0603893 0.998175 -1.12024 72 74
19 -1.34887 -24.2018 2.08587 0 0 0.0622069 0.998063 -1.2259 5 11 74 80 81 82 137 138 141
20 -1.35705 -23.6861 2.08821 0 0 0.0490827 0.998795 -1.21229 81 82 83 85 92 138 141 142 145
21 -0.770885 -24.2375 2.06611 0 0 0.102881 0.994694 -1.37361 11 13 84 85 86 87 88 90 172
22 -0.768363 -23.6957 2.0643 0 0 0.0658337 0.997831 -1.393 85 87 88 89 90 91 98 100
23 -1.36717 -23.1437 2.09104 0 0 0.0152755 0.999883 -1.19649 83 92 93 96 142 145 146 149
24 0.112146 -22.618 1.73767 0 0 0.999993 -0.00367893 -0.691264 94 95 106 123 127 129 133 135 152 154 158
25 0.105818 -22.1268 1.73015 0 0 0.999999 0.00157275 -0.710942 95 106 107 129 133 135 152 154 158
26 -2.01382 -24.1207 2.68007 0 0 -0.00218678 0.999998 -0.852173 40 119 122
27 -2.01647 -23.6168 2.68242 0 0 -0.00465802 0.999989 -0.845039 120 121 122 123 128
28 -2.01978 -23.1607 2.68612 0 0 0.0230721 0.999734 -0.833975 124 125 126 127 129 130 134
29 -2.01364 -22.6246 2.6799 0 0 0.000279979 1 -0.852671 130 131 132 133 135 153
30 -1.44968 -24.1808 2.63384 0 0 0.0391651 0.999233 -1.00688 137 138
31 -1.46032 -23.6434 2.63944 0 0 0.0131201 0.999914 -0.986237 141 142
32 -1.45015 -23.1528 2.63309 0 0 0.0197984 0.999804 -1.00968 145 146
33 -1.44382 -22.6332 2.62887 0 0 0.00632382 0.99998 -1.02576 149 150
34 -2.01666 -22.1373 2.68266 0 0 0.00832508 0.999965 -0.844321 136 151 152 154 155 159
35 -1.43664 -22.1334 2.6246 0 0 0.00652761 0.999979 -1.04245 161 162
36 0.459632 -26.1431 2.06577 0 0 0.818969 0.573837 -1.37708 1 2 62 164 165 166 200 211
37 0.751787 -25.3201 2.06044 0 0 0.981324 0.192363 -1.44395 165 167 168 169 170 171 173
38 0.782008 -24.814 2.06444 0 0 0.984227 0.176909 -1.39149 168 171 172 173 174 239 241
39 1.37438 -24.7621 2.08374 0 0 0.993687 0.112192 -1.2387 170 173 175 176 228 230 247 278
40 0.535776 -27.8438 2.66483 0 0 0.820107 0.57221 -0.899757 20 22 177 178 189
41 0.710065 -27.8585 3.25602 0 0 0.869785 0.493431 -0.644502 179 181
42 0.683532 -27.2346 2.64277 0 0 0.883115 0.469157 -0.974276 182 186
43 1.43067 -27.1611 2.74941 0 0 0.942204 0.33504 -0.661142 189 190 206 209
44 1.48262 -27.185 3.33873 0 0 0.944816 0.327602 -0.450456 191 193
45 0.663847 -26.606 2.5847 0 0 0.90327 0.429073 -1.23288 194 198
46 1.49133 -26.4657 2.69098 0 0 0.975591 0.219596 -0.819614 202 203 205 207 214
47 1.60683 -26.485 3.34788 0 0 0.979309 0.202372 -0.430227 209
48 1.52591 -25.862 2.68573 0 0 0.988378 0.152014 -0.83514 205 211 212 215
49 1.51923 -25.2692 2.66116 0 0 0.995419 0.0956117 -0.911673 222 224
50 1.49645 -25.045 2.73468 0 0 0.965651 0.259842 -0.699042 228
51 2.13008 -25.2455 2.77263 0 0 0.997541 0.0700884 -0.603578 232 235 236 237
52 2.09 -24.8332 2.74268 0 0 0.9922 0.124653 -0.678324 236 237 238 293
53 0.81017 -24.2365 2.06549 0 0 0.994726 0.102566 -1.38003 172 174 239 240 241 242 243 245
54 0.825946 -23.6464 2.06641 0 0 0.9998 0.0200093 -1.37058 240 242 243 244 245 246 251 253
55 1.38484 -24.203 2.08371 0 0 0.997963 0.0637977 -1.23889 174 176 230 247 248 249 278 280 283
56 1.39854 -23.6238 2.08679 0 0 1 -0.000286331 -1.22049 248 249 250 259 280 283 284 287
57 0.817735 -23.1504 2.06485 0 0 0.999712 0.0240102 -1.38693 244 246 251 252 253 254 255 257
58 0.811748 -22.6652 2.06394 0 0 0.999284 0.0378408 -1.39722 252 254 255 256 257 258 265 268
59 1.40119 -23.148 2.08793 0 0 0.999821 0.0189267 -1.21388 250 259 260 263 284 287 288 291
60 0.035199 -22.6175 1.6423 0 0 -0.00453262 0.99999 -0.975977 261 262 272 284 287 288 291 300 302 304
61 1.39871 -22.6494 2.08703 0 0 0.999798 0.0201047 -1.21906 260 263 288 291
62 0.613016 -21.7553 2.05865 0 0 0.91645 -0.400149 -1.47641 258 265 266 268 269 273
63 0.0135959 -22.1234 1.65774 0 0 -0.000480475 1 -0.922906 262 272 311 312
64 1.47156 -24.1323 2.62037 0 0 0.999983 0.005791 -1.05949 278 280
65 1.50749 -23.626 2.64254 0 0 0.999999 0.00126191 -0.975098 283 284
66 1.49962 -23.1502 2.63762 0 0 0.999841 0.0178439 -0.992879 287 288
67 1.48206 -22.6176 2.62642 0 0 0.999989 -0.00465552 -1.03528 291 292
68 2.15152 -24.3922 2.87131 0 0 0.989102 0.147229 -0.379244 278 293 295
69 1.8121 -23.1478 2.63242 0 0 0.935545 -0.353207 -1.01221 298
70 2.0628 -23.1573 2.68664 0 0 0.999781 0.0209091 -0.832431 297 300 302 303 305
71 2.04518 -22.6044 2.67097 0 0 0.999919 -0.0127492 -0.88025 303 304 306 308 314
72 1.47845 -22.153 2.62462 0 0 0.999793 0.0203462 -1.04236 310 311
73 2.06735 -22.1603 2.69095 0 0 0.999743 0.0226845 -0.819707 307 313 314 315 316 317 318 320
