0 -0.296834 -25.7668 1.77302 -0.0963966 0.0225463 -0.226626 0.968938 0 1 2 3 6 8 55 57 59 64 65 68 72 165 166 167 197 200
1 -0.489662 -25.1287 1.79334 -0.106771 -0.105357 0.694432 0.70375 3 4 53 55 57 59 68 70 72 74 76
2 -0.983125 -24.6747 1.80106 -0.127442 0.105308 -0.628226 0.760264 3 4 5 7 10 11 68 70 74 76 82 83 86 120 138 139
3 -0.302725 -25.1645 1.76189 -0.0455539 0.0277849 -0.519977 0.852512 0 2 3 4 6 7 8 9 10 11 12 72 166 167 168
4 -0.372988 -24.6744 1.7723 -0.0785038 0.0565026 -0.581429 0.807828 7 9 10 11 12 13 82 86 87 88 89 169 172 173
5 -1.23005 -27.014 2.57162 -0.397796 0.19541 -0.395239 0.804586 14 15 16 19 21 25 27 45 47 51 61
6 -1.96036 -27.516 2.76586 -0.461967 0.236259 -0.389238 0.761093 14 15 16 17 19 21 22 32 45 48 51
7 -0.417491 -27.5739 2.42279 -0.315102 0.0641835 -0.188991 0.927833 14 19 20 22 28 178 180 187
8 -0.740853 -28.0208 2.78641 -0.433008 0.115446 -0.230299 0.863793 14 16 17 19 20 21 22 178
9 -0.479207 -26.9875 2.38998 -0.274699 0.0862901 -0.286996 0.913634 15 20 24 25 27 29 48 178 183
10 -1.22036 -27.5235 2.7591 -0.45144 0.200474 -0.352889 0.794658 14 16 17 19 21 22 45
11 -1.85719 -25.7906 2.59309 -0.362628 0.279902 -0.543142 0.703671 32 33 35 36 37 45 46 49 51 53 55 68 70 74
12 -2.68369 -26.0359 2.751 -0.410324 0.310697 -0.517573 0.683535 15 16 32 33 34 35 36 37 38 39 40 41 42 43 44 45 46 51
13 -1.81506 -25.2122 2.522 -0.307853 0.265787 -0.597007 0.691496 33 36 37 38 40 41 42 55 68 70 74 76
14 -2.38006 -25.3055 2.75331 -0.35335 0.302467 -0.575666 0.672507 32 33 34 35 36 37 38 39 40 41 42 43 119
15 -1.83081 -24.7841 2.55715 -0.342754 0.264388 -0.550581 0.713778 37 39 40 41 42 70 74 76 119 121
16 -2.37116 -24.7776 2.73504 -0.344641 0.301859 -0.585657 0.668662 35 36 37 38 39 40 41 42 43 119 121 123
17 -1.22179 -26.3499 2.47017 -0.306561 0.197596 -0.504448 0.782629 15 25 32 45 46 47 48 49 50 53 57
18 -2.11826 -26.7014 2.73675 -0.424537 0.283749 -0.477775 0.714833 14 15 16 17 19 21 32 34 35 45 46 51
19 -1.21262 -25.7834 2.44156 -0.274539 0.199428 -0.552846 0.761064 36 46 49 53 55 68
20 -2.01942 -25.9792 2.76062 -0.393067 0.299954 -0.527307 0.690995 32 33 34 35 36 37 38 45 46 51
21 -0.379928 -26.3311 2.29948 -0.154063 0.051046 -0.310347 0.936666 29 49 61 62 63 64 65 196
22 -1.18836 -25.2117 2.40953 -0.237254 0.197053 -0.607777 0.73177 55 68 70 73 74
23 -0.992604 -24.1571 1.8034 -0.126857 0.112682 -0.654473 0.7368 5 10 11 74 76 82 83 84 85 86 87 90 91 138 139 142 143
24 -1.00896 -23.6508 1.80913 -0.132776 0.121407 -0.663793 0.725955 82 83 84 85 86 87 90 91 94 95 99 100 138 139 142 143 146 147
25 -0.381492 -24.158 1.77308 -0.0770261 0.0625178 -0.627084 0.772609 10 11 13 84 86 87 88 89 90 92 93 173 241 242
26 -0.367221 -23.6468 1.77002 -0.0675134 0.0580511 -0.649382 0.755231 87 89 90 91 92 93 94 99 101 102 242 245 246
27 -1.01923 -23.1351 1.81271 -0.133696 0.129368 -0.683241 0.706095 84 85 90 91 94 95 97 99 100 103 142 143 146 147 150
28 -0.367337 -23.1318 1.76978 -0.0637422 0.0609441 -0.688372 0.719977 91 92 93 99 100 101 102 103 105 106 245 246 253 254 257 258
29 -1.75181 -24.0565 2.45756 -0.233273 0.265938 -0.703158 0.61679 40 41 42 119 120 122 123
30 -1.75737 -23.6188 2.45852 -0.249142 0.252327 -0.665345 0.656944 120 122 124 126 128
31 -1.76469 -23.1475 2.46545 -0.260176 0.249759 -0.645911 0.672851 123 124 126 127 128 130 131 132 134 135 137
32 0.33851 -25.7616 1.77171 -0.0924276 -0.0210684 0.221243 0.9706 0 1 2 62 64 165 166 167 168 170 197 202 213 215 217 222 223 224
33 0.41714 -25.1623 1.77127 -0.0737063 -0.0572596 0.610811 0.786256 2 8 9 166 167 168 169 170 171 172 173 174 176 223
34 0.405287 -24.6788 1.77014 -0.0741434 -0.0500498 0.557253 0.82551 9 12 13 169 171 172 173 174 175 177 241 242 243 244 249
35 1.03147 -24.6818 1.80231 -0.13057 -0.105175 0.618427 0.767749 171 174 175 176 177 222 223 224 226 230 232 243 249 250 281 283 296 297
36 0.444419 -27.5872 2.42687 -0.320391 -0.0575356 0.167125 0.93065 19 20 22 24 178 179 180 184 191
37 0.817962 -27.9988 2.78248 -0.429174 -0.122906 0.246354 0.86024 20 178 179 180 182 191 193 195
38 0.515204 -27.0043 2.39561 -0.282166 -0.0824762 0.268161 0.917426 20 27 178 183 185 187 188 192 205
39 1.42105 -27.62 2.76113 -0.470761 -0.215025 0.355502 0.77831 179 180 182 187 191 193 195 208
40 1.26965 -27.0234 2.57243 -0.40004 -0.192094 0.387911 0.807832 179 182 183 188 191 192 195 198 204 208 211
41 2.14879 -27.6452 2.76608 -0.481201 -0.242309 0.378894 0.752443 179 180 182 183 188 191 192 193 195 204 205 208 217 234 235
42 0.443852 -26.3228 2.30109 -0.154952 -0.0577493 0.344419 0.924138 63 185 196 197 198 200 202 206
43 1.27569 -26.3451 2.47495 -0.308591 -0.201946 0.508983 0.777769 188 192 204 205 206 207 208 209 213 216 218
44 2.17958 -26.703 2.76423 -0.430602 -0.288684 0.476184 0.710276 179 182 191 192 193 195 208 209 211 212 216 218 234 235 236
45 1.26978 -25.7684 2.44671 -0.274852 -0.20692 0.564737 0.750142 206 209 213 214 216 217 237
46 2.05747 -25.9953 2.75484 -0.393537 -0.296226 0.523378 0.695309 208 209 211 212 216 234 235 236 237 238
47 1.25714 -25.228 2.4287 -0.254241 -0.206069 0.594995 0.734083 217 224 226 230
48 1.94161 -25.8094 2.65828 -0.398147 -0.303425 0.524725 0.688531 206 209 211 212 213 216 217 224 226 230 234 235 236 237 238
49 2.55377 -25.9375 2.72492 -0.379586 -0.298226 0.541048 0.688653 192 195 208 209 211 212 216 234 235 236 237 238 239 240
50 1.93973 -25.2135 2.62394 -0.359925 -0.315564 0.578817 0.660185 216 217 224 226 230 232 234 235 236 237 238 239 240
51 1.8953 -24.7671 2.57485 -0.348195 -0.277862 0.558436 0.699787 226 230 232 238 239 240 281 283 286 296 297
52 0.428035 -24.1586 1.77318 -0.0773593 -0.0626088 0.625982 0.773462 13 88 89 173 174 175 241 242 243 244 245 246 247 251
53 0.433161 -23.6412 1.77367 -0.074845 -0.067889 0.66841 0.736897 88 89 92 93 101 242 244 245 246 247 248 253 254 255
54 1.05595 -24.1586 1.80975 -0.135196 -0.12033 0.653865 0.734645 174 175 177 230 232 243 244 247 248 249 250 251 252 281 283 286 287
55 1.05557 -23.6383 1.80898 -0.12987 -0.124147 0.679757 0.711092 243 244 247 248 249 250 251 252 255 256 261 262 281 283 286 287 290 291
56 0.420213 -23.1341 1.77103 -0.0672893 -0.0634903 0.683334 0.724221 92 93 101 102 105 106 245 246 248 253 254 255 256 257 258 259
57 1.07092 -23.14 1.81499 -0.137438 -0.130934 0.677226 0.710867 247 248 251 252 255 256 259 260 261 262 265 266 286 287 290 291 294 295
58 1.76642 -23.6156 2.42764 -0.228373 -0.232998 0.675081 0.661682 296 297 298 300 302
59 1.81062 -23.1468 2.46523 -0.259884 -0.249787 0.646378 0.672504 299 300 302 304 305 306 307
