0 -6.71635 -5.45015 5.22534 0 0 -0.707698 0.706515 0.781775 1 -12.3321 -3.49918 4.0501 0 0 0.521729 0.853111 0.11719 11 12 13 14 15 16 17 18 19 20 21 22 23 24 25 26 27 28 29 30 31 32 33 34 144 149 151 172 174 1432 1433 1434 1435 1436 1439 1440 1467 1468 1538 1548 1557 1558 1561 1568 1619 1620 1621 1622 1623 1624 1625 1626 1634 1635 1637 1638 1650 1870
2 -10.1113 -2.41979 5.68722 0 0 0.57574 0.817633 1.20963 15 17 20 21 22 23 24 25 26 31 32 34 141 144 147 148 149 150 151 156 166 168 179 1683 1685
3 -10.3324 -6.11175 3.40689 0 0 0.0673289 0.997731 0.576766 36 38 39 40 41 42 45 46 47 48 113 114 120 121 128
4 -10.335 -4.15423 3.42191 0 0 -0.0403282 0.999186 0.585752 45 46 113 114 120 121 123 128 129 130 133 134 135 181
5 -8.41229 -5.87308 3.88729 0 0 0.0141155 0.9999 0.903533 42 43 44 48 49 50 51 52 53 60 61 62 69 70 71 115 117 239
6 -6.76136 -6.64893 5.78193 0 0 0.688925 0.724833 1.38527 36 38 39 40 41 42 43 44 45 46 47 48 49 50 51 55 57 58 60 61 62 63 64 65 66 69 70 71 72 73 74 75 76 77 78 79 80 81 82 85 86 87 88 89 90 91 93 94 99 100 101 102 107 108 109 110 111 112 113 115 116 117 118 119 122 125 239 240 241 243 247 248 252 253 256 257 304 305 306 307 312 314 316 317
7 -8.4161 -4.09573 3.87247 0 0 -0.0671872 0.99774 0.891645 122 123 124 125 126 127 130 131 132 243 244 264 265
8 -8.45486 -4.31399 5.35333 0 0 -0.0032494 0.999995 0.876555 70 71 73 74 82 86 89 99 101 107 108 238 239 240 241 242 243 244 245 246 248 252 253 254 255 256 257 258 259 260 261 262 263 264 265 266 267 268 269 270 278 279 280 281 282 283 284 285 287 289 290 293 295 296 299 300 301 304 333 341 342 347 361
9 -10.3556 -2.3675 3.32187 0 0 -0.105359 0.994434 0.526841 120 121 128 129 133 134 136 181 360 361 366 367 368 420 463 464 465
10 -9.05884 -4.55915 5.17179 0 0 0.531169 0.847266 0.744721 134 135 136 137 138 139 141 142 143 145 150 166 169 181 182 184 187 188 189 190 191 192 193 194 195 196 201 210 265 268 269 270 284 285 360 361 362 363 364 366 367 368 369 382 383 385 386 388 389 390
11 -7.64494 -1.11696 5.81021 0 0 0.984916 -0.173036 1.49304 140 142 143 161 164 165 167 169 170 175 177 178 179 180 183 186 187 188 189 190 201 202 204 206 208 209 210 211 212 213 214 216 218 219 220 221 222 223 224 226 227 230 1872 1884 1885 1886 1888 1938 1939 1940 1943 1945
12 -8.98001 -2.54384 3.1407 0 0 -0.0618917 0.998083 0.424891 133 134 136 137 138 181 326 360 361 362 364 366 367 368 369 371 373 375 378 380 463 464 465
13 -8.30206 -3.61083 5.32664 0 0 0.228341 0.973581 0.855945 191 192 194 195 201 203 204 224 266 267 268 269 270 278 279 280 281 282 283 284 285 286 287 289 290 291 293 295 296 299 300 301 333 334 341 342 343 344 347 350 360 361 362 388 389 390 391 396 397 398 399 402 403 404 405 406 407 412 413 414 415 434 438 440 441 453 455 481 482
14 -6.94836 -0.647268 5.79931 0 0 -0.583167 0.812352 1.44053 198 201 202 204 209 214 216 223 226 227 228 229 230 234 236 392 393 394 395 397 399 408 409 431 435 437 438 439 440 441 442 444 446 447 448 449 450 454 455 456 457 458 459 460 461 462 486 505 506 507 508 514 518 520 521 522 523 524 525 526 2137 2200
15 -4.3952 -8.30233 4.3436 0 0 0.20948 0.977813 0.266825 534 535 536 538 539 542 543 548 549 551 555 556 557 558 562 563 564 565 566 567 568 569 570 571 573 576 577 584 585 586 587 588 589 590 591 592 596 598 886
16 -3.86137 -6.05842 5.59096 0 0 0.996389 0.084905 1.09157 37 52 53 54 56 57 60 61 62 64 65 66 69 72 73 74 76 78 80 82 86 87 89 91 92 93 94 95 96 97 98 99 100 101 102 103 104 105 106 107 108 109 110 111 112 241 247 248 250 251 256 257 258 262 263 272 273 274 275 290 302 303 304 305 306 307 310 311 312 313 314 315 316 317 321 322 323 324 325
17 -6.49523 -6.39231 4.14241 0 0 0.487234 0.873272 0.163808 262 263 290 296 298 300 301 311 333 334 335 336 337 338 339 341 342 343 345 346 347 348 349 350 351 352 599 600 602 603 604 605 608 609 610 611 612 613 614 615 617 618 632 633 635 636 638 655 754 906 910 912 922 1049 1051 1052 1053 1054 1115 1116
18 -5.39973 -7.61611 3.83877 0 0 0.397348 0.917668 0.0112579 534 535 536 537 538 539 540 542 543 544 545 546 547 548 549 550 551 552 576 577 580 584 585 587 588 589 590 592 596 598 599 600 601 603 604 605 606 607 608 609 610 611 612 613 614 615 618 619 624 635 638 644 652 653 654 655 659 660 661 662 664 669 670 671 672 673 674 675 676 677 682 683 684 753 871 872 886 888 965 967 969 970 971 972 1019 1020 1021 1022 1023 1024 1025 1026 1029 1031 1033 1047 1048 1049 1050 1051 1052 1055 1057 1058
19 -4.52283 -5.63828 5.49736 0 0 0.48893 0.872323 0.998301 602 603 604 605 607 608 609 612 613 614 615 616 636 637 638 639 640 642 643 644 645 646 647 648 650 669 670 674 675 676 677 678 679 680 681 683 686 687 688 689 691 709 710 711 718 890
20 -3.2206 -2.37827 3.52624 0 0 0.993956 -0.109782 0.649756 623 729 731 734 736 737
21 -4.66741 -2.63483 5.81214 0 0 0.986239 -0.165325 1.50665 307 311 334 337 339 340 343 344 350 352 354 356 357 358 359 402 403 409 411 415 451 453 470 471 472 473 474 479 480 481 482 483 484 487 488 489 490 491 492 493 494 495 497 498 499 500 512 526 528 619 622 623 625 634 635 637 640 641 642 730 745
22 -4.45718 -0.809755 4.26158 0 0 0.956129 -0.292945 1.33643 509 511 513 515 516 529 530 532
23 -4.64922 -0.705829 5.77862 0 0 0.915779 -0.401683 1.37649 431 432 433 446 454 459 460 461 462 472 474 475 476 490 496 497 499 500 502 505 506 510 512 513 514 515 516 518 519 520 521 522 523 524 525 526 527 528 529 530 531 532 533 732 733 737 740 741 749 750 751 752 759 763 767 773 780 781 782 783 784 789 2113 2137 2200 2201 2202 2204 2209
24 -3.18379 -2.18571 5.78012 0 0 0.906124 -0.423013 1.38041 470 495 511 601 621 622 623 624 628 630 643 648 649 650 651 656 658 690 695 700 702 706 708 710 712 713 714 715 716 717 722 724 725 730 732 734 736 739 740 743 744 745 746 747 748 749 750 751 752 753 754 755 756 757 758 759 760 761 762 763 764 766 782 789 800 802 803 804 805 809 810 811 818 819 820 821 822 826
25 -2.92594 -0.842947 4.25956 0 0 0.962948 -0.269688 1.33212 744 776 796 797 839 852 853 855 857 858
26 -3.37415 -0.571106 5.78104 0 0 -0.841527 0.540215 1.38286 476 512 515 527 528 529 532 533 732 733 739 740 741 743 744 752 759 760 761 763 777 778 779 780 781 782 783 784 785 786 787 788 789 790 791 792 793 794 795 796 797 804 809 811 816 817 821 822 823 824 825 827 830 831 833 839 840 841 847 848 849 851 852 853 854 855 856 857 858 859 861 862 863 864 865 866 868 931 932 933 2198 2211 2338 2346 2348 2357 2358 2359 2365
27 -4.21292 -6.75312 4.79707 0 0 0.216097 0.976372 0.512554 536 537 542 543 544 545 546 547 548 549 550 551 552 558 561 562 563 564 565 567 570 571 577 585 587 588 589 590 591 592 593 596 598 673 674 682 684 883 884 886 887 888 889 891 892 2908
28 -3.23193 -4.02954 5.72446 0 0 -0.141617 0.989921 1.26666 594 661 663 667 668 677 682 683 684 685 686 687 688 689 700 701 702 703 707 718 720 721 726 876 881 882 883 884 887 889 890 891 892 893 894 896 899 900 901 902 903 904 905 906 907 909 910 913 1049
29 -3.62679 -2.57654 5.56344 0 0 -0.0873575 0.996177 1.06254 667 702 719 721 722 724 725 726 727 809 811 812 826 827 828 829 830 832 833 864 900 901 902 903 905 907 908 909 911 912 913 914 915 916 917 918 919 920 921 922 923 924 925 926 927 928 929 930 932 933 935 937
30 -3.88539 -1.09358 5.39632 0 0 -0.0690398 0.997614 0.910858 809 811 815 817 829 830 831 832 833 849 861 862 863 864 865 866 868 869 870 918 920 923 925 926 927 929 930 932 933 935 936 937 938 939 940 941 942 943 944 945 946 947 948 949 950 2431 2432 2524 2525 2526 2527 2528 2529 2530 2531 2532
31 -4.56694 -7.31569 5.96555 0 0 -0.00204129 0.999998 0.330637 569 571 590 592 596 952 953 954 955 956 957 958 959 960 961 963 965 966 967 968 969 970 973 974 975 976 977 978 981 982 983 987
32 -2.67332 -7.32658 6.64136 0 0 0.000334019 1 0.724221 957 959 960 961 962 963 964 2908 2909 2910 2919 2936 2949 3843 3849
33 -4.57668 -5.81337 5.93641 0 0 -0.00252475 0.999997 0.315274 569 571 590 592 596 598 886 888 892 894 952 953 954 955 956 957 958 959 960 963 965 966 967 968 969 970 971 972 973 974 975 976 977 978 979 980 981 982 983 985 987 988 989 991 1019 1020 1021 1022 1023 1024 1025 1026 1027 1028 1029 1030 1031 1032 1033 1034 1035 1036 1037 1039 1041 1042
34 -4.57785 -4.31239 5.93281 0 0 -0.00273088 0.999996 0.313379 596 598 886 888 892 894 904 906 910 912 922 969 970 971 972 977 978 979 980 987 988 1019 1020 1021 1022 1023 1024 1025 1026 1027 1028 1029 1030 1031 1032 1033 1034 1035 1036 1037 1039 1041 1042 1043 1045 1047 1048 1049 1050 1051 1052 1053 1054 1055 1056 1057 1058 1059 1060 1061 1062 1063 1064 1065 1067 1069 1070 1071 1115 1116 1124 1125 1133
35 -2.66215 -5.82095 6.65388 0 0 -0.00111354 0.999999 0.732608 974 976 978 980 981 982 983 984 985 986 987 988 989 990 991 992 1028 1035 1037 1038 2911 2936
36 -2.06168 -5.81734 8.6091 0 0 -0.00295518 0.999996 1.11163 962 963 964 983 984 985 986 989 990 991 992 993 994 995 996 997 998 999 1000 1001 1002 1003 1004 1005 1006 1007 1008 1009 1010 1011 1012 1013 1014 1015 1016 1017 1018 1037 1038 1039 1040 1044 1046 1075 1076 1077 1078 1079 1080 1081 1082 1085 1086 1087 1088 1089 1090 1091 1092 1093 1094 3819 3820 3821 3822 3827 3828 3829 3830 3831 3832 3833 3834 3847 3858 3866 3881 3882 3883 3884 3885 3886 3887 3888 3899 3915 3917 3923 3939 3945
37 -2.68529 -4.31927 6.62769 0 0 -0.00152663 0.999999 0.715133 1030 1032 1034 1036 1039 1040 1041 1042 1043 1044 1045 1046 1056 1058 1063 1064 1065 1066 1067 1068 2949 2975 2977 2999 3001 3013 3021 3032
38 -2.02203 -4.31474 8.62815 0 0 -0.00404082 0.999992 1.13361 990 992 1005 1006 1009 1010 1015 1016 1017 1018 1037 1038 1039 1040 1043 1044 1045 1046 1065 1066 1067 1068 1071 1072 1074 1075 1076 1077 1078 1079 1080 1081 1082 1083 1084 1085 1086 1087 1088 1089 1090 1091 1092 1093 1094 1095 1096 1097 1098 1099 1100 1101 1102 1103 1105 1106 1107 1108 1109 1110 1111 1112 1113 1114 1136 1176 1180 1188 1190 3828 3830 3831 3832 3833 3834 3881 3882 3883 3884 3885 3886 3887 3888 3897 3898 3899 3900 3901 3902 3903 3904 3921 3923 3939 3961 3963 3964
39 -4.57624 -2.82222 5.93787 0 0 -0.000647847 1 0.316042 894 904 906 910 912 922 924 928 930 940 942 1025 1026 1033 1034 1042 1047 1048 1049 1050 1051 1052 1053 1054 1055 1056 1057 1058 1059 1060 1061 1062 1063 1064 1067 1069 1070 1071 1073 1115 1116 1117 1118 1119 1120 1121 1122 1123 1124 1125 1126 1127 1128 1129 1130 1131 1132 1133 1134 1135 1137 1139 1140 1141 1143 1145 1146 1147 1148 1155 1156 1157 1158 1165 1166
40 -4.58508 -1.31594 5.91008 0 0 -0.00197213 0.999998 0.301457 922 924 928 930 940 942 948 950 1115 1116 1117 1118 1119 1120 1121 1122 1124 1125 1126 1127 1128 1129 1130 1131 1132 1133 1134 1139 1140 1141 1143 1145 1146 1147 1148 1149 1150 1151 1152 1153 1154 1155 1156 1157 1158 1159 1160 1161 1162 1163 1164 1165 1166 1167 1169 1171 1172 1174 2531 2533 2541 2732 2733 2734 2735 2736 2737 2740 2742 2743 2744 2745 2748 2749 2752 2753 2757
41 -2.70757 -2.82479 6.6016 0 0 -0.00012175 1 0.697982 1060 1062 1069 1070 1071 1072 1073 1074 1125 1127 1130 1133 1134 1135 1136 1137 1138 1139 1141 1142 2993 3030
42 -2.01885 -2.81725 8.62964 0 0 -0.00308804 0.999995 1.13538 1046 1066 1067 1068 1071 1072 1073 1074 1082 1086 1092 1094 1095 1096 1098 1099 1100 1101 1102 1103 1104 1105 1106 1107 1108 1109 1110 1111 1112 1113 1114 1135 1136 1137 1138 1141 1142 1143 1144 1168 1170 1176 1177 1178 1179 1180 1181 1182 1183 1184 1185 1186 1187 1188 1189 1190 1191 1192 1193 1194 1195 1196 1197 1200 1201 1208 1209 1210 1211 3886 3887 3888 3897 3898 3899 3900 3901 3902 3903 3904 3947 3961 3962 3963 3964 3965 3966 3967 3968 3977 3978 3979 3980 3983 3996 3998
43 -2.72881 -1.31161 6.57579 0 0 -0.00339955 0.999994 0.681253 1132 1140 1143 1144 1156 1158 1162 1164 1165 1166 1167 1168 1169 1170 1171 1172 1173 1174 1175 4038 4039 4040 4062
44 -1.99657 -1.32016 8.63985 0 0 -0.00200302 0.999998 1.14764 1136 1138 1141 1142 1143 1144 1167 1168 1169 1170 1172 1173 1174 1175 1176 1177 1180 1181 1182 1183 1185 1186 1187 1188 1189 1190 1191 1192 1193 1194 1195 1196 1197 1198 1199 1200 1201 1202 1203 1204 1205 1206 1207 1208 1209 1210 1211 1212 1213 1214 1215 2753 2754 2756 2760 2793 2794 2797 2798 2799 2803 2805 2806 2807 2808 2809 2811 3904 3961 3962 3963 3964 3965 3966 3967 3968 3977 3978 3979 3980 3981 3982 3983 3984 3989 4020 5416 5417 5418 5419 5420 5422 5423 5441
45 -18.0573 3.45788 5.79871 0 0 0.979658 -0.200673 1.43823 2599 2600 2609 2610
46 -18.0627 5.00588 5.79659 0 0 0.972865 -0.231372 1.43044 1331 1332 1334 1335 1336 1337 1338 2695 2696 2697 2698 2699 2700 2701 2702 2703 2705
47 -18.0852 5.98322 5.80553 0 0 0.989273 0.146081 1.46721 1343 2709 2710 2711 2712
48 -15.0467 2.30081 5.76187 0 0 0.930611 -0.366009 1.33705 1237 1238 1252 1253 1276 1277 2644 2645 2655 2656 2657 2658 2676
49 -16.5588 3.59893 5.78894 0 0 0.959557 -0.281513 1.40535 1218 1220 1229 1230 1231 1232 1233 1235 1258 2623 2624 2625 2630 2631 2634 2636 2637 2638 2639 2640 2652 2663
50 -16.7031 5.13287 5.80245 0 0 0.934895 -0.354923 1.45325 1347 1348 1351 1352 1353 1354 1355 1356 1357 1358 1359 1362 1363 1364 2643 2717 2718 2720 2721 2722 2723 2724 2725 2726 2727
51 -15.0986 3.59069 5.79489 0 0 0.956761 -0.290877 1.42451 1257 1268 1269 1270 1271 1273 1275 1281 1285 1294 1300 1301 1302 1304 1305 1307 1308 2662 2671 2672 2673 2674 2675 2680 2681 2683 2689
52 -15.2823 5.27713 5.79533 0 0 0.890886 -0.454228 1.42603 1310 1314 1365 1366 1369 1370 1371 1372 1373 1374 1375 1376 1377 1378 1379 1380 1381 1382 1383 1384 1385 1386 1387 1388 1389 1390 1392 1394
53 -15.387 -1.92577 4.27203 0 0 0.507033 0.861927 0.229907 1238 1239 1240 1241 1242 1243 1244 1282 1286 1299 1398 1399 1400 1401 1402 1403 1404 1410 1411 1414 1426 1427 1428 1429 1435 1436 1447 1448 1467 1558 1561 1568 1627 1650 2730
54 -13.593 2.0465 5.79757 0 0 0.964362 -0.264586 1.43401 1244 1290 1296 1400 1401 1407 1409 1413 1419 1421 1477 1479 1480 1481 1482 1483 1485 2649 2686 2687 2728 2729 2730 2731
55 -13.0168 -0.818861 5.72991 0 0 0.597211 0.802085 1.27588 1398 1399 1415 1427 1428 1429 1431 1432 1434 1435 1436 1438 1440 1619 1621 1629
56 -12.1468 2.19958 5.79032 0 0 0.932002 -0.362452 1.40957 1425 1450 1451 1452 1453 1454 1455 1456 1457 1458 1460 1462 1466 1470 1471 1472 1473 1474 1475 1493 1497 1499 1539 1540 1541 1542 1543 1544 1545 1546 1551 1563 1564 1566 1662
57 -13.5952 3.64369 5.78968 0 0 0.948559 -0.316601 1.40758 1297 1298 1318 1319 1320 1321 1322 1324 1327 1328 1330 1483 1485 1486 1487 1489 1490 1491 1501 1502 1503 1507 1508 1509 1510 1511 1512 1513 1514 1515 1516 1517 1519 1520 1521 1524 1525 1526
58 -13.8241 5.30787 5.79502 0 0 0.874543 -0.484947 1.42496 1384 1389 1393 1394 1395 1396 1397 1518 1520 1522 1534 1535 1537 1853 1854 1855 1856 1858 1859
59 -12.222 3.71927 5.7963 0 0 0.915017 -0.403414 1.42942 1526 1527 1528 1529 1530 1534 1536 1537 1549 1552 1553 1554 1555 1556 1564 1565 1567 1571 1575 1576 1577 1578 1579 1580 1581 1582 1583 1584 1585 1586 1587 1588 1590 1591 1592 1593 1594 1595 1597 1599 1601 1603 1604 1605 1606 1607 1609 1616 1763 1764 1766 1783 1787
60 -12.4549 5.52314 5.76884 0 0 -0.805526 0.592561 1.35261 1591 1595 1611 1613 1615 1617 1790 1791 1792 1855 1858 1859 1860 1861 1862 1863 1864
61 -16.7795 5.59202 5.79735 0 0 0.895143 0.445778 1.43319 1352 1361
62 -10.618 0.186928 5.81093 0 0 0.999949 -0.0101393 1.49781 13 1623 1624 1625 1632 1633 1636 1637 1638 1639 1640 1641 1642 1643 1644 1646 1647 1648 1649 1656 1657 1670 1672 1673 1695 1719 1720
63 -10.5949 2.15968 5.788 0 0 0.946012 -0.324132 1.40252 1564 1566 1567 1661 1663 1664 1665 1671 1672 1673 1674 1675 1676 1677 1678 1679 1680 1681 1719 1720 1722 1723 1724 1725 1726 1727 1728 1729 1753 1754 1755 1756 1757 1758 1763 1765 1767 1768 1769 1770 1771 1772 1773 1774 1775 1780 1804 1811
64 -9.1056 0.701524 5.78483 0 0 0.937787 -0.34721 1.3933 157 158 161 1695 1696 1697 1701 1703 1704 1705 1706 1707 1708 1709 1710 1711 1712 1713 1714 1719 1721 1722 1731 1732 1734 1736 1737 1738 1739 1866 1869 1870 1871 1872 1873 1874 1876 1877 1878 1879 1880 1881 1886 1887 1902 1909 1938
65 -9.0982 2.21764 5.78187 0 0 0.936219 -0.351418 1.38509 1729 1730 1737 1738 1739 1741 1743 1745 1746 1747 1748 1749 1750 1806 1808 1810 1811 1812 1813 1815 1819 1821 1822 1823 1824 1825 1826 1827 1828 1829 1830 1831 1833 1834 1835 1874 1879 1904 1906 1908 1909 1910 1911 1912 1913 1914 1915 1916 1917 1918 1919 1921 1923 1927 1928 1929 1930 1931 1933 2025 2026 2027 2028 2029 2030
66 -10.6123 3.77081 5.77685 0 0 0.925633 -0.378423 1.37196 1605 1606 1607 1615 1618 1677 1762 1764 1765 1766 1772 1773 1774 1776 1777 1778 1779 1780 1781 1782 1784 1785 1786 1787 1788 1789 1790 1791 1792 1793 1794 1795 1796 1797 1798 1799 1800 1801 1802 1803 1806 1810 1812 1815 1816 1817 1819 1820 1821 1831 1833 1838 1839 1840 1841 1842 1843
67 -9.10421 3.35018 4.30777 0 0 0.99037 -0.138444 1.47866 1848 1850 1851 1852 2035 2061 2062
68 -9.22373 3.93033 5.76545 0 0 0.879937 -0.47509 1.34492 1793 1795 1797 1799 1802 1803 1817 1819 1821 1829 1831 1832 1833 1835 1836 1837 1839 1841 1843 1844 1845 1846 1847 1848 1849 1850 1851 1852 1918 1930 2022 2026 2028 2030 2032 2034 2035 2036 2037 2038 2039 2041 2043 2047 2048 2049 2050 2051 2053 2054 2057 2059 2061 2062 2063 2064 2065 2087
69 -7.62853 0.748294 5.78216 0 0 0.926711 -0.375775 1.38588 215 217 219 220 221 235 1876 1879 1880 1881 1887 1888 1889 1894 1895 1896 1897 1906 1908 1911 1921 1923 1924 1925 1926 1927 1929 1933 1938 1942 1943 1944 1945 1946 1948 1949 1950 1951 1952 1953 1954 1955 1957 1958 1959 1961 1962 1963 1964 1965 1966 1967 1968 1969 1970 1984 1985 1986 1987 1988 1989 2125 2127
70 -7.6307 2.19413 4.28895 0 0 0.93539 -0.353617 1.40537 1994 1997 1998 2007 2068 2082 2083 2084
71 -7.77543 2.35226 5.78463 0 0 0.87982 -0.475308 1.39271 1747 1915 1917 1919 1923 1927 1928 1929 1930 1931 1932 1933 1934 1935 1968 1981 1983 1985 1987 1989 1991 1992 1993 1994 1995 1996 1997 1998 2000 2001 2002 2003 2004 2005 2006 2007 2008 2009 2024 2026 2028 2030 2032 2038 2039 2040 2041 2042 2043 2044 2045 2046 2047 2048 2049 2067 2068 2069 2070 2074 2075 2076 2082 2083 2084 2085 2086 2090 2092 2168 2171 2172 2173
72 -6.1757 0.782859 5.78359 0 0 0.912845 -0.408307 1.38981 431 432 433 448 459 460 461 462 507 508 523 1893 1950 1952 1954 1959 1963 1966 1968 1970 1971 1978 1982 1989 2000 2001 2002 2003 2004 2008 2009 2104 2106 2107 2111 2114 2119 2123 2125 2126 2127 2129 2130 2131 2132 2133 2134 2135 2136 2137 2138 2139 2140 2141 2142 2143 2144 2149 2156 2167 2168 2169 2170 2171 2175 2185 2188 2200 2201 2202 2204 2205 2210
73 -7.70448 1.93806 4.23515 0 0 -0.130248 0.991481 1.28503 1983 2008 2009 2150 2171 2172 2260 2272 2289 2291
74 -6.13911 2.29896 5.77655 0 0 0.916764 -0.399429 1.3712 1977 1978 1979 1982 1983 1994 1997 1998 2003 2004 2005 2006 2007 2008 2009 2018 2044 2076 2077 2080 2081 2082 2083 2084 2085 2088 2090 2091 2092 2093 2094 2095 2096 2099 2140 2141 2142 2144 2146 2148 2149 2150 2151 2152 2158 2160 2162 2164 2165 2168 2169 2170 2171 2172 2173 2174 2175 2176 2177 2178 2179 2180 2181 2182 2206 2222 2231 2233 2235 2236 2249 2250 2251 2252 2253 2254 2255 2260 2261 2262 2264 2265 2266 2267 2268 2272 2273 2274 2276 2277 2281 2289 2290 2291 2292 2293 2294
75 -8.10951 4.06201 5.76764 0 0 -0.749337 0.662188 1.34987 1835 1850 1852 2022 2024 2034 2035 2036 2037 2038 2039 2046 2047 2048 2049 2050 2051 2052 2053 2054 2055 2057 2058 2059 2060 2061 2062 2063 2064 2065 2071 2073 2079 2081 2083 2085 2086 2087 2088 2089 2091 2093 2094 2095 2096 2097 2098 2099 2100 2266 2268 2270 2289 2290 2291 2292 2293
76 -6.6852 2.59896 4.31259 0 0 0.72782 0.685768 1.51027 2081 2266 2269 2270 2283 2284 2288 2334 2335 2337
77 -6.27277 4.2381 5.69065 0 0 -0.832859 0.553485 1.21451 2050 2065 2081 2086 2087 2088 2089 2091 2093 2094 2095 2096 2097 2098 2099 2100 2165 2182 2231 2233 2235 2254 2255 2264 2265 2266 2268 2269 2270 2272 2274 2276 2278 2280 2282 2283 2284 2286 2287 2288 2290 2291 2292 2293 2294 2300 2302 2304 2306 2312 2313 2314 2316 2317 2319 2321 2329 2330 2333 2334 2335 2336 2337
78 -4.62351 0.706931 4.28658 0 0 0.934316 -0.356447 1.39833 2196 2197 2198 2199 2208 2212 2213 2214 2215 2216 2256 2341 2361
79 -4.67549 0.842893 5.77465 0 0 0.903154 -0.429317 1.36647 506 513 515 531 532 533 776 777 778 779 781 784 785 786 788 795 2111 2134 2138 2139 2140 2141 2143 2144 2169 2175 2176 2177 2178 2181 2183 2185 2187 2188 2189 2190 2192 2193 2196 2197 2198 2199 2200 2201 2202 2203 2204 2205 2206 2207 2208 2209 2210 2211 2212 2213 2214 2215 2216 2220 2222 2224 2236 2238 2249 2250 2251 2252 2253 2255 2256 2257 2258 2338 2342 2343 2348 2352 2357 2358 2359 2360 2361 2362 2363 2365 2366 2368 2369 2408
80 -5.32635 2.38727 4.29866 0 0 -0.652569 0.757729 1.43805 2229 2231 2233 2234 2235 2242 2243 2244 2247 2248 2300 2303 2304 2318 2319 2320 2322 2323 2324 2384 2464 2465
81 -4.77652 2.40846 5.77558 0 0 0.870872 -0.491509 1.36878 2172 2173 2174 2178 2179 2180 2181 2182 2197 2199 2214 2216 2222 2224 2231 2233 2234 2235 2239 2240 2242 2243 2244 2245 2246 2247 2248 2250 2251 2252 2253 2254 2255 2256 2257 2258 2259 2264 2274 2276 2278 2282 2284 2286 2288 2291 2294 2299 2300 2301 2302 2303 2304 2305 2306 2311 2312 2313 2314 2315 2316 2317 2318 2319 2320 2321 2322 2323 2324 2325 2328 2329 2361 2362 2363 2364 2373 2374 2376 2377 2378 2381 2382 2383 2384 2385 2386 2387 2391 2392 2394 2396 2397 2398 2399 2400 2401 2402 2403 2441 2443 2463 2464 2465 2466
82 -2.88501 0.573674 4.26045 0 0 0.975244 -0.221133 1.33402 2347 2348 2349 2352 2354 2355 2356 2371 2391 2393 2408 2410 2412 2413 2424 2427 2428 2437
83 -3.513 0.983327 5.78007 0 0 -0.789756 0.613421 1.38027 516 776 777 778 779 788 795 797 839 840 841 843 844 848 850 858 859 860 866 867 868 870 934 2197 2198 2199 2210 2211 2212 2213 2214 2215 2216 2236 2240 2258 2259 2338 2342 2343 2346 2348 2352 2354 2355 2356 2357 2358 2359 2360 2361 2362 2363 2364 2365 2366 2367 2368 2369 2370 2371 2373 2374 2376 2377 2378 2390 2391 2392 2393 2403 2408 2410 2412 2413 2414 2415 2417 2418 2421 2422 2423 2424 2425 2426 2427 2428 2429 2430 2431 2432 2433 2434 2435 2436 2437 2439 2449 2526 2534 2536
84 -3.03036 2.11648 4.28308 0 0 0.959656 -0.281177 1.3884 2396 2398 2400 2401 2402 2438 2442 2444 2445 2446 2447 2467 2481 2482 2483 2484 2485 2490 2492 2498 2499 2500
85 -3.62115 2.48367 5.78375 0 0 -0.748556 0.663071 1.39027 2197 2238 2240 2242 2244 2246 2248 2257 2259 2319 2321 2323 2325 2329 2332 2356 2373 2374 2376 2377 2378 2381 2382 2383 2384 2385 2386 2387 2391 2392 2393 2394 2395 2396 2397 2398 2399 2400 2401 2402 2403 2409 2410 2411 2412 2413 2414 2437 2438 2439 2440 2441 2442 2444 2445 2446 2447 2449 2450 2451 2452 2453 2454 2455 2456 2457 2458 2461 2463 2464 2465 2466 2467 2468 2471 2473 2475 2478 2480 2481 2482 2483 2484 2485 2486 2488 2490 2492 2495 2497 2498 2499 2500 2501 2502 2503 2504 2512 2513 2514 2515 2516 2536 2545 2547 2555 2557 2565 2566 2569 2571
86 -6.05259 4.41271 4.02678 0 0 -0.469944 0.882696 1.02605 2279 2280 2287 2307 2309 2313 2314 2317 2327 2330 2334 2335 2336 2337 2470 2472
87 -4.80638 4.19528 5.70933 0 0 -0.829221 0.558921 1.24233 2080 2081 2244 2248 2264 2265 2266 2268 2270 2274 2278 2282 2284 2286 2288 2300 2302 2304 2306 2312 2313 2314 2316 2317 2319 2321 2323 2325 2327 2328 2329 2330 2331 2332 2333 2334 2335 2336 2337 2384 2385 2386 2387 2399 2400 2464 2465 2466 2467 2468 2470 2472 2473 2474 2475 2476 2481 2482 2483 2484 2485 2487 2490 2491 2492 2493 2508 2509
88 -3.50033 4.62311 4.04304 0 0 -0.758159 0.65207 1.04195 2327 2470 2472 2476 2487 2488 2489 2491 2493 2504 2505 2507 2509 2511 2517 2520
89 -4.05654 0.377517 5.25194 0 0 -0.0549437 0.998489 0.800698 844 850 866 867 868 869 870 938 943 944 945 946 947 949 950 2417 2429 2430 2431 2432 2433 2434 2435 2436 2454 2456 2457 2458 2524 2525 2526 2527 2528 2529 2530 2531 2532 2533 2534 2535 2536 2537 2538 2539 2540 2541 2542 2543 2545 2546 2547 2548 2549 2550 2551 2552 2553 2554 2555 2556 2559 2561
90 -3.04991 2.37487 4.21431 0 0 -0.343126 0.93929 1.25014 2451 2452 2453 2455 2512 2515 2516 2565 2566 2569 2571
91 -4.18184 1.87421 5.11999 0 0 -0.0506305 0.998717 0.710046 2436 2451 2454 2455 2456 2457 2458 2515 2516 2522 2534 2536 2537 2538 2539 2542 2543 2545 2546 2547 2548 2549 2550 2551 2552 2553 2554 2555 2556 2557 2558 2559 2560 2561 2562 2563 2564 2565 2566 2567 2568 2569 2570 2571 2572 2573 2574 2575 2576 2577 2578 2579 2580 2581 2582 2583 2584 2585 2586 2588
92 -2.79979 5.25234 3.36767 0 0 -0.60456 0.796559 0.553548 2507 2510 2511 2517 2518 2519 2520 2521 2523
93 -4.50378 3.30791 4.61778 0 0 -0.0291137 0.999576 0.412347 2515 2516 2522 2563 2565 2566 2567 2568 2569 2570 2571 2572 2575 2576 2577 2578 2579 2580 2581 2582 2583 2584 2585 2586 2587 2588 2589 2590 2591 2592 2593 2594 2595 2596 2597 2598
94 -18.1502 2.96384 7.31052 0 0 0.984308 0.176459 1.49508 0 2 2599 2600 2601 2602 2604 2605 2606 2607 2608 2609 2610 2611 2612 2613 2614 2615 2616 2617 2618 2619 2626 2628 2629 2632 2633 2634 2635 2691 2693 2695 2699 2702 2703 2704 2714 2715 2716
95 -18.1298 5.25029 7.28207 0 0 0.926175 -0.377094 1.38565 1 2 4 5 6 7 8 9 10 1226 1228 1331 1332 1334 1335 1336 1337 1338 1339 1340 1341 1342 1343 1345 1346 1347 1348 1349 2600 2602 2603 2604 2606 2607 2608 2610 2613 2615 2616 2617 2619 2620 2629 2631 2632 2633 2634 2635 2641 2690 2691 2692 2693 2694 2695 2696 2697 2698 2699 2700 2701 2702 2703 2704 2705 2706 2707 2709 2710 2711 2714 2715 2716
96 -18.8191 7.28001 7.20632 0 0 -0.674632 0.738155 1.23769 7 8 9 10 1343 1344 1358 1359 1360 1361 1363 1366 1367 2697 2698 2699 2700 2705 2706 2707 2708 2709 2710 2711 2712 2713 2718 2719 2720 2721 2726
97 -15.7075 0.916852 7.2933 0 0 0.712695 0.701475 1.41913 1237 1238 1239 1240 1241 1245 1250 1251 1252 1253 1276 1277 1278 1279 1294 1296 1298 1400 1401 1403 1479 1481 1483 1485 1487 1489 1491 2624 2644 2645 2646 2647 2648 2649 2650 2651 2653 2655 2656 2657 2658 2659 2661 2676 2677 2678 2679 2680 2682 2684 2685 2686 2687 2688 2729 2730
98 -16.6194 3.18132 7.31104 0 0 0.999985 -0.00549305 1.49858 1218 1219 1220 1224 1227 1228 1229 1230 1231 1232 1233 1234 1235 1236 1245 1246 1247 1248 1249 1258 1259 1260 1261 1262 1263 1264 1265 1359 1363 1364 1365 1366 1369 2613 2619 2620 2621 2622 2623 2624 2625 2626 2627 2628 2629 2630 2631 2632 2633 2634 2635 2636 2637 2638 2639 2640 2641 2642 2643 2650 2651 2652 2653 2654 2663 2664 2665 2666 2667 2668 2669 2670 2703 2704 2714 2715 2716 2717 2722 2723 2724 2725 2727
99 -16.612 5.30153 7.27228 0 0 0.920859 -0.389897 1.36071 1219 1226 1228 1234 1236 1263 1265 1270 1271 1273 1275 1310 1345 1346 1347 1348 1349 1350 1351 1352 1353 1354 1355 1356 1357 1358 1359 1360 1361 1362 1363 1364 1365 1366 1367 1368 1369 1370 1371 1372 1373 1375 2620 2625 2631 2632 2633 2634 2635 2636 2637 2638 2639 2640 2641 2642 2643 2651 2652 2663 2664 2665 2666 2667 2668 2669 2670 2672 2675 2696 2697 2698 2699 2700 2701 2702 2703 2704 2705 2706 2707 2708 2711 2712 2713 2714 2715 2716 2717 2718 2719 2720 2721 2722 2723 2724 2725 2726 2727
100 -15.1036 3.717 7.28271 0 0 0.935556 -0.353178 1.38738 1222 1226 1248 1249 1254 1255 1256 1257 1260 1261 1264 1265 1266 1267 1268 1269 1270 1271 1272 1273 1274 1275 1280 1281 1283 1285 1290 1292 1293 1294 1296 1297 1298 1300 1301 1302 1303 1304 1305 1306 1307 1308 1309 1310 1311 1312 1315 1316 1317 1318 1319 1362 1363 1364 1365 1369 1370 1371 1373 1374 1375 1479 1485 2625 2631 2632 2634 2636 2637 2638 2639 2640 2641 2642 2643 2644 2645 2647 2650 2651 2652 2653 2654 2655 2656 2657 2658 2659 2660 2661 2662 2663 2664 2665 2666 2667 2668 2669 2670 2671 2672 2673 2674 2675 2676 2677 2678 2679 2680 2681 2682 2683 2684 2685 2686 2687 2688 2689 2724 2727
101 -15.1011 5.26909 7.27545 0 0 0.927631 -0.373497 1.36845 1265 1269 1270 1271 1273 1274 1275 1280 1283 1285 1294 1300 1302 1304 1306 1308 1309 1310 1312 1313 1314 1316 1318 1320 1322 1324 1325 1326 1328 1329 1330 1349 1352 1356 1357 1358 1359 1360 1362 1363 1364 1365 1366 1367 1368 1369 1370 1371 1372 1373 1374 1375 1376 1377 1378 1379 1380 1381 1382 1383 1384 1385 1386 1387 1388 1389 1390 1391 1392 1393 1394 1395 1396 1397 1511 1517 1519 1522 1853 2668 2669 2670 2672 2673 2674 2675 2681 2683 2689 2719 2720 2721 2723 2724 2725 2726 2727
102 -13.6333 1.65593 7.31198 0 0 0.999872 0.0160286 1.50541 1238 1239 1240 1241 1243 1244 1278 1279 1283 1290 1292 1294 1296 1298 1304 1306 1316 1318 1320 1322 1398 1399 1400 1401 1403 1404 1407 1409 1410 1411 1412 1413 1414 1415 1416 1417 1418 1419 1420 1421 1422 1423 1424 1425 1477 1478 1479 1480 1481 1482 1483 1484 1485 1487 1488 1489 1491 1492 1493 1494 1495 1496 1497 1498 1499 1500 1501 1503 1504 1505 1507 1509 1511 1513 1515 1525 1527 1529 1530 1534 2645 2646 2647 2648 2649 2678 2679 2682 2683 2684 2685 2686 2687 2688 2728 2729 2730 2731
103 -13.6162 3.72644 7.28327 0 0 0.932195 -0.361955 1.38891 1261 1264 1269 1270 1271 1273 1275 1285 1290 1292 1293 1294 1295 1296 1297 1298 1300 1302 1304 1306 1308 1310 1312 1313 1314 1315 1316 1317 1318 1319 1320 1321 1322 1323 1324 1325 1326 1327 1328 1329 1330 1375 1383 1385 1386 1387 1389 1391 1392 1394 1395 1396 1397 1409 1410 1413 1419 1421 1423 1425 1454 1477 1478 1479 1481 1482 1483 1484 1485 1486 1487 1488 1489 1490 1491 1493 1495 1497 1499 1500 1501 1502 1503 1504 1505 1506 1507 1508 1509 1510 1511 1512 1513 1514 1515 1516 1517 1518 1519 1520 1521 1522 1523 1524 1525 1526 1527 1528 1529 1530 1534 1540 1542 1544 1546 1550 1551 1552 1553 1555 1556 1576 1584 1853 2669 2672 2673 2674 2675 2681 2682 2683 2685 2686 2687 2688 2689 2728 2730 2731
104 -4.58763 0.167147 5.90184 0 0 0.00160077 0.999999 0.297144 942 948 950 1147 1148 1149 1150 1151 1152 1157 1158 1160 1161 1162 1163 1164 1166 1171 1174 2531 2533 2541 2543 2552 2554 2562 2564 2732 2733 2734 2735 2736 2737 2738 2739 2740 2741 2742 2743 2744 2745 2746 2747 2748 2749 2750 2751 2752 2753 2755 2757 2758 2759 2761 2763 2764 2765 2766 2767 2768 2769 2770 2771 2773 2774 2775 2776 2779 2780 2781 2782 2783 2784 2785 2787
105 -4.57706 1.66473 5.93528 0 0 0.0021208 0.999998 0.314678 2541 2543 2552 2554 2562 2564 2576 2578 2585 2587 2596 2736 2737 2738 2739 2748 2749 2750 2751 2757 2758 2763 2764 2765 2766 2767 2768 2769 2770 2771 2772 2773 2774 2775 2776 2777 2778 2779 2780 2781 2782 2783 2784 2785 2787 2789 2791 2833 2834 2835 2836 2837 2838 2839 2840 2841 2842 2843 2844 2845 2846 2847 2848 2849 2850 2851 2853 2855 2856 2857 2861 2862 2866 2867 2872
106 -2.70782 0.175886 6.6013 0 0 -0.000291072 1 0.697785 2743 2745 2749 2751 2752 2753 2754 2755 2756 2757 2758 2759 2760 2761 2762 2774 2783 2785 2786 3038 4080
107 -2.0053 0.18255 8.63588 0 0 -0.00304129 0.999995 1.14283 1170 1173 1174 1175 1197 1201 1202 1203 1205 1206 1207 1209 1211 1212 1213 1214 1215 2753 2754 2755 2756 2759 2760 2761 2762 2785 2786 2787 2788 2790 2792 2793 2794 2795 2796 2797 2798 2799 2800 2801 2802 2803 2804 2805 2806 2807 2808 2809 2810 2811 2812 2813 2814 2815 2816 2817 2818 2819 2820 2823 2824 2825 2826 2827 2828 2829 2830 2831 2832 3978 3979 3980 3981 3982 3983 3984 4028 5416 5417 5418 5419 5420 5421 5422 5423 5428 5433 5434 5435 5436 5437 5438 5439 5440 5441 5457 5495 5502
108 -2.69521 1.68413 6.61617 0 0 -0.00237912 0.999997 0.707529 2776 2780 2782 2784 2787 2788 2789 2790 2791 2792 2842 2844 2849 2850 2851 2852 2853 2854 3032 3040 4051 4061 4072
109 -2.00364 1.68795 8.63662 0 0 -0.00514817 0.999987 1.14373 2760 2762 2785 2786 2787 2788 2789 2790 2791 2792 2799 2800 2803 2804 2809 2810 2811 2812 2813 2814 2815 2816 2817 2818 2819 2820 2821 2822 2823 2824 2825 2826 2827 2828 2829 2830 2831 2832 2851 2852 2853 2854 2857 2858 2860 2871 2873 2874 2875 2876 2877 2878 2879 2880 2883 2884 2885 2886 2887 2888 2889 2890 2891 2892 2893 2896 2898 2900 5419 5420 5421 5422 5423 5433 5434 5435 5436 5437 5438 5439 5440 5442 5447 5448 5493 5494 5495 5496 5497 5498 5499 5500 5501 5502 5513 5515 5516 5545
110 -4.57044 3.18204 5.95528 0 0 -0.00155399 0.999999 0.325215 2564 2576 2578 2585 2587 2596 2598 2769 2770 2781 2782 2833 2834 2835 2836 2837 2838 2839 2840 2841 2842 2843 2844 2845 2846 2847 2848 2849 2850 2853 2855 2856 2857 2859 2861 2862 2863 2864 2865 2866 2867 2868 2869 2870 2872
111 -2.69221 3.18925 6.61963 0 0 -0.00368047 0.999993 0.709807 2846 2848 2855 2856 2857 2858 2859 2860 2867 2869 2870 2871 2872 4059 4080 4098
112 -1.99454 3.19603 8.64068 0 0 -0.00835126 0.999965 1.14866 2792 2820 2824 2830 2832 2852 2853 2854 2857 2858 2859 2860 2870 2871 2872 2873 2874 2877 2878 2879 2880 2881 2882 2883 2884 2885 2886 2887 2888 2889 2890 2891 2892 2893 2894 2895 2896 2897 2898 2899 2900 2901 5437 5438 5439 5440 5493 5494 5495 5496 5497 5498 5499 5500 5507 5508 5513 5514 5515 5516 5517 5529
113 4.45207 -8.32344 4.32511 0 0 0.976885 0.213763 0.257254 2902 2903 2905 2906 2907 2908 2909 2910 2912 2913 2914 2915 2916 2917 2918 2919 2924 2925 2926 2937 2938 2939 2940 2941 2942 2943 2944 2945 2947 2949 2950 2952 2953 2954 2955 2956 2957 2960 2975 2977
114 4.13958 -6.73488 4.99753 0 0 0.974229 0.225559 0.63185 2906 2907 2908 2911 2912 2915 2916 2917 2918 2919 2926 2927 2932 2934 2936 2937 2938 2939 2940 2941 2942 2943 2944 2945 2946 2947 2949 2950 2952 2953 2954 2955 2956 2957 2958 2959 2960 2961 2962 2976 3059 3060 3062 3063 3068 3069
115 3.27178 -4.06231 5.73338 0 0 0.991607 -0.129288 1.28192 2903 2905 2922 2929 2951 2953 2963 2964 2967 2968 2969 2972 2973 2976 2978 2979 2980 2981 2982 2983 2984 2985 2986 2987 2988 2989 2990 2991 2992 2993 2994 2995 2996 2997 2998 2999 3002 3004 3042 3046 3047 3048 3051 3060 3061 3062 3063 3064 3065 3066 3067 3080 3081 3082 3083 3086 3101 3102 3103 3107 3950
116 3.61904 -2.58829 5.60052 0 0 0.996164 -0.087503 1.10204 2969 2972 2991 2992 2994 2996 2997 2998 2999 3000 3001 3002 3003 3004 3005 3006 3007 3008 3009 3010 3011 3012 3013 3014 3015 3016 3017 3018 3019 3020 3021 3023 3024 3025 3027 3047 3080 3082 3102 3104 3105 3106 3107 3108 3109 3110 3175 3176 3177 3180 3191 3192 3193 3194 3195 3196 3197 3208 3225
117 3.88095 -1.11377 5.44651 0 0 0.997843 -0.0656465 0.952953 3012 3015 3016 3017 3018 3020 3021 3025 3026 3027 3028 3029 3030 3031 3032 3033 3034 3035 3036 3037 3038 3039 3040 3175 3177 3180 3181 3192 3195 3196 3197 3198 3212 3225 3226 3227 3228 3229 3230 3231 3232 4042 4043 4045 4046 4047 4048 4049 4050 4125 4144 4145
118 5.42482 -7.64931 3.82372 0 0 0.913664 0.406469 0.00373094 2925 2926 2927 2931 2934 2936 2937 2938 2939 2940 2941 2943 2944 2945 2947 2949 2950 2952 2953 2954 2955 2956 2957 2958 2959 2960 2961 2962 2965 2975 2977 3041 3043 3044 3046 3049 3052 3053 3056 3058 3059 3060 3061 3062 3063 3068 3069 3070 3071 3072 3073 3074 3075 3078 3090 3120 3121 3122 3123 3124 3125 3126 3127 3128 3129 3130 3132 3133 3134 3135 3136 3137 3140 3146 3147 3155 3161 3165 3857 3868 3869 3870 3871 3914 3917 3919 3920 3921 3923 3925 3926 3927 3928 3937 3938 3939 3940 3941 3942 3949 3950 3951
119 4.49174 -5.54289 5.57389 0 0 0.867288 0.497806 1.07338 2973 3063 3064 3065 3066 3067 3068 3069 3072 3073 3074 3075 3076 3077 3078 3079 3089 3095 3103 3111 3113 3114 3123 3124 3126 3128 3130 3131 3132 3133 3134 3135 3136 3137 3139 3141 3142 3144 3149 3153 3154 3155 3156 3159 3165 3166 3167 3168 3169 3170 3171 3247 3254 3402 3407 3510
120 3.91238 -6.06797 5.58493 0 0 0.0876702 0.99615 1.08508 3314 3316 3317 3318 3319 3320 3321 3324 3325 3326 3327 3328 3329 3330 3333 3334 3335 3336 3338 3339 3341 3343 3344 3346 3348 3350 3352 3356 3358 3360 3361 3364 3365 3366 3367 3370 3371 3372 3373 3385 3386 3387 3388 3389 3390 3391 3392 3393 3394 3397 3398 3399 3400 3401 3402 3403 3408 3409 3411 3413 3446 3447 3448 3449 3451 3459 3460 3461 3462 3463 3464 3472 3473 3486 3487
121 6.61691 -6.37844 3.97118 0 0 0.879066 0.476699 0.077542 3056 3078 3120 3121 3122 3125 3126 3127 3128 3129 3130 3132 3133 3134 3135 3136 3137 3146 3148 3161 3162 3163 3165 3167 3271 3278 3404 3419 3420 3421 3422 3423 3424 3425 3426 3434 3435 3436 3437 3439 3440 3442 3444 3445 3459 3462 3493 3495 3498 3499 3531 3938 3943 3944 3945 3947 3949 3950 3951 3952 4006
122 3.25369 -2.18728 5.78143 0 0 -0.426188 0.904635 1.38392 3055 3057 3080 3082 3087 3089 3094 3097 3106 3109 3110 3112 3114 3115 3116 3117 3118 3119 3121 3140 3142 3144 3149 3152 3157 3158 3159 3160 3170 3175 3177 3178 3183 3184 3186 3187 3189 3190 3193 3199 3200 3201 3202 3205 3246 3250 3251 3258 3260 3262 3263 3264 3265 3266 3267 3268 3269 3270 3272 3273 3274 3275 3276 3277 3278 3279 3290 3291 3292 3305 3513 3527 3549
123 2.971 -0.85439 4.25763 0 0 -0.260388 0.965504 1.32807 3223 3235 3238 3239 3242 3243 3250 3286 3301
124 3.47274 -0.56027 5.78196 0 0 -0.559804 0.828625 1.38534 3007 3022 3023 3024 3175 3177 3180 3182 3189 3190 3194 3196 3197 3198 3203 3204 3205 3206 3212 3214 3215 3222 3223 3224 3225 3226 3227 3228 3229 3230 3232 3234 3235 3236 3237 3238 3239 3240 3241 3242 3243 3246 3250 3251 3253 3260 3261 3267 3268 3270 3277 3284 3285 3287 3292 3297 3298 3299 3300 3301 3302 3303 3304 3305 3306 3307 3308 3309 3310 3311 3312 3313 3515 3550 3553 3565 3566 3567 3568 3569 4187 4189 4200 4208 4213 4215 4216 4315
125 3.29903 -2.37421 3.54713 0 0 -0.111678 0.993744 0.662939 3150 3247 3248 3254 3255 3257 3258 3260
126 4.73173 -2.64255 5.81249 0 0 -0.160019 0.987114 1.50946 3141 3147 3149 3150 3161 3168 3171 3172 3254 3274 3386 3392 3397 3401 3405 3421 3425 3426 3429 3430 3431 3432 3433 3435 3437 3438 3441 3442 3443 3510 3511 3513 3516 3517 3526 3527 3528 3529 3530 3532 3533 3534 3535 3536 3539 3540 3541 3542 3545 3546 3547 3548 3550 3565 3567 3573 3604 3605 3611 3613 3652 3654
127 4.78095 -0.895708 4.30592 0 0 -0.347686 0.937611 1.4691 3291 3292 3549 3550 3551 3552 3553 3555 3556 3558 3561 3562 3566 3568 3571
128 4.72722 -0.707844 5.78112 0 0 -0.40782 0.913062 1.38306 3248 3251 3253 3260 3261 3270 3276 3277 3278 3279 3280 3282 3283 3292 3295 3299 3305 3306 3307 3308 3311 3511 3514 3515 3517 3530 3531 3532 3534 3544 3546 3550 3552 3553 3555 3556 3558 3560 3563 3564 3565 3566 3567 3568 3569 3570 3571 3572 3573 3574 3575 3576 3577 3578 3579 3580 3581 3644 3645 3653 3659 3660 3662 3663 3673 4317 4318 4324 4326 4327 4380 4394
129 6.78033 -5.37101 5.14087 0 0 -0.707074 0.707139 0.723893 130 8.54305 -5.99864 3.82295 0 0 0.998799 0.0490036 0.853137 3343 3344 3363 3366 3367 3373 3374 3376 3379 3380 3382 3383 3384 3450 3453 3683
131 6.87498 -6.62008 5.78634 0 0 0.747673 0.664067 1.39763 3316 3317 3318 3324 3325 3326 3327 3328 3333 3335 3336 3337 3338 3339 3340 3342 3343 3345 3346 3347 3348 3349 3350 3351 3352 3355 3356 3357 3358 3359 3360 3361 3362 3363 3364 3365 3366 3367 3370 3371 3372 3373 3374 3375 3376 3377 3378 3379 3380 3381 3382 3383 3384 3387 3392 3393 3394 3397 3446 3447 3451 3453 3454 3457 3459 3460 3461 3468 3469 3681 3683 3684 3685 3686 3689
132 8.60124 -4.10913 3.76605 0 0 0.998255 -0.0590452 0.810887 3454 3457 3458 3478 3479 3480 3483 3684 3687 3688 3689 3690 3691 3694 3695 3696
133 8.61192 -4.30658 5.26796 0 0 0.999987 -0.00510334 0.812269 3325 3328 3348 3356 3360 3371 3372 3373 3374 3419 3434 3444 3445 3450 3451 3452 3453 3454 3455 3456 3457 3458 3459 3460 3461 3462 3464 3465 3466 3467 3468 3469 3470 3471 3476 3477 3478 3479 3480 3481 3482 3483 3484 3485 3488 3489 3491 3493 3496 3498 3499 3500 3501 3502 3503 3504 3505 3506 3507 3508 3595
134 10.4464 -6.04362 3.33504 0 0 0.998738 0.0502147 0.53448 3332 3342 3375 3376 3377 3378 3381 3382 3681 3682 3685 3686 3687 3688
135 10.4518 -4.14661 3.33198 0 0 0.999158 -0.041038 0.5327 3381 3382 3593 3681 3682 3685 3686 3687 3688 3691 3692 3693 3696 3697 3698
136 9.04498 -2.52558 3.12674 0 0 0.997837 -0.0657419 0.417245 3414 3415 3417 3485 3518 3519 3521 3582 3586 3587 3589 3591 3593 3594 3595 3597 3599 3600 3601 3634 3638 3691 3696 3697 3698 3699 3700
137 8.43226 -3.67478 5.24297 0 0 0.971926 0.235288 0.794276 3419 3426 3432 3434 3435 3442 3443 3444 3445 3477 3481 3482 3489 3490 3491 3492 3493 3496 3498 3499 3500 3501 3502 3503 3504 3505 3506 3507 3508 3509 3539 3541 3542 3594 3595 3596 3606 3607 3608 3609 3612 3615 3617 3619 3621 3622 3623 3624 3625 3630 3632 3633 3668 3669 3670 3701 3703 3704 3705 3709 3711 3712 3713
138 6.9685 -0.632823 5.79906 0 0 -0.794355 0.607454 1.43956 3544 3555 3561 3562 3563 3564 3567 3573 3574 3576 3577 3578 3579 3580 3581 3626 3627 3628 3629 3631 3633 3653 3656 3657 3658 3659 3660 3661 3662 3663 3665 3667 3668 3669 3670 3671 3673 3674 3675 3678 3679 3680 3710 3712 3713 3714 3726 3727 3728 3729 3730 3733 3734 3736 3738 3741 3744 3749 3751 3753 4326 4394
139 8.30469 -3.50386 5.80376 0 0 0.719588 0.694401 1.45895 3477 3479 3480 3481 3482 3483 3484 3485 3507 3593 3619 3628 3629 3632 3691 3693 3695 3696 3697 3698 3699 3700 3701 3704 3705 3711 3713 3719 3721
140 7.73134 -0.904739 5.8023 0 0 -0.320974 0.947088 1.45258 3628 3629 3666 3706 3710 3712 3713 3714 3719 3720 3721 3722 3723 3725 3726 3727 3729 3730 3734 3738 3740 3741 3743 3744 3745 3746 3747 3748 3749 3750 3751 3752 3753 3754 3755 3756 3757 3759 3761 3762 3765 3766 3768 3774 3775 3776 3777 3790 3791 4550 4553 4556 4603 4604 4605 4607
141 10.1303 -2.4158 5.69366 0 0 0.807907 0.589309 1.21885 3760 3766 3767 3774 3780 3781 3782 3783 3784 3785 3792 3794 3795 3796 3797 3802 3804 3805 3807 3810 3811 3812 3813 4785 4836
142 12.2659 -3.43199 4.52563 0 0 0.843705 0.536808 0.362581 3780 3784 3785 3794 3795 3796 3797 3798 3799 3800 3801 3802 3803 3804 3805 3807 3808 3809 3810 3811 3812 3813 3814 3815 3816 3817 3818 4796 4835 4837 4838 4841 4842 4853 4854 4855 4856 4857 4858 4859 4860 5006 5007 5008 5009 5012 5013 5014 5015
143 2.87328 -7.25864 6.46379 0 0 0.999873 -0.015913 0.611099 568 569 571 589 590 591 592 595 596 952 953 955 956 966 968 970 1020 1022 3846 3848 3851 3853 3855
144 4.65876 -7.31729 5.86774 0 0 0.999999 -0.00167753 0.27936 2909 2919 2941 2943 2947 3843 3844 3845 3846 3847 3848 3849 3850 3851 3853 3855 3856 3857 3858 3859 3860 3861 3862 3864 3865 3868 3869 3870 3872 3874 3876 3877 3879
145 2.83421 -5.81123 6.51899 0 0 0.999994 -0.00341759 0.645209 591 595 597 887 909 911 3859 3861 3865 3867 3872 3873 3874 3875 3876 3877 3878 3879 3880 3916 3929 3930
146 2.03894 -5.80942 8.64809 0 0 0.99998 -0.00629725 1.15779 997 998 999 1000 1007 1008 1011 1012 1013 1014 1015 1016 1017 1018 1087 1088 1089 1090 1091 1092 1093 1094 1107 3819 3820 3821 3822 3823 3824 3825 3826 3827 3828 3829 3830 3831 3832 3833 3834 3835 3836 3837 3838 3839 3840 3841 3842 3852 3853 3854 3872 3873 3874 3875 3877 3878 3879 3880 3881 3882 3883 3884 3885 3886 3887 3888 3889 3890 3891 3892 3893 3894 3895 3896 3929 3930 3931 3932 3934 3936
147 2.74622 -4.3295 6.6278 0 0 0.999999 0.00107435 0.715208 571 592 598 886 906 910 912 924 930 942 3918 3922 3924 3931 3932 3933 3934 3935 3936 3940 3942 3953 3954 3955 3956
148 2.08009 -4.31338 8.62952 0 0 0.99999 -0.00457524 1.13524 1012 1014 1015 1016 1017 1018 1078 1083 1084 1087 1088 1089 1090 1091 1092 1093 1094 1097 1098 1107 1108 1109 1110 1111 1112 1113 1114 1184 1188 1189 1190 3831 3832 3833 3834 3839 3840 3841 3842 3878 3880 3881 3882 3883 3884 3885 3886 3887 3888 3889 3890 3891 3892 3893 3894 3895 3896 3897 3898 3899 3900 3901 3902 3903 3904 3905 3906 3907 3908 3909 3910 3911 3912 3929 3930 3931 3932 3933 3934 3935 3936 3953 3954 3955 3956 3957 3958 3960 3961 3963 3969 3971 4011
149 4.66316 -5.82086 5.8522 0 0 1 -0.000926638 0.271285 2919 2941 2943 2947 2949 2975 2977 2981 2983 3843 3844 3845 3846 3847 3848 3849 3850 3851 3853 3855 3856 3857 3858 3859 3860 3861 3862 3863 3864 3865 3866 3867 3868 3869 3870 3871 3872 3874 3876 3877 3879 3913 3914 3915 3916 3917 3918 3919 3920 3921 3922 3923 3924 3925 3926 3927 3928 3929 3931 3933 3935 3953
150 4.61794 -4.33261 5.99405 0 0 0.999999 0.00156896 0.345744 2942 2946 2947 2948 2949 2974 2975 2976 2977 2980 2981 2982 2983 2992 2993 2994 2995 2998 2999 3000 3001 3010 3011 3012 3863 3864 3865 3866 3867 3870 3871 3877 3879 3913 3914 3915 3916 3917 3918 3919 3920 3921 3922 3923 3924 3925 3926 3927 3928 3929 3931 3933 3935 3937 3938 3939 3940 3941 3942 3943 3944 3945 3946 3947 3948 3949 3950 3951 3952 3953 3955 3957 3959 3994 3995 3996 3997 4006 4010
151 2.74994 -2.81421 6.62347 0 0 0.999996 -0.00280926 0.712344 596 598 886 894 904 906 910 912 922 924 930 940 942 2531 2533 2541 3946 3948 3957 3958 3959 3960 3997 3999 4003 4010 4011 4012 4013 4014 4015
152 2.07103 -2.80741 8.63368 0 0 0.999976 -0.0069204 1.14019 1091 1092 1093 1094 1103 1104 1107 1108 1109 1110 1111 1112 1113 1114 1178 1179 1184 1188 1189 1190 1191 1192 1193 1194 1195 1205 1208 1209 1210 1211 1212 3886 3888 3894 3896 3897 3898 3899 3900 3901 3902 3903 3904 3905 3906 3907 3908 3909 3910 3911 3912 3936 3954 3956 3957 3958 3959 3960 3961 3962 3963 3964 3965 3966 3967 3968 3969 3970 3971 3972 3973 3974 3975 3976 3977 3978 3979 3980 3985 3986 3987 3988 4010 4011 4012 4013 4014 4015 4016 4017 4034 4035
153 2.72496 -1.30269 6.65174 0 0 0.999983 -0.00580558 0.731174 911 912 921 922 923 924 928 1123 2531 2533 2538 2540 2541 2542 2543 2544 2549 2550 2551 2552 2553 2554 2559 2560 2561 2562 2563 2564 4005 4016 4017 4021 4023 4027 4029 4034 4035 4036 4037
154 2.08277 -1.315 8.62828 0 0 0.999992 -0.00394353 1.13377 1112 1114 1185 1188 1189 1190 1191 1192 1193 1194 1195 1198 1199 1204 1205 1208 1209 1210 1211 1212 1213 1214 1215 2805 2806 2807 2808 2809 2810 2811 2815 3961 3962 3963 3964 3965 3966 3967 3968 3969 3970 3971 3972 3973 3974 3975 3976 3977 3978 3979 3980 3981 3982 3983 3984 3985 3986 3987 3988 3989 3990 3991 3992 3993 4011 4013 4014 4015 4016 4017 4034 4035 4036 4037 5416 5417 5418 5419 5420 5422 5424 5425 5426 5427 5429 5431 5469 5470 5471
155 4.5413 -2.8187 6.17764 0 0 0.999999 -0.00145412 0.445259 2980 2982 2983 2992 2993 2994 2995 2998 2999 3000 3001 3010 3011 3012 3013 3018 3019 3020 3021 3029 3030 3031 3032 3037 3919 3920 3923 3924 3928 3935 3937 3938 3939 3940 3941 3942 3943 3944 3945 3946 3947 3948 3949 3950 3951 3952 3953 3955 3957 3959 3994 3995 3996 3997 3998 3999 4000 4001 4002 4003 4004 4005 4006 4007 4008 4009 4010 4012 4014 4016 4018 4019 4020 4021 4022 4023 4030 4031 4034 4035
156 4.54061 -1.33287 6.17908 0 0 0.999999 0.00168201 0.446059 3000 3010 3011 3012 3013 3018 3019 3020 3021 3029 3030 3031 3032 3037 3038 3039 3040 3994 3995 3996 3997 3998 3999 4000 4001 4002 4003 4004 4005 4006 4007 4008 4009 4010 4012 4014 4016 4018 4019 4020 4021 4022 4023 4024 4025 4026 4027 4028 4029 4030 4031 4032 4033 4034 4035 4036 4037 4048 4049 4050 4051 4058 4059 4060 5453 5454 5455 5456 5457 5458 5459 5460 5461 5462 5465 5466 5467 5469 5470 5471
157 4.07959 0.353542 5.28993 0 0 0.998773 -0.0495129 0.828378 3026 3033 3034 3035 3036 3037 3039 3040 3208 3213 3230 3231 3232 3233 4042 4043 4044 4045 4046 4047 4048 4049 4050 4051 4052 4053 4054 4055 4056 4057 4058 4059 4060 4061 4066 4067 4068 4069 4070 4071 4072 4073 4074 4075 4077 4079 4125 4144 4145 4146 4147 4148 4149 4150 4151 4163 4183 4184 4185
158 4.21545 1.89665 5.14834 0 0 0.99837 -0.0570652 0.728889 4052 4053 4054 4056 4057 4060 4061 4066 4067 4068 4069 4070 4071 4072 4073 4074 4075 4076 4077 4078 4079 4080 4081 4082 4083 4084 4086 4088 4093 4094 4095 4096 4097 4098 4099 4100 4101 4102 4103 4104 4105 4106 4107 4108 4109 4111 4112 4116 4149 4160 4161 4163 4164 4183 4184 4185 4251 4252 4256
159 4.5659 3.31547 4.61422 0 0 0.999527 -0.0307474 0.410406 4076 4081 4083 4084 4086 4087 4088 4091 4092 4093 4094 4095 4096 4097 4098 4099 4100 4101 4102 4103 4104 4105 4106 4107 4108 4109 4110 4112 4113 4114 4115 4116 4117 4118 4119 4120 4121 4122 4123 4124 4251 4252 4256
160 3.03664 0.649398 4.27023 0 0 -0.280182 0.959947 1.35584 3221 4140 4142 4143 4155 4156 4157 4173 4190 4194 4195 4197 4210 4221 4222 4225
161 3.62075 0.975857 5.78339 0 0 -0.634205 0.773165 1.38925 3207 3208 3213 3215 3222 3223 3224 3231 3232 3233 3241 3243 3284 3285 3286 3287 3302 3304 3310 4046 4054 4056 4125 4126 4127 4128 4135 4136 4140 4141 4142 4143 4144 4145 4146 4147 4148 4149 4150 4151 4152 4153 4154 4155 4156 4157 4161 4167 4169 4170 4171 4173 4187 4189 4192 4193 4194 4195 4197 4200 4204 4205 4206 4207 4208 4209 4210 4211 4212 4213 4214 4215 4216 4217 4218 4219 4220 4221 4222 4224 4225 4226 4234 4235 4236 4239 4240 4250 4302 4303 4305 4315 4316 4319 4320 4321 4322 4323 4334 4335 4364
162 3.07509 1.96818 4.29236 0 0 -0.195834 0.980637 1.41607 4167 4168 4169 4170 4174 4176 4178 4179 4181 4182 4221 4223 4228 4229 4230 4232 4242 4260 4261 4264 4268 4269 4271 4272 4276 4285
163 3.64575 2.49127 5.7814 0 0 -0.646981 0.762506 1.38382 4068 4070 4077 4078 4083 4084 4095 4138 4139 4140 4141 4143 4149 4158 4160 4161 4162 4163 4164 4165 4166 4167 4168 4169 4171 4172 4173 4174 4176 4177 4178 4179 4180 4181 4182 4183 4184 4185 4192 4194 4222 4223 4225 4226 4228 4229 4230 4231 4232 4234 4235 4236 4238 4239 4240 4242 4243 4244 4245 4246 4247 4248 4249 4251 4252 4253 4258 4259 4260 4261 4264 4267 4268 4269 4270 4271 4272 4274 4276 4278 4280 4284 4285 4286 4287 4288 4289 4291 4293 4295 4332 4334 4338 4340 4342 4344 4348 4358 4360 4366 4454 4456 4458 4460 4463 4464 4467
164 4.67546 0.77283 4.27687 0 0 -0.380015 0.92498 1.372 4199 4219 4298 4299 4302 4303 4305 4314 4316 4320 4321 4322 4323 4329 4348 4365
165 4.75523 0.813427 5.78151 0 0 -0.427086 0.904211 1.38414 3283 3284 3285 3286 3287 3304 3308 3310 3311 3312 3313 3555 3564 3569 3570 3572 4187 4188 4195 4201 4204 4205 4207 4208 4209 4211 4213 4214 4215 4216 4217 4219 4220 4298 4300 4301 4302 4303 4305 4306 4310 4312 4313 4314 4315 4316 4317 4318 4319 4320 4321 4322 4323 4324 4325 4327 4328 4329 4330 4331 4332 4335 4347 4350 4352 4358 4364 4365 4366 4367 4368 4369 4370 4371 4372 4375 4395 4398 4399 4400 4401 4402 4410 4435 4436 4437 4438 4439 4443
166 4.82738 2.30999 4.28975 0 0 -0.457874 0.889017 1.40782 4247 4248 4249 4286 4338 4339 4340 4342 4343 4344 4360 4453 4454 4457 4458 4459 4460 4473 4474 4476 4478
167 4.82124 2.43108 5.76969 0 0 -0.490394 0.871501 1.35458 4169 4217 4218 4219 4220 4223 4225 4226 4229 4230 4231 4232 4234 4235 4236 4238 4239 4240 4243 4244 4245 4246 4247 4248 4249 4250 4284 4286 4287 4303 4305 4321 4323 4333 4334 4336 4337 4338 4339 4340 4341 4342 4343 4344 4347 4358 4359 4360 4363 4364 4365 4366 4367 4368 4370 4371 4372 4436 4439 4440 4441 4442 4448 4449 4451 4453 4454 4455 4456 4457 4458 4459 4460 4466 4467 4473 4474 4475 4476 4477 4478 4479 4480 4485 4486 4488 4489 4490 4491 4499 4501 4505 4507 4509 4511 4513 4516 4527 4528 4571
168 3.59674 4.53653 4.09295 0 0 -0.658129 0.752905 1.09373 4255 4262 4263 4264 4265 4272 4273 4274 4275 4277 4279 4290 4292 4294 4462
169 5.87131 4.26308 4.1568 0 0 -0.859384 0.511331 1.16877 4292 4462 4465 4468 4485 4487 4488 4490 4491 4492 4493 4494 4495 4496 4497
170 4.84356 4.14791 5.72065 0 0 -0.543324 0.839523 1.26034 4231 4232 4235 4243 4244 4245 4247 4249 4260 4261 4265 4268 4270 4271 4274 4275 4276 4277 4278 4279 4284 4285 4287 4288 4289 4290 4292 4293 4294 4295 4296 4337 4340 4341 4344 4454 4456 4458 4460 4462 4463 4464 4465 4466 4467 4468 4474 4476 4478 4480 4486 4487 4489 4490 4491 4492 4493 4494 4495 4496 4497 4501 4505 4507 4509 4511 4513 4520 4522 4524 4526 4678
171 6.25428 0.783426 5.7856 0 0 -0.415933 0.909395 1.39549 3561 3562 3581 3644 3645 3653 3659 3660 3662 3663 3675 4306 4314 4319 4324 4326 4327 4328 4330 4375 4378 4384 4385 4390 4392 4394 4395 4396 4397 4398 4399 4400 4401 4402 4404 4405 4407 4408 4409 4410 4411 4412 4417 4433 4437 4443 4444 4445 4446 4447 4450 4536 4537 4541 4544 4545 4547 4549 4559 4561 4565 4566 4578 4579 4580 4581 4582 4583 4584 4588
172 7.21546 2.15513 4.30699 0 0 0.914101 -0.405486 1.47452 4432 4434 4442 4449 4450 4451 4514 4517 4527 4528 4584
173 6.19504 2.3046 5.77499 0 0 -0.399489 0.916738 1.36732 4305 4331 4335 4342 4347 4352 4358 4360 4363 4367 4368 4369 4370 4371 4372 4398 4400 4402 4416 4418 4421 4424 4426 4428 4430 4431 4432 4433 4434 4435 4436 4437 4438 4439 4440 4441 4442 4443 4444 4445 4447 4448 4449 4450 4451 4499 4500 4503 4504 4505 4510 4514 4516 4517 4518 4519 4520 4524 4526 4527 4528 4529 4530 4531 4566 4567 4570 4571 4579 4580 4583 4584 4585 4586 4596 4599 4673 4674 4677 4678 4689 4690 4691 4692 4693 4694 4695 4696 4697 4698 4699 4700 4709 4723
174 7.67793 0.738295 5.78187 0 0 -0.367184 0.930148 1.38511 3733 3739 3749 3750 3752 3753 3754 3756 4407 4408 4535 4536 4537 4539 4540 4541 4542 4543 4544 4546 4547 4548 4549 4552 4555 4556 4557 4558 4559 4560 4561 4563 4564 4565 4587 4588 4591 4592 4593 4594 4603 4605 4606 4608 4610 4611 4614 4615 4616 4617 4626 4632 4639 4640 4641 4642 4644 4646 4648 4652 4656 4658 4662
175 7.92073 2.36302 5.79035 0 0 -0.518053 0.855348 1.40967 4447 4448 4449 4450 4451 4545 4549 4571 4573 4578 4579 4580 4581 4582 4583 4584 4585 4586 4588 4590 4592 4594 4595 4596 4597 4598 4599 4600 4642 4646 4647 4648 4649 4650 4651 4652 4653 4654 4666 4668 4670 4672 4673 4675 4676 4681 4682 4684 4687 4689 4691 4696 4697 4698 4699 4709 4712 4715 4723 4724 4725 4726 4727 4728 4729 4730 4732 4733 4735 4737 4739 4741 4742 4743 4744 4811 4813
176 6.04669 3.19864 4.29678 0 0 -0.0162857 0.999867 1.43114 4508 4511 4512 4513 4520 4521 4522 4524 4526
177 6.30348 4.27726 5.67212 0 0 -0.549048 0.835791 1.18882 4358 4360 4363 4371 4421 4424 4426 4432 4440 4460 4465 4467 4468 4474 4476 4478 4480 4482 4484 4486 4487 4489 4490 4491 4492 4494 4495 4496 4497 4499 4501 4503 4505 4507 4508 4509 4511 4512 4513 4516 4520 4521 4522 4524 4525 4526 4527 4528 4529 4530 4531 4677 4678 4680 4690 4692 4693 4694 4695 4700 4701 4702 4703 4704 4705 4706 4707 4731 4733 4749 4751 4752 4761
178 8.24741 4.10728 5.75846 0 0 -0.694451 0.71954 1.3298 4505 4511 4520 4522 4524 4526 4529 4531 4678 4680 4686 4688 4690 4692 4693 4694 4695 4697 4699 4700 4701 4702 4703 4704 4705 4706 4707 4713 4717 4725 4728 4730 4731 4732 4733 4742 4743 4744 4746 4747 4748 4749 4751 4752 4753 4754 4755 4756 4757 4758 4759 4760 4761 4762 4763 4764 4765 4939
179 9.16161 0.704946 5.78374 0 0 -0.346829 0.937928 1.39023 3770 3791 3793 4553 4601 4607 4608 4621 4622 4623 4624 4625 4626 4627 4629 4630 4631 4632 4633 4634 4659 4663 4767 4770 4771 4773 4774 4775 4776 4777 4778 4779 4780 4781 4794 4795 4798 4801 4803 4804 4805 4806 4807 4822 4823 4824
180 9.14989 2.23512 5.77829 0 0 -0.355316 0.934746 1.37564 4629 4634 4642 4644 4646 4648 4651 4652 4653 4654 4656 4658 4661 4662 4663 4664 4665 4666 4667 4668 4669 4670 4671 4672 4734 4735 4738 4739 4740 4741 4804 4805 4807 4809 4810 4811 4814 4815 4816 4817 4831 4832 4905 4906 4907 4908 4909 4910 4911 4912 4913 4914 4917 4918 4920 4922 4924 4927 4928 4929 4930 4932 4934 4936
181 10.6658 0.31268 5.80865 0 0 -0.110148 0.993915 1.48356 3808 4788 4789 4796 4798 4836 4838 4839 4840 4842 4843 4844 4846 4847 4848 4849 4850 4851 4852 4855 4856 4857 4864 4865 4874 4875 4876 4877 4878 4883 4890 4891 4893 4894 5031
182 10.636 2.17387 5.7837 0 0 -0.323557 0.946209 1.39013 4823 4824 4825 4826 4828 4829 4830 4831 4833 4834 4849 4874 4875 4876 4878 4879 4880 4881 4882 4883 4884 4885 4886 4892 4896 4897 4900 4901 4904 4925 4929 4954 4955 4956 4957 4958 4959 4960 4961 4965 4968 4970 4971 4974 4975 4976 4977 4982 4984 5092 5093 5096
183 8.98861 3.32908 4.28521 0 0 -0.0961019 0.995372 1.39438 4747 4756 4764 4765 4939 4941
184 9.32754 3.98903 5.75878 0 0 -0.506895 0.862008 1.33048 4703 4707 4717 4725 4727 4728 4729 4730 4731 4732 4733 4735 4737 4741 4742 4743 4744 4746 4747 4748 4751 4753 4756 4758 4759 4761 4762 4763 4764 4765 4908 4914 4915 4916 4918 4919 4920 4932 4934 4938 4939 4940 4941 4942 4943 4944 4945 4947 4949 4951 4953 4964 4987 4989 4990 4994
185 10.7 3.80881 5.77505 0 0 -0.40294 0.915227 1.36745 4918 4920 4924 4927 4930 4932 4933 4934 4936 4937 4938 4946 4947 4950 4951 4952 4953 4959 4962 4963 4964 4966 4967 4968 4969 4979 4982 4983 4985 4986 4987 4988 4989 4990 4991 4992 4993 4994 4995 4996 4997 4998 5000 5001 5002 5003 5004 5005 5134 5135 5137 5139 5141 5146 5150
186 12.2847 -0.140734 5.8119 0 0 0.279543 0.960133 1.50481 4887 5008 5009 5010 5011 5012 5013 5014 5015 5016 5017 5018 5019 5020 5021 5024 5028 5030 5042 5044
187 12.1966 2.21494 5.7872 0 0 -0.364682 0.931132 1.40015 4889 4903 4904 5026 5028 5030 5034 5035 5036 5037 5038 5039 5040 5044 5049 5050 5051 5052 5053 5054 5055 5056 5069 5086 5091 5092 5094 5095 5096 5110 5111 5112 5113 5114 5115 5116 5117 5124 5166 5168 5170
188 14.5955 -0.915539 5.69745 0 0 0.799231 0.601023 1.22438 5020
189 13.6457 2.01671 5.79858 0 0 -0.244558 0.969635 1.43777 5065 5070 5071 5072 5073 5074 5080 5081 5082 5085 5181 5182 5183 5184 5185 5186 5187 5188 5194 5235 5241 5242 5243 5244 5556 5557 5558 5560 5566
190 12.3225 3.77207 5.79409 0 0 -0.442447 0.896795 1.42178 4984 4985 4999 5002 5092 5093 5096 5100 5104 5105 5106 5107 5108 5119 5121 5122 5125 5127 5129 5131 5133 5134 5135 5136 5137 5143 5147 5149 5150 5151 5152 5153 5154 5155 5156 5157 5159 5160 5161 5163 5164 5198 5199 5202 5206 5207 5208 5212
191 12.6376 5.44391 5.78942 0 0 -0.639254 0.768996 1.40679 5004 5005 5139 5141 5145 5148 5158 5160 5162 5164 5224 5225 5226 5227 5229 5230 5231
192 13.6468 3.65605 5.78715 0 0 -0.31912 0.947714 1.4 5176 5178 5179 5180 5184 5190 5191 5192 5194 5195 5196 5200 5201 5202 5210 5211 5212 5213 5214 5215 5216 5217 5218 5220 5221 5223 5249 5250 5266 5267 5268 5269 5273 5274 5275 5277 5279
193 14.0297 5.37609 5.79526 0 0 -0.575894 0.817524 1.42576 5206 5207 5208 5209 5219 5222 5228 5229 5230 5231 5232 5351 5352 5353 5355 5356 5360
194 15.109 2.20844 5.77544 0 0 -0.329501 0.944155 1.36843 5239 5240 5258 5259 5298 5299 5563 5564 5565 5571 5576 5577 5578 5579
195 15.1576 3.56509 5.79665 0 0 -0.276255 0.961084 1.43067 5263 5265 5283 5287 5288 5289 5294 5295 5303 5311 5312 5316 5318 5319 5320 5574 5575 5580 5581 5590 5591 5592 5593 5594
196 15.3864 5.31386 5.79436 0 0 -0.487385 0.873187 1.42271 5291 5293 5297 5353 5355 5357 5358 5359 5360 5361 5362 5363 5364 5365 5366 5367 5368 5369 5370 5371 5372 5373 5374 5375 5376 5378 5380 5382 5383
197 16.6129 3.5991 5.78795 0 0 -0.279332 0.960195 1.40235 5323 5330 5331 5333 5334 5335 5336 5337 5339 5349 5589 5597 5603 5604 5606 5609 5610 5611 5612 5615 5617 5618 5623
198 16.7352 5.03802 5.80629 0 0 -0.289631 0.957138 1.47091 5379 5380 5385 5386 5387 5388 5389 5391 5392 5393 5394 5397 5398 5614 5616 5648 5649 5650 5651 5652 5653 5655 5658 5659 5660
199 16.8306 5.61688 5.79917 0 0 0.431388 0.902166 1.43998 5398 5401
200 18.1142 3.45817 5.79817 0 0 -0.199736 0.97985 1.43623 5630 5631 5639
201 18.124 5.00322 5.79679 0 0 -0.229888 0.973217 1.43118 5402 5403 5404 5405 5408 5409 5410 5411 5637 5662 5664 5665 5668 5670 5671 5672 5675 5677 5678 5679 5680
202 18.1341 6.01682 5.80524 0 0 0.119506 0.992833 1.46579 5413 5414 5682 5683 5684 5685
203 2.72047 0.180641 6.65687 0 0 0.999999 -0.00152393 0.734624 921 922 923 924 927 928 929 930 939 941 942 948 950 951 1128 1153 1159 1160 2533 2540 2541 2542 2543 2551 2552 2553 2554 2561 2562 2563 2564 2575 2576 2577 2578 2584 2585 2586 2587 2595 2596 2740 2837 5456 5458 5462 5464 5469 5470 5471 5472 5476 5489
204 2.04828 0.193683 8.64395 0 0 0.999972 -0.00747478 1.15266 1185 1208 1209 1210 1211 1212 1213 1214 1215 2795 2796 2801 2802 2805 2806 2807 2808 2809 2810 2811 2812 2815 2825 2826 2827 2828 2829 2830 2831 2832 2885 3978 3980 3981 3982 3983 3984 3986 3988 3990 3991 3992 3993 4035 4036 4037 5416 5417 5418 5419 5420 5421 5422 5423 5424 5425 5426 5427 5428 5429 5430 5431 5432 5433 5434 5435 5436 5437 5438 5439 5440 5441 5443 5444 5445 5446 5449 5450 5451 5452 5469 5470 5471 5472 5489 5490 5491 5492
205 2.72835 1.68858 6.64805 0 0 0.999994 -0.00355628 0.728696 942 948 950 951 2531 2533 2540 2541 2542 2543 2544 2551 2552 2553 2554 2561 2562 2563 2564 2575 2576 2578 2584 2585 2586 2587 2595 2596 2597 2598 2835 2837 5478 5482 5484 5490 5491 5492 5524 5526 5528 5541 5542
206 2.08082 1.67939 8.6292 0 0 0.999998 -0.00179401 1.13486 2806 2809 2810 2811 2812 2816 2821 2822 2825 2826 2827 2828 2829 2830 2831 2832 2875 2876 2885 2886 2887 2888 2889 2890 2891 2892 2898 2899 2900 5420 5421 5422 5423 5429 5430 5431 5432 5433 5434 5435 5436 5437 5438 5439 5440 5441 5442 5443 5444 5445 5446 5447 5448 5449 5450 5451 5452 5471 5472 5489 5490 5491 5492 5493 5494 5495 5496 5497 5498 5499 5500 5501 5502 5503 5504 5505 5506 5507 5509 5510 5511 5512 5513 5515 5518 5520 5524 5541 5542 5543 5544 5554
207 4.59024 0.190146 6.06642 0 0 0.999994 -0.0033375 0.384486 3029 3031 3032 3037 3038 3039 3040 4018 4019 4022 4023 4024 4025 4026 4027 4028 4029 4031 4032 4033 4035 4036 4037 4038 4048 4049 4050 4051 4058 4059 4060 4061 4062 4071 4072 4073 4074 4079 4080 4081 4082 4097 5453 5454 5455 5456 5457 5458 5459 5460 5461 5462 5463 5464 5465 5466 5467 5468 5469 5470 5471 5472 5473 5474 5475 5476 5477 5478 5479 5480 5481 5482 5483 5484 5485 5486 5487 5488 5489 5490 5491 5492
208 4.6605 1.68004 5.86165 0 0 0.999999 -0.00111593 0.276196 4059 4061 4072 4074 4080 4082 4098 4100 4108 4110 4123 5459 5460 5461 5462 5463 5464 5467 5468 5470 5471 5472 5473 5474 5475 5476 5477 5478 5479 5480 5481 5482 5483 5484 5485 5486 5487 5488 5489 5490 5491 5492 5522 5523 5524 5525 5526 5527 5528 5529 5530 5532 5533 5534 5535 5536 5537 5538 5539 5540 5541 5542 5543 5544 5546 5548 5549 5552 5554 5555
209 2.72273 3.18892 6.65431 0 0 0.999993 -0.00365452 0.7329 2540 2541 2542 2543 2551 2552 2553 2554 2561 2563 2564 2575 2576 2577 2578 2584 2585 2586 2587 2595 2596 2597 2598 2835 5534 5536 5543 5544 5549 5551 5554 5555
210 2.11116 3.1567 8.61471 0 0 0.999977 0.00677367 1.118 2829 2830 2832 2881 2882 2885 2886 2887 2888 2889 2890 2891 2892 2895 2898 2899 2900 2901 5438 5440 5450 5452 5492 5493 5494 5495 5496 5497 5498 5499 5500 5502 5503 5504 5505 5506 5507 5508 5509 5510 5511 5512 5513 5514 5515 5516 5517 5518 5519 5520 5521 5541 5542 5543 5544 5554 5555
211 4.67121 3.17187 5.82236 0 0 1 0.000598052 0.255836 4082 4098 4100 4108 4110 4123 4124 5480 5483 5484 5488 5491 5492 5522 5523 5525 5526 5527 5528 5529 5530 5531 5532 5533 5534 5535 5536 5537 5538 5539 5540 5541 5542 5543 5544 5545 5546 5547 5548 5549 5550 5551 5552 5553 5554 5555
212 13.6915 1.64443 7.31176 0 0 0.0256905 0.99967 1.50375 5057 5058 5059 5060 5061 5062 5063 5064 5065 5066 5067 5068 5069 5070 5071 5072 5073 5074 5076 5078 5080 5081 5082 5083 5085 5156 5165 5166 5167 5168 5169 5170 5171 5172 5173 5174 5176 5177 5178 5180 5181 5182 5183 5184 5185 5186 5187 5188 5189 5190 5192 5193 5194 5196 5199 5201 5208 5211 5213 5215 5217 5234 5235 5236 5238 5239 5242 5243 5244 5247 5248 5250 5252 5254 5257 5261 5267 5269 5271 5273 5283 5285 5556 5557 5558 5559 5560 5561 5562 5563 5564 5566 5567 5568 5569 5570 5573
213 15.7996 0.905222 7.29146 0 0 0.715808 0.698297 1.41317 5074 5078 5082 5180 5182 5184 5186 5188 5190 5192 5194 5196 5236 5238 5239 5240 5244 5248 5250 5254 5255 5257 5258 5259 5298 5299 5300 5301 5306 5557 5558 5559 5560 5561 5562 5563 5564 5565 5566 5567 5568 5569 5570 5571 5572 5573 5574 5576 5577 5578 5579 5580 5582 5584 5585 5586 5588 5603 5604 5605 5606 5607
214 17.7674 0.354073 7.07528 0 0 0.820345 0.57187 1.07483 5239 5240 5283 5300 5301 5306 5329 5332 5334 5335 5336 5342 5343 5344 5565 5568 5569 5570 5571 5572 5573 5574 5575 5576 5577 5578 5579 5580 5581 5582 5583 5584 5585 5586 5587 5588 5589 5595 5597 5603 5604 5605 5606 5607 5608 5609 5610 5611 5612 5617 5618 5619 5620 5621 5627 5629 5630 5631
215 15.16 3.72061 7.28161 0 0 -0.352987 0.935628 1.3844 5186 5188 5194 5242 5244 5248 5249 5250 5252 5253 5254 5261 5263 5264 5265 5266 5270 5271 5272 5273 5282 5283 5284 5285 5287 5288 5289 5290 5291 5294 5295 5296 5297 5302 5303 5304 5305 5307 5308 5311 5312 5313 5314 5315 5316 5317 5318 5319 5320 5321 5322 5325 5326 5344 5348 5365 5366 5369 5370 5372 5377 5378 5379 5380 5382 5562 5563 5564 5565 5566 5567 5568 5569 5570 5571 5572 5573 5574 5575 5576 5577 5578 5579 5580 5581 5582 5583 5584 5586 5587 5588 5589 5590 5591 5592 5593 5594 5595 5596 5597 5598 5599 5600 5601 5602 5604 5609 5610 5611 5612 5613 5614 5615 5616 5618 5623 5625 5648 5649
216 15.1643 5.27089 7.27552 0 0 -0.375034 0.927011 1.36862 5217 5219 5221 5223 5232 5254 5261 5263 5264 5267 5269 5271 5273 5275 5276 5277 5279 5280 5281 5283 5285 5287 5289 5291 5292 5293 5295 5296 5297 5312 5316 5317 5318 5319 5320 5326 5351 5352 5353 5354 5355 5356 5357 5358 5359 5360 5361 5362 5363 5364 5365 5366 5367 5368 5369 5370 5371 5372 5373 5374 5375 5376 5377 5378 5379 5380 5381 5382 5383 5384 5386 5389 5390 5391 5392 5398 5399 5575 5590 5591 5593 5594 5599 5600 5602 5648 5649 5650 5652 5653 5658 5659 5661
217 16.6765 3.17478 7.31075 0 0 -4.07384e-05 1 1.49661 5306 5307 5308 5309 5310 5321 5322 5323 5324 5325 5326 5327 5328 5329 5330 5331 5332 5333 5334 5335 5336 5337 5338 5339 5340 5341 5342 5345 5346 5347 5348 5350 5377 5378 5380 5382 5383 5389 5584 5585 5586 5587 5588 5589 5595 5596 5597 5598 5599 5600 5601 5602 5603 5604 5605 5606 5607 5608 5609 5610 5611 5612 5613 5614 5615 5616 5617 5618 5619 5620 5621 5622 5623 5624 5625 5626 5629 5632 5633 5634 5648 5649 5650 5651 5652 5654 5655 5656 5657 5662 5663
218 16.6677 5.30117 7.27155 0 0 -0.38777 0.921756 1.35896 5297 5316 5318 5319 5320 5326 5328 5329 5338 5340 5346 5348 5366 5369 5370 5371 5372 5377 5378 5379 5380 5381 5382 5383 5384 5385 5386 5387 5388 5389 5390 5391 5392 5393 5394 5395 5396 5397 5398 5399 5400 5401 5588 5589 5593 5594 5595 5596 5597 5598 5599 5600 5601 5602 5604 5609 5610 5611 5612 5613 5614 5615 5616 5618 5623 5624 5625 5626 5634 5648 5649 5650 5651 5652 5653 5654 5655 5656 5657 5658 5659 5660 5661 5662 5663 5664 5665 5666 5667 5668 5669 5672 5677 5678 5679 5680 5681 5682 5683
219 18.4652 2.63474 7.30906 0 0 0.49787 0.867252 1.48594 5607 5608 5609 5610 5611 5612 5615 5616 5617 5618 5619 5620 5621 5622 5623 5624 5625 5626 5627 5628 5629 5630 5631 5632 5633 5634 5635 5636 5638 5639 5640 5641 5643 5644 5645 5647 5654 5656 5657 5662 5663 5664 5686
220 18.186 5.23072 7.28392 0 0 -0.367167 0.930155 1.39073 5346 5348 5350 5393 5394 5395 5396 5399 5402 5403 5404 5405 5406 5407 5408 5409 5410 5411 5413 5414 5415 5615 5616 5618 5621 5622 5623 5624 5625 5626 5629 5631 5632 5633 5634 5636 5637 5638 5639 5641 5642 5643 5645 5646 5647 5654 5656 5657 5662 5663 5664 5665 5666 5668 5669 5670 5671 5672 5673 5674 5675 5676 5677 5678 5679 5680 5682 5683 5684 5685 5688 5690 5691 5692 5693 5694 5695 5696 5697
221 18.9095 7.36771 7.17267 0 0 -0.744132 0.668033 1.18956 5369 5378 5380 5382 5383 5384 5389 5390 5392 5401 5403 5412 5413 5414 5653 5658 5659 5660 5661 5665 5666 5667 5668 5669 5672 5675 5677 5678 5679 5680 5681 5682 5683 5684 5685 5691 5693 5694 5695 5696 5697
