0 -3.50659 -29.332 3.51214 -0.0468444 -2.45698e-07 0.358201 0.932468 1.44076 1
1 -4.20455 -26.0481 3.20607 -0.0311538 9.80106e-08 0.149734 0.988235 1.36566 2 3 0
2 -2.55328 -26.6855 8.16339 -1.18684e-08 0.732252 0.264038 0.627766 0.708721 3 2
3 -4.28787 -23.421 4.61781 -2.8665e-09 0.215251 0.0602792 0.974697 1.35345 4 7 8
4 -2.94007 -23.6222 8.39348 0 0.729087 0.0934243 0.678015 0.749118 8 7
5 -1.38745 -20.9693 0.784795 0.00619765 -4.6567e-10 7.81953e-05 0.999981 -0.0126163 6
6 -3.05313 -21.1082 8.38553 6.66679e-10 0.715466 0.0153368 0.698479 0.773384 7 9 10 13
7 -2.03681 -18.9927 0.847346 0.00217422 7.4506e-09 -0.000452704 0.999998 0.205282 11
8 -3.01392 -19.0048 8.41352 0 0.724656 -0.000238133 0.689111 0.760262 9 13 15 14
9 -1.93436 -17.0281 0.827912 -0.00348069 7.45063e-09 0.000599347 0.999994 0.17052 12
10 -3.05589 -17.0105 8.38551 0 0.715168 0.000617343 0.698952 0.773932 13 15 16 23
11 -14.3474 -4.17346 3.71153 -0.04313 1.28044e-07 0.546343 0.83645 1.49202 17
12 -11.0064 0.0882161 1.028 0.18801 0 0.0285711 0.981752 -0.150812 17 18
13 -10.1349 -6.22595 4.16639 -2.79009e-08 0.188794 0.567958 0.801112 1.33935 19
14 -9.57996 -0.954848 0.788756 0.00851458 0 -0.00043962 0.999964 0.0515856 20 42
15 -2.33727 -14.9963 0.926321 0.00152935 2.23518e-08 -0.000488009 0.999999 0.308883 21
16 -3.06483 -15.0131 8.37941 0 0.71312 0.00100388 0.701042 0.776858 15 23 25 24
17 -2.26626 -13.0264 0.904675 -0.00307272 0 0.00089735 0.999995 0.284136 22
18 0.682269 -13.0042 3.64934 0.000297154 0 0.000293336 1 -0.778933 197
19 -2.07876 -11.0068 0.856361 -6.95759e-05 0 1.5528e-05 1 0.219583 27
20 0.660384 -11.0045 3.62795 0.000257447 0 0.000249006 1 -0.768733 201
21 -1.66301 -9.05966 0.794229 -0.00874271 1.86272e-09 0.000695078 0.999962 0.0793368 28
22 -3.0635 -9.00446 8.38033 -1.03834e-11 0.713427 -0.000292807 0.70073 0.77642 29 31 32 54
23 -9.61234 -9.20473 2.11565 -4.18023e-08 0.100054 0.338237 0.935727 1.46427 33 37
24 -9.71104 -7.0976 1.57854 -0.0286455 -1.3563e-07 0.318178 0.947598 1.48101 34 33 38
25 -2.8164 -5.65412 1.91099 -2.33224e-08 -0.0715207 0.276394 0.95838 -1.49631 51
26 -2.45778 -4.71952 1.4731 0.0058843 2.96633e-07 0.0561067 0.998407 -1.4663 51
27 -6.57947 -8.73347 6.26332 0 0.953418 0.300591 0.0252971 0.0265268 37 39
28 -8.19235 -5.15907 6.78819 0 0.872694 0.0236948 0.487692 0.509601 38 40
29 -3.04006 -7.94087 5.45923 1.14578e-08 -0.739076 -0.17586 0.650261 -0.721559 39 54
30 -2.98293 -3.52443 4.58572 -2.644e-08 -0.442578 0.299105 0.845376 -1.0885 65
31 -10.3379 -2.25691 1.96228 -1.5851e-07 0.0462034 -0.109107 0.992956 1.5243 41
32 -10.405 -0.891046 2.12466 -3.79847e-09 0.0871136 -0.016701 0.996058 1.48356 42 20
33 -2.52274 -2.31262 1.70693 0.00366889 -4.03377e-07 0.137598 0.990481 -1.54414 60
34 -2.46834 -0.697406 2.20645 -5.71621e-09 -0.201749 0.0606134 0.97756 -1.36727 62
35 -8.97011 -3.68692 6.35919 0 0.719689 0.103206 0.686583 0.761861 19 46 48 65 66
36 -6.62988 -0.641221 6.79506 -1.16717e-10 0.997418 -0.0606205 0.0384913 0.0385717 47 49
37 -4.56447 -3.1733 6.79464 -2.91192e-11 0.999473 0.0277563 0.0168591 0.0168664 48 46 65
38 -4.12241 -0.581666 6.60098 -4.71373e-10 0.987883 -0.0724915 -0.137233 -0.138033 49 47 66
39 -0.771339 -5.80192 3.29978 0.043705 6.14518e-08 0.23938 0.969942 -1.39021 58
40 -3.71941 -6.19842 6.66205 0 0.905304 0.191179 0.379309 0.396765 40 55 59
41 -3.07737 -6.98701 8.37072 0 0.710216 -0.00292007 0.703978 0.780988 31 54 55 57
42 1.53993 -5.02595 3.32934 -0.000581356 8.94076e-08 -0.00378881 0.999993 -1.41854 211
43 -3.16288 -4.99279 8.30944 -8.04137e-11 0.689952 -0.00204427 0.723853 0.809372 54 55 59 65
44 -2.26738 -2.64622 6.67445 2.3411e-10 0.994537 -0.0609277 -0.0847594 -0.0850195 65 48
45 -2.76024 -0.571614 6.81691 2.34203e-10 0.994141 -0.0717685 0.0808239 0.0811218 66 70
46 1.51824 -3.03577 3.20587 -0.0011093 -1.11761e-07 -0.00564485 0.999983 -1.37675 220
47 -3.19829 -2.9977 8.28275 0 0.681267 -0.00130514 0.732034 0.821304 55 65 66 68
48 1.49678 -1.02065 3.10515 -0.000631157 -4.09784e-08 -0.00271546 0.999996 -1.34242 222
49 -3.20946 -0.998777 8.27416 -3.96182e-11 0.678491 -0.00114325 0.734608 0.82509 65 66 70 107
50 -4.40053 -11.4174 7.82216 -4.45811e-08 0.0097169 0.0595781 0.998176 1.56106 30 72
51 -19.9308 2.52468 0.863684 -0.0752826 -7.47242e-09 0.0130304 0.997077 0.171388 73 75
52 -18.3922 2.75214 8.73451 5.83049e-11 0.998332 0.0405302 -0.0411241 -0.0411696 74
53 -17.4045 2.87734 0.786654 -0.0193999 -2.32874e-10 -0.000134271 0.999812 -0.0069211 73 75 82
54 -16.2723 3.05703 8.69843 0 0.996531 -0.0107073 -0.0825325 -0.0826313 76 74
55 -19.0809 4.93134 0.804816 -0.0104907 0 -0.00121243 0.999944 -0.115061 77 79
56 -18.082 5.4421 8.57738 -4.72585e-10 0.985348 -0.0767536 -0.152307 -0.153358 78 80
57 -16.9388 4.53806 0.860204 -0.0770445 7.47341e-09 -0.0128174 0.996945 -0.164854 77 79
58 -16.12 5.41109 8.60091 4.71387e-10 0.987853 -0.0712587 -0.13809 -0.138888 80 78 82 85
59 -15.2341 1.77297 0.89473 0.132088 -1.87918e-09 0.00873863 0.991199 -0.0660613 81
60 -15.5434 2.60622 0.811636 -0.0642588 -9.33254e-10 0.00255303 0.99793 0.0397095 82 84
61 -13.5194 1.12484 0.788662 0.0217638 1.86309e-09 -0.000683724 0.999763 0.0314054 83 87
62 -13.3861 2.532 0.820383 -0.0773123 -2.3353e-10 -0.00102228 0.997006 -0.013222 82 84 88
63 -14.7624 4.22523 0.965012 -0.130326 0 -0.0306427 0.990998 -0.230929 79 85
64 -14.1388 7.16999 5.9614 5.33091e-08 0.748917 -0.355793 0.559048 0.641241 88 86
65 -11.7868 0.657546 0.824863 -0.0546727 0 0.00667865 0.998482 0.121555 87 89
66 -11.4287 2.45587 0.832904 -0.08997 0 0.000103137 0.995944 0.00114634 84 88 90
67 -9.67596 0.563096 0.825578 -0.0707675 0 0.00599551 0.997475 0.0845194 89 91
68 -8.9719 2.4352 0.873124 -0.0945932 0 -0.014732 0.995407 -0.1545 88 90
69 -10.4252 1.01973 1.79832 -1.27772e-08 0.00357482 -0.003781 0.999986 1.56722 91 89
70 -4.44802 2.84337 1.45373 -0.00325623 1.86346e-08 -0.0293244 0.999565 -1.46021 96
71 -6.20311 1.43833 6.63502 -4.6976e-10 0.991274 -0.0755777 -0.107998 -0.10852 97 99 89
72 -6.40795 3.83009 6.62881 0 0.989236 -0.141634 -0.0367742 -0.0371572 98 100 90
73 -4.23276 1.4744 6.64199 0 0.991882 -0.0816151 -0.0975116 -0.0979947 99 97
74 -4.51743 4.08582 6.5797 2.22122e-11 0.982699 -0.185204 0.00131571 0.00133887 100 98 108
75 -3.67696 1.40308 6.86735 9.97515e-10 0.933642 -0.0649091 0.352277 0.360798 99 107 110
76 -4.6653 3.5674 6.55559 -6.09809e-09 0.786826 -0.0878218 0.610894 0.660186 100 108 112
77 1.52071 0.974621 3.21805 -0.000701738 7.45063e-09 -0.00365076 0.999993 -1.3809 257
78 -3.22344 0.99969 8.26328 3.94452e-11 0.674987 -0.000913042 0.737829 0.829849 66 107 108 110
79 1.53023 2.93859 3.27313 -0.00183757 -5.21571e-08 -0.0106241 0.999942 -1.39953 259
80 -3.0868 3.00196 8.36423 4.12135e-11 0.708039 -0.00125888 0.706172 0.784078 107 108 112 117
81 -4.83245 5.25827 6.51169 -1.43899e-09 0.761254 -0.0401927 0.647207 0.704602 117 120
82 -4.35855 8.87402 6.11649 1.25901e-08 0.748091 -0.300261 0.59178 0.669262 96 118 122
83 1.5351 4.80103 3.34566 -0.00554032 1.86398e-08 -0.0373895 0.999285 -1.42369 267
84 -3.12336 5.00076 8.33836 0 0.699446 -0.00107737 0.714684 0.796174 108 117 118 120
85 -3.10961 6.99531 8.34819 -2.04529e-11 0.7027 -0.000257637 0.711486 0.79161 117 118 122 125
86 -4.18788 8.99654 4.98791 -3.8282e-11 0.311301 -0.000427773 0.950311 1.25423 125 126
87 -3.08572 8.99313 8.365 -5.15353e-12 0.708291 7.01618e-05 0.70592 0.783722 118 125 127 126
88 -4.19565 10.9812 4.96878 6.11454e-11 0.306236 0.0018077 0.951954 1.25956 127 128
89 -3.0988 10.9964 8.35584 0 0.705239 -0.000415237 0.70897 0.788036 125 127 128 131
90 -4.08019 12.9698 5.22211 1.2552e-10 0.373894 0.00348222 0.927465 1.18759 131 132
91 -3.12803 12.9857 8.33499 -4.06609e-11 0.698336 0.00118978 0.715769 0.797726 127 131 133 132
92 -4.4249 15.0345 3.75468 5.84494e-05 -9.0596e-07 -0.00591463 0.999982 1.56092 130 133 134
93 -3.04476 15.0301 8.3928 0 0.717664 -0.00549759 0.696367 0.770338 131 133 134 138
94 -8.5658 19.9295 5.73248 -0.0235471 2.6359e-07 0.518026 0.855041 1.52537 135
95 -6.25549 22.3148 2.97911 -0.104627 -7.49533e-09 0.0309642 0.994029 0.287736 136
96 -4.01903 17.3405 2.3125 0.0252348 6.7143e-08 -0.0444704 0.998692 1.05465 138 139
97 -3.17863 17.1127 8.29507 6.39878e-10 0.685627 -0.0178709 0.727734 0.815182 133 138 139 159
98 -3.6199 19.5273 1.80243 0.0537477 -5.23226e-08 -0.0595163 0.996779 0.836285 140 141
99 -3.5605 19.2737 7.94033 -1.1419e-09 0.577133 -0.0415731 0.815591 0.954971 138 141 160
100 -4.29617 20.6027 0.939096 -0.059754 1.49303e-08 0.0182897 0.998046 0.297029 142
101 -5.00722 19.1145 3.96288 -0.225297 -3.1225e-08 0.195671 0.954439 0.715137 142 143
102 -4.00888 23.1521 0.845787 0.0251786 -7.45304e-09 -0.00500045 0.999671 0.196048 136 144 148
103 -3.85267 23.0267 2.81511 0.00535047 3.72534e-09 -0.000770123 0.999985 0.142954 144
104 0.474395 22.7953 3.47183 -0.0282862 -7.45558e-09 -0.0232367 0.99933 -0.687706 312
105 -7.50292 24.1678 2.90079 -0.138362 4.70187e-10 0.00372495 0.990375 0.0269152 150 152
106 -7.60868 29.7586 4.53843 0.527081 0 -0.0775843 0.846266 0.146147 151 153
107 -5.60666 24.663 2.80796 -0.0545834 3.73087e-09 0.00332606 0.998504 0.06086 152 154
108 -5.03975 29.6921 4.8447 0.548082 0 0.224886 0.805626 -0.389367 153 151 154 164 165
109 -3.9046 24.3098 2.90089 -0.110386 3.74884e-09 0.0183493 0.993719 0.164723 154 155
110 -2.93138 25.8769 1.33277 0.117306 7.52221e-09 -0.072066 0.990478 0.550897 155 154 320
111 -2.54994 28.1406 1.23516 0.167632 0 -0.073956 0.983072 0.415496 154 157 322
112 -4.02258 28.5408 6.23706 -1.25447e-08 0.124526 -0.230285 0.965123 1.44248 157 158
113 -3.03356 15.9713 10.2078 -5.23223e-09 0.684767 0.155453 0.71199 0.804886 139 159
114 -2.91078 17.2595 9.90136 0 0.637485 0.269434 0.721816 0.847359 141 160 143 159 161
115 -2.62943 17.1163 11.981 1.12454e-08 0.687898 0.296356 0.662548 0.766629 160 161 145 162 163
116 -4.42308 21.1118 7.75047 0.000193177 3.21144e-06 -0.0171005 0.999854 1.5595 143 162 163
117 -2.89857 19.1871 11.8551 0 0.629113 0.281481 0.724559 0.85579 162 164 163 161 166
118 -4.4191 23.1805 7.70196 0.000743834 1.67699e-07 -0.0270365 0.999634 1.54329 164 165 145
119 -4.42185 23.139 9.73649 0.000335824 -2.73078e-06 -0.0210397 0.999779 1.55484 164 165 167
120 -2.27715 18.9598 14.0315 0 0.743153 0.328053 0.583185 0.665369 163 166 154
121 -3.2409 21.3361 13.6688 1.87259e-08 0.549843 0.253874 0.795752 0.966154 170 165 167 163 166 168
122 -2.82972 21.1188 15.8514 1.04469e-08 0.636528 0.293588 0.713188 0.842134 167 168
123 -4.38683 25.4761 7.61929 0.0038948 -1.20436e-06 -0.0698949 0.997547 1.51513 169 170 154
124 -4.40211 25.3667 9.65103 0.00241869 -1.53893e-07 -0.0540142 0.998537 1.52605 170 172 169
125 -3.87002 28.7726 9.23764 0.0584885 4.25343e-08 -0.261554 0.963415 1.3508 171 169 347 324 326 174
126 -4.41891 25.1911 11.7184 0.000629794 1.27224e-06 -0.028585 0.999591 1.54877 172 173
127 -3.92694 26.3162 12.6823 0.0795888 1.06402e-07 -0.180663 0.98032 1.15584 173 172
128 -4.34892 27.6735 11.5574 0.0076547 -2.86389e-07 -0.0986045 0.995097 1.49332 174 175
129 -4.37982 27.5167 13.6017 0.00468429 1.79332e-07 -0.0757843 0.997113 1.50906 175
130 2.87362 -28.7307 3.41319 -0.0578226 0 -0.358171 0.931864 -1.41074 177
131 3.41664 -25.8312 3.43937 -0.019774 -1.3973e-07 -0.16291 0.986443 -1.45001 178 179
132 2.78697 -26.4268 7.3113 0 -0.732354 -0.272977 0.623812 -0.705533 179 178
133 3.53691 -23.3258 4.1453 4.26379e-09 -0.173024 -0.0627277 0.982918 -1.39655 183 180 184
134 3.10355 -23.4898 7.44893 0 -0.714295 -0.090481 0.693971 -0.770968 184 183
135 3.16279 -21.098 7.42735 1.3042e-09 -0.699842 -0.0171221 0.714093 -0.795477 186 183 185 189
136 0.0601932 -19.0175 0.828797 -0.00177044 3.7253e-09 0.000308209 0.999998 0.172358 187
137 3.13935 -19.0078 7.47151 0 -0.714298 -0.000258167 0.699842 -0.775176 190 185 189 191
138 0.200457 -16.9931 0.807791 0.00216114 3.7253e-09 -0.000271729 0.999998 0.125078 188
139 3.15945 -16.9977 7.43638 8.1801e-11 -0.702607 0.00162263 0.711576 -0.79174 192 189 191 195
140 0.239785 -15.0118 0.803085 -0.000881052 1.86265e-09 9.89807e-05 1 0.111875 193
141 3.15745 -15.0084 7.43995 0 -0.703802 -0.000372977 0.710396 -0.790061 196 191 195 197
142 0.282241 -12.997 0.798631 0.00153974 5.58794e-09 -0.000150827 0.999999 0.0976448 194
143 3.16223 -13.0138 7.43143 4.08067e-11 -0.700947 -0.00138361 0.713212 -0.794071 198 249 195 197 201
144 -0.0739078 -11.0136 0.855291 -0.0011352 0 0.000251383 0.999999 0.217927 199
145 3.18623 -11.0068 7.38784 5.00113e-12 -0.68618 -8.24182e-05 0.727432 -0.814572 202 250 197 201 203
146 0.046155 -9.01812 0.831278 -0.00187197 0 0.000335057 0.999998 0.17711 200
147 3.1806 -9.0104 7.39821 8.03885e-11 -0.689716 -0.000748637 0.724079 -0.809699 204 201 203 213
148 3.19545 -6.99939 7.37058 0 -0.680264 0.00131486 0.732966 -0.822672 210 203 213 214
149 3.18097 -4.99402 7.39749 8.03634e-11 -0.689476 0.00231949 0.724305 -0.810029 212 213 214 224
150 0.141911 -5.36059 2.9273 0.08228 1.53802e-07 -0.233565 0.968854 1.23209 211
151 4.11335 -5.91785 6.34437 -1.94262e-09 0.95883 0.159653 -0.234851 -0.240206 212 214 232
152 3.17936 -2.99289 7.40042 -1.60938e-10 -0.690472 0.00253076 0.723355 -0.808652 221 214 224 225
153 -2.35461 -1.0357 3.13754 -0.000916751 1.49013e-07 0.00415202 0.999991 1.35349 69
154 3.15939 -0.994706 7.43646 -8.18044e-11 -0.702636 0.00218566 0.711547 -0.791699 223 224 225 261
155 3.26145 -2.6427 6.82144 0 0.995471 -0.0600529 0.0737013 0.0739018 224 241
156 3.75297 -0.58414 6.65744 2.34432e-10 0.993168 -0.0715627 -0.0921774 -0.0925464 225 223 242
157 2.0592 -5.25946 2.02018 -4.25617e-08 0.0662593 -0.261985 0.962795 1.50209 208
158 1.61298 -4.62564 1.46456 0.00592721 6.80904e-07 -0.0548982 0.998474 1.46324 208
159 8.87762 -8.75532 1.87474 -2.61167e-07 -0.0602519 -0.369791 0.927159 -1.5059 228 233 229
160 9.12922 -6.427 1.53242 -0.028618 3.60248e-07 -0.290211 0.956535 -1.4725 228 230 234
161 3.63605 -8.33054 6.44362 0 0.802978 0.207592 0.558688 0.607882 213 231
162 2.63827 -3.21967 5.41687 -1.78567e-08 0.47834 -0.27354 0.834486 1.0503 224 214
163 7.6334 -9.16801 5.77691 -1.01745e-09 0.915346 0.396959 -0.0675721 -0.0736877 231 233
164 8.8941 -5.22729 5.81619 3.27324e-09 -0.821311 -0.040335 0.569053 -0.605917 232 241 234
165 1.72143 -2.03055 1.5986 0.00926808 -4.46011e-07 -0.142389 0.989767 1.5058 217
166 9.52965 -2.53736 1.69163 0.00290218 1.1486e-06 0.0925219 0.995706 -1.53944 239 245
167 3.63997 -1.15696 1.17802 -0.00442028 3.27904e-07 0.0213958 0.999761 1.36707 237
168 5.5331 -3.16659 6.76536 1.45589e-11 0.999518 0.0267716 -0.0156899 -0.0156962 241 224 243
169 5.07662 -0.557008 6.84481 -4.71093e-10 0.988469 -0.0736187 0.132322 0.133074 225 242 244
170 9.09035 -3.58957 5.43283 0 -0.712407 -0.109369 0.693192 -0.771728 234 243 224 225 241 245 242
171 7.56031 -0.629379 6.73668 -5.83426e-11 0.997687 -0.0632037 -0.0250083 -0.025061 242 244
172 9.95424 -5.30452 2.91125 -0.273454 -2.60092e-08 -0.43208 0.859378 -1.00655 239 245 230 240
173 8.74788 -0.992532 0.789361 0.0023282 -1.86265e-09 0.000134619 0.999997 -0.0577569 240 246
174 10.1334 0.198062 1.0658 0.197429 0 -0.0320527 0.979793 0.160946 247 248
175 14.2015 -3.25491 3.48014 -0.0943519 2.06193e-07 -0.504602 0.858181 -1.38595 248
176 3.41818 -12.3052 7.20535 0.0276647 1.42942e-07 0.135867 0.990341 -1.36993 198 249
177 3.57116 -10.9531 7.65032 0.000467524 1.86275e-08 0.0104539 0.999945 -1.5261 250
178 -2.30177 0.924447 2.93482 -0.00284933 5.21567e-08 0.00964798 0.999949 1.28363 109
179 3.16314 1.00324 7.4298 0 -0.700401 0.00180165 0.713747 -0.794835 258 225 261 262
180 3.19506 2.99326 7.37134 -2.4825e-12 -0.680524 -6.41882e-05 0.732726 -0.822319 260 261 262 271
181 4.4176 1.37471 6.27009 0 0.934318 -0.0672465 -0.350041 -0.358462 258 261 279
182 3.17191 4.99491 7.41407 -2.02414e-11 -0.695096 0.000245174 0.718917 -0.802243 268 262 271 272
183 -2.38251 6.47584 3.63502 -0.00378873 -8.17217e-07 0.0750411 0.997173 1.52035 121
184 3.17338 7.00299 7.41138 0 -0.694187 0.0017577 0.719793 -0.803506 270 271 272 285
185 5.15834 5.12958 5.43158 0 -0.701582 0.0254221 0.712135 -0.792863 268 271 270 265
186 4.65072 8.22039 5.69615 0 -0.831561 0.228019 0.506472 -0.547055 272 270 276
187 9.56654 1.02217 1.56528 0.000409755 2.23521e-07 0.00559669 0.999984 -1.49771 277 295
188 5.17188 1.45826 6.82621 -4.69517e-10 0.991787 -0.0764771 0.102517 0.103 279 281
189 5.48218 4.10962 6.57042 0 0.981901 -0.18939 0.00145674 0.00148359 280 262 282
190 7.11664 1.43478 6.83952 -4.70292e-10 0.990154 -0.0724021 0.119806 0.120412 279 281 295
191 7.40956 3.87388 6.67599 0 0.988677 -0.147746 0.0262404 0.0265347 280 282 296
192 3.57471 8.99167 3.78809 -3.69199e-09 -0.00181724 -0.000378932 0.999998 -1.56897 285 283 286
193 3.18993 8.99109 7.38096 0 -0.683825 -0.000469492 0.729646 -0.817804 286 272 285 287
194 3.57453 10.9922 3.82049 -3.84547e-10 -0.0173164 -0.000273588 0.99985 -1.55348 287 284 288
195 3.19179 10.9939 7.37747 2.48916e-12 -0.682631 5.14353e-05 0.730764 -0.81944 288 285 287 291
196 3.57196 12.9931 3.65599 -3.96711e-06 6.64964e-07 -9.26503e-05 1 -1.52801 291 292
197 3.19692 12.9879 7.36783 0 -0.679315 -0.00106995 0.733846 -0.823966 292 287 291 293
198 3.57433 15.0035 3.83566 1.36284e-09 -0.0245769 0.00194418 0.999696 -1.54622 293 290
199 3.1801 15.024 7.39879 -3.21659e-10 -0.689941 0.00568617 0.723843 -0.809373 294 291 293 306
200 8.78773 0.55425 0.824688 -0.0740454 -7.4712e-09 -0.00532936 0.997241 -0.0718502 277 295
201 8.05351 2.36142 0.896538 -0.101504 -3.74527e-09 0.0183198 0.994666 0.178561 296 298
202 10.9224 0.645419 0.825321 -0.0587767 5.59775e-09 -0.00690567 0.998247 -0.116954 295 297
203 10.5617 2.49643 0.825809 -0.0830925 4.67277e-10 0.000364126 0.996542 0.00438215 296 298 300
204 12.7352 0.940041 0.789106 -0.00898677 -2.79408e-09 -0.000481604 0.999959 -0.0535392 297 299
205 12.2585 2.48954 0.843234 -0.082478 0 0.00886753 0.996553 0.107102 300 302
206 14.3131 1.83514 0.914973 0.139142 1.8811e-09 -0.0126865 0.990191 0.090925 301
207 14.5941 2.53388 0.819858 -0.0769219 -1.16761e-10 -0.000504202 0.997037 -0.00655464 300 302 329
208 12.02 2.9257 1.64062 -0.343843 0 0.088977 0.934802 0.253218 303 300
209 13.9797 3.88878 1.05213 -0.177224 0 0.0385949 0.983413 0.214427 304 333
210 3.21223 17.256 2.38292 0.0237293 -5.22209e-08 0.0446597 0.99872 -1.0824 306 307
211 3.20672 17.092 7.34537 0 -0.671857 0.0184836 0.74045 -0.833928 307 337 293 306
212 2.81334 19.4073 1.83623 0.0512804 -7.47342e-08 0.0589283 0.996944 -0.854682 308 309
213 3.33321 19.2067 7.05105 0 -0.565144 0.0406444 0.823991 -0.969623 309 338 306
214 -1.45856 22.7376 3.59197 -0.0283729 7.45617e-09 0.026314 0.999251 0.747768 148
215 3.35182 20.6322 0.910287 -0.0606624 0 -0.0164024 0.998024 -0.264074 310 314
216 4.23073 19.3344 4.00993 -0.238607 7.88222e-09 -0.222689 0.945239 -0.750903 314 315
217 3.09226 23.155 0.833839 0.0272281 -3.72671e-09 0.0047761 0.999618 -0.173644 312 316 318
218 3.0165 22.9845 2.81705 -0.00154045 1.11759e-08 -0.000229351 0.999999 -0.147801 316
219 5.34044 22.437 2.93986 -0.0937016 -1.49718e-08 -0.0252246 0.995281 -0.262967 316 318
220 7.66983 20.5393 5.13077 -0.294648 -5.46375e-08 -0.493719 0.818183 -1.03274 319
221 2.11119 25.7656 1.33691 0.119746 0 0.075176 0.989954 -0.560606 155 320 324
222 -1.37094 23.474 4.00896 -0.157874 -2.29913e-08 0.173015 0.972184 0.831128 148
223 1.4247 27.9625 1.08387 0.163835 -1.5126e-08 0.0515686 0.985139 -0.304941 157 322 324
224 3.27816 28.1751 5.99293 2.51043e-08 -0.112291 0.238817 0.96455 -1.4549 323 322
225 3.0679 24.3132 2.90659 -0.115518 0 -0.0197978 0.993108 -0.169734 320 324
226 4.72952 24.6317 2.81044 -0.0608338 0 -0.00316677 0.998143 -0.0520092 324 325
227 4.35421 29.7816 4.57302 0.527053 1.10294e-08 -0.095941 0.8444 0.180061 324 326 328 347 348
228 6.52313 24.6408 2.80553 -0.0587363 9.32934e-10 0.00101706 0.998273 0.0173139 325 327
229 6.70875 25.023 3.53523 -0.353802 1.99196e-09 -0.0210857 0.935082 -0.0595271 326 328
230 16.4646 2.94143 0.786799 -0.00864157 9.31357e-10 0.00031743 0.999963 0.0367165 329 331
231 17.2623 3.01524 8.84265 1.4591e-11 0.997321 -0.0035674 0.0730556 0.0731212 330 332
232 18.9733 2.75404 0.820791 -0.0404211 0 -0.00543674 0.999168 -0.1337 329 331
233 19.3774 2.73414 8.80404 1.74899e-10 0.998424 0.0430471 0.0360138 0.036055 332
234 16.132 4.40972 0.873859 -0.094491 0 0.0143713 0.995422 0.150935 333 335
235 17.0217 5.44187 8.8529 9.44474e-10 0.986075 -0.073248 0.1493 0.150267 302 304 334 336
236 18.2322 4.93611 0.804486 -0.00935659 9.31364e-09 0.00107544 0.999956 0.114437 333 335
237 19.024 5.461 8.84979 -4.72307e-10 0.985929 -0.0763972 0.148688 0.149682 334 336
238 3.16476 16.0806 9.06754 4.76344e-09 -0.5979 -0.175786 0.782058 -0.918066 337 307
239 2.94455 17.6473 9.08446 2.06879e-08 -0.642188 -0.262269 0.720284 -0.842655 337 338 339 309 315
240 2.80541 17.4813 11.1526 0 -0.687917 -0.294881 0.663186 -0.767096 339 338 317 340 341
241 3.57312 21.0806 7.75973 0.000140243 -3.2806e-06 0.0170949 0.999854 -1.56259 340 315 341
242 3.04179 19.6903 10.898 9.48039e-09 -0.562698 -0.256401 0.785894 -0.949414 339 341 344 340 342
243 3.57048 23.1273 7.7188 0.00057478 2.58951e-06 0.0262812 0.999654 -1.54893 342 317 343
244 3.57211 23.0998 9.73682 0.000330875 -2.79504e-06 0.0208742 0.999782 -1.55494 343 342 345
245 2.9477 19.5664 12.949 -9.92824e-09 -0.598085 -0.281301 0.750443 -0.897902 344 339 346 341 342 343
246 3.18081 21.8571 12.7376 -4.38584e-09 -0.47786 -0.224024 0.84939 -1.05834 344 345 343 346
247 3.17468 21.8457 14.7395 4.39421e-09 -0.479639 -0.226337 0.847772 -1.05593 346 345
248 3.55931 25.2514 7.66708 0.00199101 -1.07333e-06 0.050683 0.998713 -1.53153 347 324 348
249 3.5632 25.2142 9.67688 0.00155882 -4.33473e-07 0.0433552 0.999059 -1.53486 348 347 350
250 3.56974 25.1403 11.7178 0.000640353 5.70672e-07 0.0288291 0.999584 -1.54859 350 351
251 3.40584 25.6684 13.1143 0.0306671 2.25526e-08 0.12959 0.991093 -1.33842 350 351
252 3.55068 27.3144 11.6354 0.00315679 -1.4931e-08 0.0630819 0.998003 -1.5208 352 353
253 3.55612 27.2771 13.6565 0.00239065 -1.03725e-06 0.0557477 0.998442 -1.52794 353
254 -5.42529 -26.0064 0.784484 0 0.000172655 0 1 1.57045 0 1
255 -1.51369 -29.0064 0.784326 0 0.707107 0.707107 6.18172e-08 8.74228e-08 0 5 181
256 -5.42529 -26.0064 4.78448 0 0.000172655 0 1 1.57045 1 2 3
257 -1.51369 -29.0064 4.78433 0 0.707107 0.707107 6.18172e-08 8.74228e-08 1 3
258 -1.51369 -26.0064 7.78433 0 1 0 8.74228e-08 8.74228e-08 3 1
259 -5.42529 -22.0064 0.784484 0 0.000172655 0 1 1.57045 4 5 6
260 -5.42529 -22.0064 4.78448 0 0.000172655 0 1 1.57045 7 8 9 10
261 -1.51369 -22.0064 7.78433 0 1 0 8.74228e-08 8.74228e-08 8 10
262 -5.42529 -18.0064 0.784484 0 0.000172655 0 1 1.57045 11 12
263 -5.42529 -18.0064 4.78448 0 0.000172655 0 1 1.57045 13 14 15 16
264 -1.51369 -18.0064 7.78433 0 1 0 8.74228e-08 8.74228e-08 14 16
265 -17.4253 -2.0064 4.78448 0 0.000172655 0 1 1.57045 17 19 34 38 41
266 -13.5137 -5.0064 4.78433 0 0.707107 0.707107 6.18172e-08 8.74228e-08 17 73 74 81 76 75
267 -13.5137 -2.0064 7.78433 0 1 0 8.74228e-08 8.74228e-08 17
268 -9.51369 -5.0064 4.78433 0 0.707107 0.707107 6.18172e-08 8.74228e-08 18 19
269 -9.51369 -2.0064 7.78433 0 1 0 8.74228e-08 8.74228e-08 18 19 20
270 -5.42529 -14.0064 0.784484 0 0.000172655 0 1 1.57045 21 22
271 -5.42529 -14.0064 4.78448 0 0.000172655 0 1 1.57045 23 24 25 26
272 -5.42529 -10.0064 0.784484 0 0.000172655 0 1 1.57045 27 28
273 -5.42529 -10.0064 4.78448 0 0.000172655 0 1 1.57045 29 30 31 32
274 -9.42529 -6.0064 0.784484 0 0.000172655 0 1 1.57045 33 34
275 -5.51369 -9.0064 0.784326 0 0.707107 0.707107 6.18172e-08 8.74228e-08 33 35 44 61
276 -9.42529 -6.0064 4.78448 0 0.000172655 0 1 1.57045 37 32 38 57 59 68
277 -5.51369 -9.0064 4.78433 0 0.707107 0.707107 6.18172e-08 8.74228e-08 37 39 68
278 -5.51369 -6.0064 7.78433 0 1 0 8.74228e-08 8.74228e-08 37 38 39 40
279 -9.42529 -2.0064 0.784484 0 0.000172655 0 1 1.57045 41 44 42
280 -5.51369 -2.0064 7.78433 0 1 0 8.74228e-08 8.74228e-08 46 47 48 49
281 -1.51369 -6.0064 7.78433 0 1 0 8.74228e-08 8.74228e-08 54 55 57 59
282 -1.51369 -2.0064 7.78433 0 1 0 8.74228e-08 8.74228e-08 65 66 68 70
283 -5.42529 -14.0064 8.78448 0 0.000172655 0 1 1.57045 71 24
284 -1.51369 -17.0064 8.78433 0 0.707107 0.707107 6.18172e-08 8.74228e-08 71
285 -1.51369 -14.0064 11.7843 0 1 0 8.74228e-08 8.74228e-08 24 71 196
286 -5.42529 -10.0064 8.78448 0 0.000172655 0 1 1.57045 72 32
287 -1.51369 -10.0064 11.7843 0 1 0 8.74228e-08 8.74228e-08 72 32 39 37 54 204
288 -21.4253 1.9936 4.78448 0 0.000172655 0 1 1.57045 81 73 74
289 -17.5137 -1.0064 4.78433 0 0.707107 0.707107 6.18172e-08 8.74228e-08 73 74 75 76
290 -18.4253 1.9936 1.78433 0 0 0 1 0 73 75
291 -17.5137 1.9936 7.78433 0 1 0 8.74228e-08 8.74228e-08 74 76
292 -21.4253 5.9936 4.78448 0 0.000172655 0 1 1.57045 77 78
293 -17.5137 8.9936 4.78433 0 -0.707107 0.707107 -6.18172e-08 8.74228e-08 79 77 78 80
294 -18.4253 5.9936 1.78433 0 0 0 1 0 77 79
295 -17.5137 5.9936 7.78433 0 1 0 8.74228e-08 8.74228e-08 78 80
296 -13.5137 1.9936 7.78433 0 1 0 8.74228e-08 8.74228e-08 81 82 83 84
297 -13.5137 8.9936 4.78433 0 -0.707107 0.707107 -6.18172e-08 8.74228e-08 86 85 80
298 -13.5137 5.9936 7.78433 0 1 0 8.74228e-08 8.74228e-08 85 86
299 -9.51369 4.9936 4.78433 0 -0.707107 0.707107 -6.18172e-08 8.74228e-08 88 90
300 -9.51369 1.9936 7.78433 0 1 0 8.74228e-08 8.74228e-08 89 87 88 90
301 -9.42529 1.9936 0.784484 0 0.000172655 0 1 1.57045 91 93 95 92
302 -5.51369 4.9936 0.784326 0 -0.707107 0.707107 -6.18172e-08 8.74228e-08 92 96 95
303 -5.51369 1.9936 7.78433 0 1 0 8.74228e-08 8.74228e-08 99 97 98 100
304 -1.51369 1.9936 7.78433 0 1 0 8.74228e-08 8.74228e-08 107 108 110 112
305 -5.42529 5.9936 0.784484 0 0.000172655 0 1 1.57045 113 114 255
306 -1.51369 5.9936 7.78433 0 1 0 8.74228e-08 8.74228e-08 117 118 120 122
307 -5.42529 9.9936 0.784484 0 0.000172655 0 1 1.57045 123 124
308 -5.42529 9.9936 4.78448 0 0.000172655 0 1 1.57045 125 126 127 128
309 -1.51369 9.9936 7.78433 0 1 0 8.74228e-08 8.74228e-08 126 128
310 -5.42529 13.9936 0.784484 0 0.000172655 0 1 1.57045 129 130
311 -5.42529 13.9936 4.78448 0 0.000172655 0 1 1.57045 131 132 133 134
312 -1.51369 13.9936 7.78433 0 1 0 8.74228e-08 8.74228e-08 132 134
313 -9.42529 21.9936 4.78448 0 0.000172655 0 1 1.57045 135 142 143 144 161 163 160 162
314 -6.42529 21.9936 1.78433 0 0 0 1 0 135 136 143
315 -5.42529 17.9936 0.784484 0 0.000172655 0 1 1.57045 137 140 310
316 -1.51369 20.9936 0.784326 0 -0.707107 0.707107 -6.18172e-08 8.74228e-08 137
317 -5.42529 17.9936 4.78448 0 0.000172655 0 1 1.57045 138 139 140 141
318 -2.42529 21.9936 1.78433 0 0 0 1 0 142 144 146 148
319 -9.42529 25.9936 4.78448 0 0.000172655 0 1 1.57045 144 150 151 155 157
320 -5.51369 28.9936 4.78433 0 -0.707107 0.707107 -6.18172e-08 8.74228e-08 151 153 144
321 -6.42529 25.9936 1.78433 0 0 0 1 0 150 151 152 153
322 -1.51369 28.9936 4.78433 0 -0.707107 0.707107 -6.18172e-08 8.74228e-08 154 157 158 144
323 -2.42529 25.9936 1.78433 0 0 0 1 0 154 155 157
324 -5.42529 17.9936 8.78448 0 0.000172655 0 1 1.57045 159 160 161
325 -1.51369 17.9936 11.7843 0 1 0 8.74228e-08 8.74228e-08 159 161 143
326 -5.42529 21.9936 8.78448 0 0.000172655 0 1 1.57045 162 163 164 165
327 -5.42529 21.9936 12.7845 0 0.000172655 0 1 1.57045 166 167 168
328 -1.51369 18.9936 12.7843 0 0.707107 0.707107 6.18172e-08 8.74228e-08 166 168
329 -1.51369 21.9936 15.7843 0 1 0 8.74228e-08 8.74228e-08 135 136 166 143 145 168 150 152 154
330 -5.42529 25.9936 8.78448 0 0.000172655 0 1 1.57045 169 170 171 158 323
331 -1.51369 28.9936 8.78433 0 -0.707107 0.707107 -6.18172e-08 8.74228e-08 169 145 171
332 -5.42529 25.9936 12.7845 0 0.000172655 0 1 1.57045 172 173 174 175
333 -1.51369 28.9936 12.7843 0 -0.707107 0.707107 -6.18172e-08 8.74228e-08 174 175
334 -1.51369 25.9936 15.7843 0 1 0 8.74228e-08 8.74228e-08 135 136 145 173 150 151 152 153 154 175
335 4.57471 -26.0064 0.784169 0 -0.000172655 0 1 -1.57045 176 177
336 2.48631 -29.0064 0.784326 0 0.707107 0.707107 6.18172e-08 8.74228e-08 176 5 181
337 4.57471 -26.0064 4.78417 0 -0.000172655 0 1 -1.57045 178 177 179
338 2.48631 -29.0064 4.78433 0 0.707107 0.707107 6.18172e-08 8.74228e-08 177 179
339 2.48631 -26.0064 7.78433 0 1 0 8.74228e-08 8.74228e-08 179 177
340 4.57471 -22.0064 0.784169 0 -0.000172655 0 1 -1.57045 180 181 182
341 4.57471 -22.0064 4.78417 0 -0.000172655 0 1 -1.57045 183 185 184 186
342 2.48631 -22.0064 7.78433 0 1 0 8.74228e-08 8.74228e-08 184 186
343 4.57471 -18.0064 0.784169 0 -0.000172655 0 1 -1.57045 187 188
344 4.57471 -18.0064 4.78417 0 -0.000172655 0 1 -1.57045 189 191 190 192
345 2.48631 -18.0064 7.78433 0 1 0 8.74228e-08 8.74228e-08 190 192
346 4.57471 -14.0064 0.784169 0 -0.000172655 0 1 -1.57045 193 194
347 4.57471 -14.0064 4.78417 0 -0.000172655 0 1 -1.57045 195 197 196 198
348 4.57471 -10.0064 0.784169 0 -0.000172655 0 1 -1.57045 199 200
349 4.57471 -10.0064 4.78417 0 -0.000172655 0 1 -1.57045 201 203 202 204
350 2.48631 -6.0064 7.78433 0 1 0 8.74228e-08 8.74228e-08 210 212 213 214
351 2.48631 -2.0064 7.78433 0 1 0 8.74228e-08 8.74228e-08 223 221 224 225
352 8.57471 -6.0064 0.784169 0 -0.000172655 0 1 -1.57045 228 230
353 6.48631 -9.0064 0.784326 0 0.707107 0.707107 6.18172e-08 8.74228e-08 226 218 229 228 236
354 8.57471 -6.0064 4.78417 0 -0.000172655 0 1 -1.57045 233 204 210 234 212 221
355 6.48631 -9.0064 4.78433 0 0.707107 0.707107 6.18172e-08 8.74228e-08 231 221 233
356 6.48631 -6.0064 7.78433 0 1 0 8.74228e-08 8.74228e-08 231 232 233 234
357 8.57471 -2.0064 0.784169 0 -0.000172655 0 1 -1.57045 239 240 236
358 6.48631 -2.0064 7.78433 0 1 0 8.74228e-08 8.74228e-08 241 242 243 244
359 10.4863 -5.0064 4.78433 0 0.707107 0.707107 6.18172e-08 8.74228e-08 245 247
360 10.4863 -2.0064 7.78433 0 1 0 8.74228e-08 8.74228e-08 245 246 247
361 16.5747 -2.0064 4.78417 0 -0.000172655 0 1 -1.57045 245 248
362 14.4863 -5.0064 4.78433 0 0.707107 0.707107 6.18172e-08 8.74228e-08 248 301 330 331 332 329
363 14.4863 -2.0064 7.78433 0 1 0 8.74228e-08 8.74228e-08 248
364 4.57471 -14.0064 8.78417 0 -0.000172655 0 1 -1.57045 196 249
365 2.48631 -17.0064 8.78433 0 0.707107 0.707107 6.18172e-08 8.74228e-08 249
366 2.48631 -14.0064 11.7843 0 1 0 8.74228e-08 8.74228e-08 196 24 249
367 4.57471 -10.0064 8.78417 0 -0.000172655 0 1 -1.57045 250 204
368 2.48631 -10.0064 11.7843 0 1 0 8.74228e-08 8.74228e-08 250 204 32 213 231 233
369 2.48631 1.9936 7.78433 0 1 0 8.74228e-08 8.74228e-08 258 260 261 262
370 4.57471 5.9936 0.784169 0 -0.000172655 0 1 -1.57045 103 265 266
371 2.48631 5.9936 7.78433 0 1 0 8.74228e-08 8.74228e-08 268 270 271 272
372 8.57471 1.9936 0.784169 0 -0.000172655 0 1 -1.57045 277 278 273 275
373 6.48631 4.9936 0.784326 0 -0.707107 0.707107 -6.18172e-08 8.74228e-08 276 275 238 278
374 6.48631 1.9936 7.78433 0 1 0 8.74228e-08 8.74228e-08 279 280 281 282
375 4.57471 9.9936 0.784169 0 -0.000172655 0 1 -1.57045 283 284
376 4.57471 9.9936 4.78417 0 -0.000172655 0 1 -1.57045 285 287 286 288
377 2.48631 9.9936 7.78433 0 1 0 8.74228e-08 8.74228e-08 286 288
378 4.57471 13.9936 0.784169 0 -0.000172655 0 1 -1.57045 289 290
379 4.57471 13.9936 4.78417 0 -0.000172655 0 1 -1.57045 291 293 292 294
380 2.48631 13.9936 7.78433 0 1 0 8.74228e-08 8.74228e-08 292 294
381 10.4863 4.9936 4.78433 0 -0.707107 0.707107 -6.18172e-08 8.74228e-08 296 298
382 10.4863 1.9936 7.78433 0 1 0 8.74228e-08 8.74228e-08 295 296 297 298
383 14.4863 1.9936 7.78433 0 1 0 8.74228e-08 8.74228e-08 299 300 301 302
384 14.4863 8.9936 4.78433 0 -0.707107 0.707107 -6.18172e-08 8.74228e-08 303 304 334
385 14.4863 5.9936 7.78433 0 1 0 8.74228e-08 8.74228e-08 303 304
386 4.57471 17.9936 0.784169 0 -0.000172655 0 1 -1.57045 305 308 146
387 2.48631 20.9936 0.784326 0 -0.707107 0.707107 -6.18172e-08 8.74228e-08 305
388 4.57471 17.9936 4.78417 0 -0.000172655 0 1 -1.57045 306 307 308 309
389 1.57471 21.9936 1.78433 0 0 0 1 0 310 312 314 316
390 8.57471 21.9936 4.78417 0 -0.000172655 0 1 -1.57045 314 315 316 319 338 340 339 341
391 5.57471 21.9936 1.78433 0 0 0 1 0 318 319 315
392 2.48631 28.9936 4.78433 0 -0.707107 0.707107 -6.18172e-08 8.74228e-08 322 323 316 324
393 1.57471 25.9936 1.78433 0 0 0 1 0 320 322 324
394 8.57471 25.9936 4.78417 0 -0.000172655 0 1 -1.57045 316 327 320 322 328
395 6.48631 28.9936 4.78433 0 -0.707107 0.707107 -6.18172e-08 8.74228e-08 316 326 328
396 5.57471 25.9936 1.78433 0 0 0 1 0 325 326 327 328
397 20.5747 1.9936 4.78417 0 -0.000172655 0 1 -1.57045 301 331 332
398 18.4863 -1.0064 4.78433 0 0.707107 0.707107 6.18172e-08 8.74228e-08 329 330 331 332
399 17.5747 1.9936 1.78433 0 0 0 1 0 329 331
400 18.4863 1.9936 7.78433 0 1 0 8.74228e-08 8.74228e-08 330 332
401 20.5747 5.9936 4.78417 0 -0.000172655 0 1 -1.57045 335 336
402 18.4863 8.9936 4.78433 0 -0.707107 0.707107 -6.18172e-08 8.74228e-08 333 334 335 336
403 17.5747 5.9936 1.78433 0 0 0 1 0 333 335
404 18.4863 5.9936 7.78433 0 1 0 8.74228e-08 8.74228e-08 334 336
405 4.57471 17.9936 8.78417 0 -0.000172655 0 1 -1.57045 337 338 339
406 2.48631 17.9936 11.7843 0 1 0 8.74228e-08 8.74228e-08 337 339 315
407 4.57471 21.9936 8.78417 0 -0.000172655 0 1 -1.57045 342 340 341 343
408 4.57471 21.9936 12.7842 0 -0.000172655 0 1 -1.57045 344 345 346
409 2.48631 18.9936 12.7843 0 0.707107 0.707107 6.18172e-08 8.74228e-08 344 346
410 2.48631 21.9936 15.7843 0 1 0 8.74228e-08 8.74228e-08 344 346
411 4.57471 25.9936 8.78417 0 -0.000172655 0 1 -1.57045 347 158 323 348 349
412 2.48631 28.9936 8.78433 0 -0.707107 0.707107 -6.18172e-08 8.74228e-08 347 349 317
413 4.57471 25.9936 12.7842 0 -0.000172655 0 1 -1.57045 350 352 351 353
414 2.48631 28.9936 12.7843 0 -0.707107 0.707107 -6.18172e-08 8.74228e-08 352 353
415 2.48631 25.9936 15.7843 0 1 0 8.74228e-08 8.74228e-08 351 353
