0 -11.7011 -2.67902 6.90812 0 0 0.583258 0.812287 1.24477 0 1 2 3 4 5 6 7 8 14 437 496
1 -9.21054 -1.56671 7.06338 0 0 0.979646 0.200732 1.52776 1 2 3 4 5 6 7 8 10 13 14 16 496 497 500 502 503 504 505 507 509 531 532 533 534
2 -5.39953 -7.15523 6.7032 0 0 0.926032 0.377445 1.07379 25 26 27 28 29 34 40 41 42
3 -5.80426 -4.82015 7.00455 0 0 0.972128 0.234452 1.36779 25 26 27 28 29 34 35 37 38 39 40 42 43 44 45 46 48 50 69 72
4 -8.62366 -3.95178 6.97828 0 0 0.583508 0.812107 1.32816 4 5 7 9 10 11 12 17 18 19 34 35 37 38 39 45 48 50
5 -7.66405 -0.658586 7.03382 0 0 0.909046 -0.416695 1.42385 2 3 4 5 6 7 8 9 10 11 12 13 14 15 16 17 18 19 20 21 22 23 24 37 48 49 50 51 54 502 504 505 531 532 533 534 539 545
6 -6.64225 -3.36535 7.065 0 0 0.773521 0.633771 1.54299 9 11 17 19 34 35 37 38 39 40 42 43 44 45 46 47 48 50 51 59 60 61 62 69 71 72 73 74 89 90
7 -6.16154 -0.460412 7.0058 0 0 0.882152 -0.470964 1.36986 12 13 14 15 16 18 19 20 21 22 23 24 37 39 44 45 46 47 48 49 50 51 54 55 56 57 59 60 61 62 64 66 67 89 90 533 544 545 546 547 548 580 581 583
8 -5.90439 -5.5932 6.90783 0 0 0.51824 0.855235 1.24447 26 27 28 29 31 32 33 34 35 38 39 40 42 43 44 45 46 68 69 70 71 72 76 77 78 128 129 131 148
9 -4.31976 -5.16625 7.01502 0 0 0.465138 0.885238 1.38589 31 32 33 40 68 69 70 71 72 74 75 76 77 78 79 82 83 84 125 126 128 129 130 131 134 135 140 141 143 148 149 150 151 158
10 -4.80264 -2.06203 7.03403 0 0 -0.865641 0.500666 1.42431 9 31 33 37 38 39 42 43 44 45 46 47 48 50 51 56 59 60 61 62 67 68 69 70 71 72 73 74 75 76 77 78 79 82 83 84 85 89 90 91 100 156
11 -4.68689 -0.397711 6.99749 0 0 0.869818 -0.493373 1.35642 23 49 51 54 55 56 57 59 60 61 62 64 66 67 73 74 75 82 83 85 88 89 90 91 92 93 94 95 97 98 99 100 101 102 103 172 173 176 580 581 582 583 586 588 589 590 591 616 618
12 -3.27534 -1.96429 7.01779 0 0 -0.859244 0.511567 1.39098 46 47 61 71 72 73 74 75 77 78 79 82 83 84 85 88 89 90 91 92 94 97 98 99 100 101 129 131 140 141 148 149 150 151 155 156 157 158 159 166 167 172 174
13 -3.6926 -0.347768 7.01813 0 0 -0.726714 0.68694 1.39161 61 62 66 88 89 90 91 92 93 94 95 97 98 99 100 101 102 103 104 155 167 172 173 174 175 176 177 178 179 181 188 189 590 616 618 626 630 651 654 660
14 -5.37129 -6.91225 5.01131 0 0 0.16508 0.98628 0.32051 105 106 107 108 109 110 111 112 115 116 117 119 120 121 122 125 137 139 143 145 161 163 198 199 200 201 202 203 204 260
15 -5.20937 -4.17764 5.70999 0 0 -0.0268264 0.99964 0.579906 119 125 126 128 129 131 137 139 143 145 148 149 150 156 157 161 163 167 169 171 201 202 203 204 260 261 262 263
16 -4.51843 -2.65006 6.4495 0 0 -0.0409994 0.999159 0.918099 131 141 142 145 148 149 150 151 156 157 158 159 161 162 163 166 167 169 170 171 174 175 178 181 185 187 188 189 193 204 260 261 262 263 264 265
17 -4.54368 -1.11521 6.42764 0 0 -0.0480757 0.998844 0.906191 155 162 166 167 169 171 174 175 178 179 181 184 185 186 187 188 189 192 193 195 263 264 265 266 267 654 660 662 665 666 668 670 726 727
18 -5.48485 -7.32497 6.6919 0 0 -0.00180882 0.999998 0.384662 107 108 116 117 119 137 139 142 198 199 200 201 202 205 206 208 210 212 213 214 216 218 229 231 232 233 235 237 245
19 -3.31271 -7.30131 7.69987 0 0 -0.00689605 0.999976 0.791255 206 208 213 214 215 216 217 218 234
20 -5.49485 -5.81274 6.66668 0 0 -0.00368661 0.999993 0.37561 107 108 116 117 118 119 137 138 139 143 144 145 160 161 162 163 198 199 200 201 202 203 204 205 206 208 210 212 213 214 216 218 229 231 232 233 235 237 239 241 242 243 245 247 260 269 271 272 273 275 277
21 -5.47362 -4.63821 6.68491 0 0 0.0465911 0.998914 0.382152 116 118 119 137 139 143 145 160 161 162 163 169 171 185 186 200 201 202 203 204 212 214 218 229 231 232 233 235 237 239 241 242 243 245 247 260 261 262 263 264 269 271 272 273 275 277 279 281 282 283 285 287 301 303 304 307 309
22 -3.35545 -5.81502 7.65691 0 0 -0.00415461 0.999991 0.771092 206 208 213 214 215 216 217 218 232 233 234 235 236 237 242 243 244 245 246 247
23 -2.01428 -5.83453 9.95468 0 0 -0.000850461 1 1.29734 206 208 213 214 216 218 219 221 222 225 226 227 232 233 235 237 242 243 245 247 248 249 252 253 256 257 258 259 272 273 275 277 288 289 296 1015 1016 1017 1046 1047 1048 1049 1085 1086
24 -2.78627 -6.47225 7.23026 0 0 0.393457 0.919343 0.588004 166 167 204 233 234 235 236 237 242 244 245 260
25 -1.74224 -5.93192 9.70679 0 0 0.485374 0.874306 1.0763 204 242 243 245 247 249 252 253 256 257 258 259 260 261 262 272 273 275 277 282 283 285 287 288 289 292 293 296 297 298 304 305 307 320 321 1031 1033 1041 1043 1046 1047 1048 1049 1070 1072 1080 1085 1086 1087
26 -5.45967 -3.59776 6.51939 0 0 0.116088 0.993239 0.323351 143 145 161 163 169 171 185 186 187 191 192 193 194 195 204 239 241 243 245 247 260 261 262 263 264 265 266 267 269 271 272 273 275 277 279 281 282 283 285 287 301 303 304 305 307 309 311 313 314 315 317 319 665 666 726 735 737 738 741 743 751
27 -5.43948 -2.07049 6.59335 0 0 0.11277 0.993621 0.349467 169 171 185 186 187 192 193 194 195 262 263 264 265 266 267 279 281 282 283 285 287 301 303 304 305 307 309 311 313 314 315 317 319 664 665 666 667 668 673 674 675 676 677 678 690 726 727 728 729 730 735 737 738 739 741 743 745 747 748 749 751 753 763 766 769 771
28 -3.18055 -3.70242 7.68285 0 0 0.170146 0.985419 0.783217 243 246 265 266 272 273 274 275 277 282 283 284 285 286 287 304 305 306 307
29 -1.91374 -3.73374 9.88927 0 0 0.32215 0.946689 1.22568 253 258 259 263 264 265 266 267 273 275 277 282 283 285 287 288 289 292 293 296 297 298 299 304 305 307 309 314 315 317 319 320 321 324 325 326 327 328 738 739 741 754 755 756 1043 1049 1070 1072 1080 1082 1085 1086 1087 1088 1093 1102 1117
30 -3.22692 -1.56799 7.77171 0 0 0.0465087 0.998918 0.825938 283 287 304 305 306 307 309 314 315 317 319 738 739 740 741 742 743
31 -2.08218 -1.48892 9.93211 0 0 0.0567912 0.998386 1.27073 267 272 273 277 282 283 285 287 289 292 293 297 298 299 304 305 307 309 314 315 317 319 320 321 323 324 325 326 327 328 726 727 728 729 730 738 739 741 743 748 749 751 753 754 755 756 757 758 759 760 761 1072 1080 1082 1086 1087 1088 1090 1092 1093 1094 1095 1096 1102 1104 1112 1117 1530 1531 1532 1533 1534 1535 1536 1537 1558 1560
32 -17.994 5.47108 6.99503 0 0 0.917197 -0.398435 1.35261 331 333 334 336 337 338 363 364 365 374 711 712 716 717 718 719 720 724
33 -18.0109 7.24839 6.9414 0 0 0.883765 -0.46793 1.2814 333 334 336 337 338 363 374 375 377
34 -17.8471 0.0416304 6.78271 0 0 0.571666 0.820487 1.1326 339 341 343 345 346
35 -15.2004 1.28921 7.05896 0 0 0.955474 0.295074 1.50152 343 345 346 347 348 349 350 351 352 354 355 356 357 358 382 389 410
36 -16.5388 3.43512 7.05072 0 0 0.983315 -0.18191 1.46931 341 342 343 344 347 361 364 365 366 367 368 369 370 371 719 721 722 723 724 725
37 -16.4975 5.48634 6.99305 0 0 0.914865 -0.403759 1.34958 331 336 337 338 361 363 364 365 366 367 368 369 370 371 372 373 374 375 376 377 378 379 381 384 385
38 -14.9868 3.83314 7.01375 0 0 0.935638 -0.352961 1.3836 344 346 347 348 349 350 351 352 355 356 357 358 361 366 367 368 369 370 372 373 380 381 382 383 384 385 386 389 390 391 411
39 -14.9993 5.4619 6.9973 0 0 0.917633 -0.397429 1.35613 356 371 372 373 376 377 378 379 381 382 383 384 385 386 388 389 390 393 395 396 397 398 399 469 472
40 -14.6477 -1.12462 6.93028 0 0 0.593226 0.805036 1.26868 400 401 402 404 429
41 -13.5699 2.04177 7.04894 0 0 0.967804 -0.251705 1.4636 349 350 351 352 353 354 355 356 357 358 391 400 401 402 403 405 406 407 408 409 410 411 412 415 417 468
42 -12.3538 -0.345689 7.06025 0 0 0.897949 0.440099 1.50802 402 404 405 427 428 429 431 433 435 439 445 448 450 453
43 -12.0472 2.34114 7.02086 0 0 0.927075 -0.374876 1.3968 403 404 405 407 408 409 410 412 414 415 417 419 421 423 424 425 426 427 428 429 431 433 435 446 448 450 451 452 453 454 455 456 458 459 470 474 475 476
44 -13.5252 3.83718 7.01851 0 0 0.93047 -0.366367 1.39233 356 357 358 381 382 383 386 389 390 391 393 395 396 397 398 407 408 409 410 411 412 414 417 423 424 425 426 468 469 470 471 472 473 474 475
45 -13.4894 5.45552 6.99682 0 0 0.919721 -0.392573 1.35538 388 396 397 398 399 413 424 469 470 471 472 473 474 475 477 478 479 488
46 -11.9901 3.89288 7.00628 0 0 0.927516 -0.373784 1.37067 397 421 424 425 426 450 451 452 453 454 455 456 457 459 463 464 465 466 469 470 471 472 473 474 475 476 477 478 479 481 482 483 484 488 493
47 -12.0409 6.03844 6.86089 0 0 -0.853657 0.520836 1.19873 396 397 398 457 471 472 473 475 476 477 478 479 481 482 483 484 486 487 488 492 493
48 -10.724 0.79147 7.04419 0 0 0.905746 -0.423822 1.44971 2 3 6 404 427 428 429 431 433 435 437 439 441 443 445 446 447 448 452 453 458 495 496 497 498 499 500 502 503 504
49 -10.5167 2.39615 7.00961 0 0 0.923723 -0.383062 1.37633 422 425 426 446 447 448 451 452 453 454 455 456 457 458 459 460 461 463 464 465 466 481 483 493 494 495 497 498 499 500 501 507 508 512 513 514 515 520 525
50 -9.44057 1.23356 6.99315 0 0 -0.798851 0.601528 1.34973 3 6 7 8 13 14 15 16 439 441 443 446 447 448 460 495 496 497 498 499 500 501 502 503 504 505 507 508 509 510 512 531 532 533 534 539 540 541 545 546
51 -9.26956 2.66089 6.99474 0 0 -0.84636 0.53261 1.35216 448 452 453 458 459 460 461 463 465 466 499 500 501 505 507 508 509 510 512 513 514 515 517 518 519 520 524 525 526 527 528 529 532 534 538 539 540 541 548 549 552 553 554 555 556 561 562 568
52 -10.4634 3.96133 6.99186 0 0 0.922289 -0.386501 1.34777 455 456 457 459 460 461 463 464 465 466 475 476 477 479 481 482 483 484 486 487 488 492 493 499 512 513 514 515 517 518 519 520 527 528 529 568 569 570
53 -9.169 4.8741 5.24505 0 0 -0.812627 0.582785 1.10388 530 557 568 569 570 571 573 574 576 577 578
54 -8.96657 4.1158 6.96395 0 0 0.903995 -0.427542 1.30902 466 484 487 492 493 515 517 518 519 520 524 526 527 528 529 530 536 540 552 553 554 555 556 557 558 560 565 568 569 570 571 573 574 576 577 578
55 -7.64694 1.04848 7.00259 0 0 0.883729 -0.467998 1.36457 14 15 16 20 21 22 23 24 54 55 497 500 501 503 504 505 507 508 509 510 524 525 526 531 532 533 534 538 539 540 541 544 545 546 547 548 549 550 551 552 553 554 580 582 583 584 588
56 -7.54189 2.47617 7.00116 0 0 0.909933 -0.414756 1.36225 510 515 518 519 524 525 526 527 528 529 530 538 539 540 541 544 546 547 548 549 550 551 552 553 554 555 556 557 558 560 561 562 563 564 565 567 571 573 576 578 580 584 585 586 587 593 597 599 601
57 -6.11934 1.04102 7.00055 0 0 0.889516 -0.456904 1.36127 24 55 56 57 60 62 64 66 67 92 93 95 534 538 539 541 544 545 546 547 548 549 550 551 554 561 562 563 564 580 581 582 583 584 585 586 587 588 589 590 591 592 593 594 597 616 617 618 619
58 -6.07475 2.56551 5.49037 0 0 0.893933 -0.448201 1.34554 562 564 567 587 592 593 597 599 601 602 603 604 605 608 609 610 611 612 637
59 -6.09044 2.54377 6.99638 0 0 0.894022 -0.448023 1.35469 66 524 529 538 549 550 551 552 553 554 555 556 557 558 560 561 562 563 564 565 567 578 580 581 582 584 585 586 587 588 589 590 591 592 593 594 596 597 599 601 602 603 604 605 606 608 609 610 611 612 617 621 622 625 633 637 638 639
60 -7.4351 4.8198 5.22496 0 0 -0.848728 0.52883 1.08922 566 574 576 577 578 603 604
61 -7.4893 4.23134 6.94191 0 0 0.888615 -0.458653 1.28198 491 519 524 527 528 529 530 549 551 553 554 555 556 557 558 560 561 562 563 564 565 567 568 569 570 571 573 574 576 577 578 585 597 599 602 603 604 605 606 609 612 613
62 -6.10158 4.28231 5.44714 0 0 0.866136 -0.499808 1.28817 578 603 604 605 606 609 611 612 613 614 615
63 -6.0717 4.08465 6.98637 0 0 0.89216 -0.45172 1.33965 557 560 564 565 567 573 574 576 577 578 593 594 596 597 599 601 602 603 604 605 606 608 609 610 611 612 613 614 615 622 637 638 640 641 642 643
64 -4.653 1.07578 6.99847 0 0 0.879318 -0.476234 1.35797 64 66 88 92 93 94 95 96 97 99 101 102 103 104 177 542 544 548 550 551 580 581 582 584 585 586 587 588 589 590 591 592 593 594 596 597 601 602 605 608 609 610 616 617 618 619 621 622 624 625 626 628 630 631 632 634 637 651 652
65 -4.6305 2.59436 5.4923 0 0 0.881164 -0.472811 1.34845 598 602 605 609 610 611 612 613 614 615 622 625 627 632 633 637 638 639 640 641 642 643 644 645 646 647
66 -4.63548 2.58341 6.99496 0 0 0.88157 -0.472053 1.3525 102 562 563 564 567 585 587 591 592 593 594 596 597 599 601 602 603 604 605 606 608 609 610 611 612 613 614 615 617 618 619 621 622 624 625 626 628 630 631 632 633 634 635 637 638 639 640 641 642 643 644 645 646 647 648 652 656 657 659 681 683
67 -3.84063 1.04616 5.53491 0 0 -0.669319 0.742975 1.42634 618 619 624 625 626 628 630 631 632 633 634 635 651 652 656 657 658 659 662
68 -3.63497 1.1309 7.02103 0 0 -0.747102 0.664709 1.39713 64 66 93 95 101 102 103 104 176 177 178 179 188 189 588 589 590 591 594 596 610 616 617 618 619 621 622 624 625 626 628 630 631 632 633 634 635 637 639 644 651 652 654 656 657 658 659 660 662 670 672
69 -3.6656 2.63142 5.52148 0 0 -0.736582 0.676348 1.398 622 625 633 635 637 638 639 640 641 643 644 645 646 647 648 649 657 659 672 681 682 683 684 685 696
70 -4.6319 4.19059 5.4729 0 0 0.870205 -0.49269 1.3208 613 615 640 641 642 643 645 648
71 -3.69791 1.07871 5.08509 0 0 0.715599 0.698511 0.996626 642 643 648 649 685 696 697
72 -3.05819 0.656254 5.52549 0 0 -0.269981 0.962866 1.40595 179 188 189 651 652 654 658 660 662 670 672 687
73 -4.60143 1.29186 6.15433 0 0 -0.221735 0.975107 0.76989 104 176 177 178 179 188 189 190 193 194 195 651 654 658 660 662 664 665 666 667 668 670 672 673 675 676 677 678 687 689 692 693 694 726 727 728 729 730
74 -3.51942 2.29855 5.40664 0 0 -0.229652 0.973273 1.24323 657 658 659 670 672 681 683 684 685 687 689 696 697
75 -5.10869 2.93833 5.42246 0 0 -0.208122 0.978103 0.46912 656 658 659 667 668 669 670 671 672 675 676 677 678 683 686 687 688 689 692 693 694 695 696 697 699 701 702 703 704 705 727 728 729 730 731 732 733
76 -5.48494 3.2204 5.19046 0 0 -0.00881678 0.999961 0.384148 683 684 685 687 689 692 693 694 695 697 699 701 702 703 704 705 730 731 732 733
77 -18.5882 2.37471 8.5458 0 0 0.774249 0.632881 1.45424 341 343 344 361 364 367 368 369 370 371 372 373 374 376 378 379 710 711 712 713 714 715 716 717 718 719 721 722 723 724 725
78 -17.9843 5.40782 8.50329 0 0 0.926329 -0.376716 1.36572 331 333 334 336 337 338 361 363 364 365 366 367 369 370 374 710 711 712 713 714 715 716 717 718 719 720 721 722 723 724 725
79 -16.5571 3.17601 8.5569 0 0 0.999958 -0.00917775 1.49223 331 337 338 341 342 343 344 345 347 348 361 364 365 366 367 368 369 370 371 372 373 374 375 376 377 378 379 380 381 384 385 399 713 714 715 716 717 718 719 721 722 723 724 725
80 -5.51464 0.0424165 6.60935 0 0 0.0184979 0.999829 0.355148 185 186 187 192 193 194 195 265 266 267 301 303 305 307 309 311 313 314 315 317 319 665 666 667 668 675 676 677 678 692 693 694 695 702 703 726 727 728 729 730 731 732 735 737 738 739 741 743 745 747 748 749 751 753 763 765 766 767 769 771 773 776 779 781
81 -5.48368 1.67558 6.69476 0 0 -0.00189532 0.999998 0.385694 194 319 665 666 667 668 675 676 677 678 692 693 694 695 702 703 704 705 726 727 728 729 730 731 732 733 735 737 738 739 741 743 745 747 748 749 751 753 763 765 766 767 769 771 773 775 776 777 779 781
82 -3.22719 0.0911027 7.78039 0 0 0.0145618 0.999894 0.830216 314 315 316 317 318 319 738 739 740 741 743 748 749 750 751 752 753 766 769
83 -2.09674 0.582139 9.90969 0 0 -0.150005 0.988685 1.24641 263 264 265 266 267 293 304 305 307 309 314 315 317 319 320 321 323 324 325 326 327 328 726 738 739 741 743 748 749 751 753 754 755 756 757 758 759 760 761 769 771 779 782 783 784 785 786 788 1090 1092 1093 1094 1095 1096 1530 1531 1532 1533 1534 1535 1536 1537 1543 1545 1553 1555 1558 1559 1560 1561 1562 1564 1571 1573 1581
84 -3.25905 1.6823 7.75176 0 0 -0.0037795 0.999993 0.816181 742 748 749 750 751 752 753 766 767 769 771 776 777 778 779 780 781
85 -1.99182 1.78077 9.95938 0 0 -0.047069 0.998892 1.30319 266 267 315 325 327 726 727 728 729 730 738 739 741 743 748 749 751 753 754 755 756 757 758 759 760 761 766 767 769 771 776 777 779 781 782 783 784 785 786 787 788 789 1094 1096 1530 1531 1532 1533 1534 1535 1536 1537 1558 1559 1560 1561 1562 1563 1564 1565 1581 1583
86 -5.48248 3.1516 6.69773 0 0 0.00181159 0.999998 0.386762 677 678 692 693 694 695 702 703 704 705 729 730 731 732 733 747 749 753 763 765 766 767 769 771 773 775 776 777 779 781
87 -3.2604 3.15622 7.75054 0 0 0.00141383 0.999999 0.815588 767 771 776 777 778 779 780 781
88 -1.96812 3.16898 9.96723 0 0 -0.00232123 0.999997 1.31328 727 728 729 730 731 732 733 749 753 759 761 766 767 769 771 776 777 779 781 782 783 784 785 786 787 788 789 1534 1535 1536 1537 1558 1559 1560 1561 1562 1563 1564 1565
89 4.55576 -6.42596 6.36927 0 0 0.992173 0.12487 0.875252 798 800 801 802 803 804 805 806 808 809 810 811 812 813 814 815 816 817 818 819 820 821 830 834 1050 1051 1052 1053 1054
90 3.62302 -3.98913 6.90879 0 0 0.992308 -0.12379 1.24547 804 809 810 815 816 817 818 819 820 821 834 835 841 842 843 844 850 1053 1054 1055 1056 1067 1118 1119 1120
91 3.88785 -2.69887 6.82171 0 0 0.999117 -0.0420033 1.16432 816 819 821 834 835 841 842 843 844 845 846 848 850 855 856 863 864 869 870 873 874 1118 1119 1120 1121 1122 1123
92 4.41279 -1.34822 6.53434 0 0 0.999996 0.00266946 0.966191 838 840 841 842 848 855 856 858 860 863 864 865 866 868 869 870 873 874 1121 1122 1123 1124 1125 1136 1138 1140 1142 1146 1154 1156 1586 1587
93 4.50286 -7.00842 6.91639 0 0 0.877406 0.479748 1.25349 803 804 809 810 817 818 820 877 878 879 880 883 884 897 904 930
94 3.58714 -3.84072 7.06541 0 0 -0.585266 0.810841 1.54854 809 810 815 816 817 818 819 820 821 834 843 844 845 846 877 878 883 884 886 888 895 896 897 898 902 904 905 906 907 909
95 3.41336 -6.01215 5.22424 0 0 0.0475628 0.998868 1.0887 879 880 881 883 884
96 3.15228 -4.04525 5.06254 0 0 -0.0689114 0.997623 0.982931 877 878 879 897 898 904 905
97 5.80168 -5.34995 6.98404 0 0 0.859368 0.511357 1.33628 819 820 821 845 877 878 880 883 884 886 888 892 893 895 897 898 904 905 906 909 930 932 934 935 936 938 939 940 941 945 946
98 3.28814 -1.93883 7.01444 0 0 -0.520206 0.854041 1.38484 815 816 819 834 835 841 842 843 844 845 846 848 850 851 852 869 871 895 896 898 900 901 902 903 905 907 908 909 910 911 912 914 915 918 921 923 924 925 926 928 936 937 949
99 4.41252 -0.359856 6.9776 0 0 0.883267 -0.46887 1.32721 848 855 856 863 864 866 869 870 871 872 873 874 875 876 901 902 903 905 907 908 910 911 912 914 915 916 917 918 919 921 923 924 925 926 927 928 950 1136 1138 1146 1154 1156 1158 1159 1160 1192 1194
100 4.78833 -2.11529 7.03916 0 0 -0.47935 0.877624 1.43653 851 878 884 895 896 897 898 900 901 902 903 904 905 906 907 908 909 910 923 924 925 932 934 935 936 937 938 939 941 945 946 947 949 950 951 952 958 959 960 961 969
101 5.14283 -0.383307 7.02356 0 0 -0.665782 0.746146 1.40207 852 871 872 875 876 901 903 911 912 914 915 916 917 918 919 921 923 924 925 926 927 928 929 949 950 951 952 954 956 957 958 959 960 961 962 965 966 967 968 970 1192 1194 1201 1204 1229 1231 1238 1242
102 5.67441 -6.01451 5.49795 0 0 0.0817075 0.996656 1.35715 881 883 886 889 891 892
103 9.54681 -4.78289 5.67621 0 0 0.983796 -0.179293 0.566502 878 881 889 890 891 892 893 894 940
104 6.52313 -3.61304 5.55081 0 0 -0.591098 0.8066 1.4696 886 888 892 893 894 932 940 942 943
105 7.67431 -4.79342 7.0108 0 0 0.973702 0.227824 1.37839 879 881 886 888 889 891 892 893 894 932 934 938 940 941 942 943 945 946 947 959 961 969
106 8.23799 -2.11736 5.31771 0 0 0.974711 -0.223468 1.16095 894 942 943 947 961 969 970 971
107 7.22716 -3.15943 7.0638 0 0 0.95587 0.29379 1.53117 883 884 886 888 891 892 893 894 906 930 932 934 935 936 937 938 939 940 941 942 943 945 946 947 951 959 960 961 962 965 967 968 969 970 971 972 973 974 976 978 979
108 6.33063 -0.491462 7.02612 0 0 -0.526346 0.850271 1.40723 910 924 925 926 929 936 937 939 946 949 950 951 952 954 956 957 958 959 960 961 962 965 966 967 968 970 971 973 974 975 976 977 979 981 982 983 1231 1238 1242 1267 1269 1270 1271 1276
109 8.86882 -4.34835 6.82563 0 0 0.830046 0.557696 1.16764 894 934 938 939 940 941 942 943 945 946 947 959 961 969 970 971 972 973 978 979 980 983 985 986 988 989
110 7.67823 -0.722879 7.04145 0 0 -0.39831 0.917251 1.44237 947 959 960 961 962 967 969 970 971 972 973 974 975 976 977 978 979 980 981 982 983 984 985 986 987 988 989 991 1270 1276 1277 1278 1279 1285 1307 1308 1309
111 9.22568 -1.60723 7.06309 0 0 0.235294 0.971924 1.52554 980 982 983 984 985 986 987 988 989 990 991 992 1276 1277 1278 1279 1307 1308 1309 1310 1312 1314 1316 1317
112 11.7459 -2.78909 6.86564 0 0 0.813058 0.582183 1.2031 985 986 987 988 989 990 991 992 993 1316 1365 1372
113 3.26636 -7.31783 7.74809 0 0 0.999993 -0.00374704 0.814395 1003 1004 1009 1010 1011 1012 1013 1014 1030
114 5.50949 -7.32564 6.63798 0 0 0.999999 -0.00169443 0.365348 798 800 801 802 803 806 808 1001 1003 1004 1006 1008 1010 1012 1013 1014 1027 1029 1031 1033 1034 1035 1041 1050 1051 1052 1053 1054
115 3.22413 -6.5939 7.67878 0 0 0.98898 0.148052 0.781306 1003 1004 1009 1010 1011 1012 1013 1014 1030 1031 1032 1033 1034 1035 1040 1041 1044 1055 1056
116 2.17723 -5.91946 9.90429 0 0 0.999579 0.0289978 1.2408 208 216 218 225 226 227 235 237 245 247 256 257 258 259 296 297 995 998 999 1003 1004 1010 1012 1013 1014 1015 1016 1017 1020 1021 1024 1025 1031 1033 1034 1035 1041 1043 1044 1045 1046 1047 1048 1049 1059 1060 1070 1072 1073 1074 1085 1086 1119 1120
117 5.51942 -6.25132 6.53834 0 0 0.998009 0.0630656 0.330017 798 800 801 803 806 808 812 814 831 833 1001 1003 1004 1006 1008 1010 1012 1013 1014 1027 1029 1031 1033 1034 1035 1037 1039 1041 1043 1044 1045 1050 1051 1052 1053 1054 1055 1056 1066 1068 1070 1072 1073 1074 1076 1080 1118 1119
118 5.47615 -5.07435 6.49696 0 0 0.993684 0.112215 0.315474 803 806 808 812 814 831 833 838 840 842 858 859 860 1008 1012 1014 1027 1029 1031 1033 1034 1035 1037 1039 1041 1043 1044 1045 1052 1053 1054 1055 1056 1066 1068 1070 1072 1073 1074 1076 1078 1080 1082 1083 1084 1098 1100 1102 1104 1105 1106 1108 1112 1118 1119 1120 1121 1122
119 1.19102 -5.92626 8.44403 0 0 0.75524 0.655448 0.477197 296 1060 1072 1080 1083 1085
120 1.87925 -2.31254 9.88182 0 0 0.937052 0.34919 1.21842 287 298 299 307 309 317 319 321 323 324 325 326 327 328 754 755 756 757 760 1063 1064 1087 1088 1090 1091 1092 1093 1094 1095 1096 1102 1104 1106 1112 1114 1115 1116 1117 1124 1125 1530 1531 1532 1533 1534 1535 1536 1537 1543 1545 1546 1547 1553 1555 1556 1557 1560 1571 1573 1574 1575 1586 1587 1588
121 4.67222 -5.19637 6.23458 0 0 0.926295 0.376799 0.224693 833 838 839 840 1039 1056 1066 1068 1070 1072 1073 1074 1076 1078 1080 1082 1083 1084 1088 1098 1102 1104 1105 1106 1112 1117 1118 1119 1120 1121
122 5.46484 -1.95601 6.59934 0 0 0.995471 0.0950639 0.351595 838 840 857 858 859 860 865 866 867 868 1076 1078 1080 1082 1083 1084 1098 1100 1102 1104 1105 1106 1108 1110 1112 1114 1115 1116 1120 1121 1122 1123 1124 1125 1139 1140 1141 1142 1143 1144 1149 1150 1151 1152 1172 1173 1539 1541 1543 1545 1546 1547 1549 1551 1553 1555 1556 1557 1567 1571 1574 1586 1587 1588 1589
123 3.2719 0.868959 5.46173 0 0 0.954578 -0.297962 1.30617 864 874 1136 1138 1146 1148 1154 1156 1158 1159 1160 1169
124 4.55563 0.559669 6.40244 0 0 0.996374 -0.0850793 0.892687 856 859 863 864 865 866 867 868 870 873 874 875 876 1125 1136 1138 1139 1140 1141 1142 1146 1148 1149 1150 1152 1154 1156 1160 1161 1169 1171 1173 1174 1586 1587 1588 1589 1590
125 3.6241 2.37118 5.36176 0 0 0.971789 -0.235854 1.19953 1146 1148 1160 1161 1163 1169 1171 1180 1181 1182 1186 1187 1188 1190
126 5.13313 2.72742 5.53499 0 0 0.984397 -0.17596 0.511642 1137 1138 1140 1141 1142 1145 1146 1147 1148 1149 1150 1151 1152 1155 1156 1159 1160 1161 1162 1168 1169 1170 1171 1172 1173 1174 1175 1176 1177 1178 1179 1180 1181 1182 1183 1184 1185 1186 1187 1587 1588 1589 1590 1591 1592 1593
127 5.47402 3.39255 5.2069 0 0 0.99937 -0.0355027 0.390062 1151 1169 1171 1172 1173 1174 1175 1177 1179 1181 1182 1183 1184 1185 1187 1590 1591 1592 1593
128 3.75052 1.15011 5.51879 0 0 -0.706682 0.707532 1.39286 1136 1138 1154 1156 1158 1159 1160 1161 1162 1163 1192 1193 1194 1196 1197 1198 1199 1200 1201 1203 1207 1208 1211
129 3.76011 1.14773 7.01921 0 0 -0.710117 0.704083 1.39366 863 864 873 874 875 876 916 917 918 919 926 927 928 929 954 956 1136 1138 1146 1148 1154 1156 1158 1159 1160 1161 1162 1163 1192 1193 1194 1196 1197 1198 1199 1200 1201 1203 1204 1205 1207 1208 1210 1211 1229 1230 1231 1233 1235
130 3.62717 2.6549 5.5165 0 0 -0.661582 0.749873 1.3886 1161 1163 1180 1186 1187 1188 1189 1190 1198 1200 1208 1211 1215 1216 1217 1218 1219 1220 1221 1222 1223 1224 1225 1227
131 5.17914 1.27557 6.99292 0 0 -0.683701 0.729762 1.34939 873 874 875 876 916 917 918 919 926 927 928 929 954 956 966 968 975 1158 1159 1160 1161 1162 1163 1192 1193 1194 1196 1197 1198 1199 1200 1201 1203 1204 1205 1207 1208 1210 1211 1229 1230 1231 1232 1233 1235 1236 1237 1238 1239 1241 1242 1243 1244 1245 1246 1267 1272
132 4.65554 2.58158 5.49731 0 0 -0.47721 0.87879 1.35615 1195 1199 1200 1208 1211 1215 1216 1217 1218 1221 1222 1223 1224 1225 1227 1247 1248 1251 1252 1253 1254 1255 1262
133 4.66276 2.63052 6.98886 0 0 -0.489853 0.871805 1.34331 1159 1161 1162 1163 1186 1188 1189 1192 1193 1194 1196 1197 1198 1199 1200 1201 1203 1205 1207 1208 1210 1211 1215 1216 1217 1218 1220 1221 1222 1223 1224 1225 1227 1228 1230 1233 1235 1236 1237 1244 1246 1247 1248 1250 1251 1252 1253 1254 1255 1257 1259 1261 1262 1263 1264 1265 1287 1288 1290 1292 1293
134 3.62802 4.00695 5.53979 0 0 -0.65381 0.756658 1.43812 1180 1181 1190 1219 1226 1228
135 4.65871 4.21219 5.47113 0 0 -0.503904 0.86376 1.31843 1218 1220 1225 1226 1227 1228 1253 1255
136 6.36329 1.1691 7.00089 0 0 -0.565571 0.8247 1.36182 927 928 929 954 956 957 958 966 968 975 1201 1203 1204 1205 1207 1210 1229 1230 1231 1232 1233 1236 1237 1238 1239 1241 1242 1243 1244 1245 1246 1259 1267 1269 1270 1271 1272 1273 1274 1275 1276 1277 1278 1279 1281 1284 1285 1287 1289 1298 1299
137 6.08413 2.55996 5.49219 0 0 -0.44878 0.893642 1.34828 1223 1236 1237 1244 1247 1248 1250 1251 1254 1257 1259 1261 1262 1264 1265 1288 1290 1292 1293
138 6.24711 2.69309 6.9855 0 0 -0.52914 0.848534 1.33839 929 1204 1205 1208 1210 1211 1217 1221 1222 1223 1224 1229 1230 1231 1232 1233 1235 1236 1237 1239 1241 1243 1244 1245 1246 1247 1248 1250 1251 1252 1254 1257 1259 1261 1262 1263 1264 1265 1272 1273 1274 1275 1281 1287 1288 1289 1290 1292 1293 1295 1297 1298 1299 1300 1301 1302 1304 1305 1325 1346 1348
139 7.66147 1.08258 6.99783 0 0 -0.479431 0.87758 1.35696 962 967 968 971 974 975 976 977 982 984 1231 1232 1239 1241 1242 1245 1267 1269 1270 1271 1272 1273 1274 1275 1276 1277 1278 1279 1281 1284 1285 1286 1298 1300 1307 1308 1309 1310 1312 1313 1314 1315 1317 1320 1325 1328 1329
140 8.04255 2.85198 6.97061 0 0 -0.642923 0.765931 1.31773 1232 1236 1237 1239 1241 1243 1244 1245 1246 1250 1254 1257 1259 1261 1262 1264 1267 1272 1273 1274 1275 1281 1284 1285 1286 1287 1288 1289 1290 1292 1295 1298 1299 1300 1301 1302 1304 1305 1306 1313 1315 1321 1325 1328 1329 1330 1331 1332 1333 1334 1336 1337 1341
141 6.13306 4.25414 5.45801 0 0 -0.503328 0.864096 1.30147 1248 1251 1252 1253 1254 1255 1262 1263 1264 1265 1293 1346
142 6.09305 4.09848 6.98619 0 0 -0.460524 0.887647 1.33939 1211 1222 1223 1224 1225 1226 1227 1228 1233 1235 1237 1247 1248 1250 1251 1252 1253 1254 1255 1257 1259 1261 1262 1263 1264 1265 1288 1292 1293 1295 1297 1304 1306 1346 1348 1350 1351 1353 1354 1356
143 8.04492 5.17376 5.12545 0 0 -0.669955 0.742401 1.0219 1265 1293 1296 1346 1348 1350 1351 1353 1354 1356
144 7.87831 4.55232 6.90071 0 0 -0.608435 0.793603 1.23714 1244 1251 1254 1255 1257 1259 1261 1262 1263 1264 1265 1287 1288 1289 1290 1292 1293 1295 1297 1298 1299 1301 1302 1304 1305 1306 1325 1331 1332 1333 1334 1341 1344 1346 1348 1350 1351 1353 1354 1355 1356 1357 1358 1359
145 9.03989 0.940646 7.00591 0 0 -0.402896 0.915246 1.37005 980 982 983 984 985 986 987 988 989 991 1270 1276 1277 1278 1279 1285 1307 1308 1309 1310 1312 1313 1314 1315 1316 1317 1319 1320 1321 1322 1323 1329 1336 1337 1338 1339 1364 1367 1368 1370 1371 1381
146 9.49678 2.80359 6.98029 0 0 -0.625226 0.780444 1.33096 1274 1275 1277 1281 1284 1285 1286 1289 1290 1295 1298 1299 1300 1301 1302 1305 1312 1313 1314 1315 1320 1321 1323 1325 1328 1329 1330 1331 1333 1334 1336 1337 1338 1339 1341 1344 1345 1368 1371 1381 1382 1383 1384 1386 1387 1388 1390
147 10.5844 0.679125 7.04101 0 0 -0.323119 0.946358 1.44123 989 990 991 1309 1316 1317 1319 1322 1323 1362 1364 1365 1366 1367 1368 1370 1371 1372 1373 1374 1376 1378 1379 1380 1381 1383 1384 1391 1400
148 11.1085 2.83142 6.97822 0 0 -0.662683 0.7489 1.32807 1314 1315 1320 1321 1322 1323 1329 1330 1331 1336 1337 1338 1339 1344 1345 1367 1368 1371 1378 1380 1381 1382 1383 1384 1386 1388 1390 1391 1393 1394 1395 1396 1397 1398 1400 1406 1408 1411 1412
149 9.7909 4.8191 6.81551 0 0 -0.715423 0.698691 1.15912 1259 1287 1288 1289 1290 1292 1295 1297 1298 1299 1300 1301 1302 1304 1305 1306 1324 1325 1330 1331 1332 1333 1334 1337 1339 1341 1344 1345 1348 1350 1351 1353 1354 1355 1356 1357 1358 1359 1360 1382 1384 1386 1387 1388 1389 1391 1427 1430 1431 1432
150 11.2414 4.62069 6.89401 0 0 -0.704593 0.709611 1.23039 1300 1301 1325 1330 1331 1332 1333 1334 1337 1339 1341 1344 1345 1353 1354 1355 1356 1357 1358 1359 1360 1382 1384 1386 1387 1388 1389 1391 1394 1395 1396 1397 1398 1407 1411 1412 1415 1427 1430 1431 1432 1434 1435 1436 1437 1438 1441 1442 1443 1446
151 10.3599 6.94596 6.30679 0 0 -0.563952 0.825807 0.843356 1330 1344 1352 1353 1354 1355 1356 1358 1360 1427 1429 1430 1432 1433 1435 1438 1439 1440 1441 1446 1454
152 12.2234 -0.180712 7.06107 0 0 0.284612 0.958643 1.51254 1368 1370 1373 1374 1376 1378 1379 1380 1391 1393 1399 1400 1401 1402 1406
153 12.4068 2.6579 7.00618 0 0 -0.579813 0.814749 1.3705 1367 1368 1370 1371 1376 1378 1379 1380 1381 1382 1383 1384 1388 1390 1391 1393 1394 1395 1397 1400 1402 1406 1408 1409 1410 1411 1412 1414 1415 1416 1417 1418 1419 1421 1423 1424 1457
154 14.6741 -1.17494 6.91259 0 0 0.806539 0.591181 1.24945 1379 1399 1401 1403 1404
155 13.5569 1.98157 7.05027 0 0 -0.213128 0.977024 1.46782 1401 1402 1403 1404 1409 1416 1417 1418 1419 1421 1423 1424 1425 1451 1457 1458 1459 1460 1461 1462 1463 1464 1467 1468 1477
156 12.6915 4.35846 6.97324 0 0 -0.689093 0.724673 1.32126 1360 1382 1384 1386 1387 1388 1389 1391 1394 1395 1396 1397 1398 1411 1412 1414 1415 1421 1423 1424 1425 1430 1431 1432 1434 1435 1436 1437 1438 1441 1442 1443 1444 1445 1446 1447 1448 1449 1451 1452 1453 1455 1461
157 13.2917 6.1778 6.83613 0 0 -0.817263 0.576264 1.17665 1354 1358 1360 1427 1432 1435 1437 1438 1440 1441 1442 1443 1444 1445 1446 1447 1448 1449 1450 1451 1452 1453 1454 1455 1456 1483
158 13.5504 3.84316 7.02058 0 0 -0.375475 0.926832 1.39626 1410 1411 1412 1414 1415 1416 1417 1419 1421 1423 1424 1425 1442 1444 1445 1448 1449 1451 1452 1453 1455 1456 1461 1462 1464 1477 1479 1480 1481 1482 1483 1485 1486 1487 1488 1490 1491
159 13.5383 5.56741 6.98434 0 0 -0.436203 0.899848 1.33671 1415 1440 1441 1442 1443 1444 1445 1446 1447 1448 1449 1452 1453 1454 1455 1456 1482 1483 1485 1486 1493 1496 1498
160 15.6077 0.891714 7.04805 0 0 0.638965 0.769236 1.46087 1404 1418 1419 1424 1457 1458 1459 1460 1461 1462 1463 1465 1466 1467 1469 1471 1473
161 17.8313 0.0966622 6.80927 0 0 0.820658 0.57142 1.15395 1465 1466 1471 1473 1476
162 15.0482 3.81465 7.0237 0 0 -0.364842 0.931069 1.40237 1425 1459 1460 1461 1462 1463 1464 1465 1467 1468 1469 1470 1472 1477 1480 1481 1487 1488 1489 1490 1491 1494 1495 1499 1500 1501 1502 1503 1504 1505 1508
163 15.0157 5.47252 6.99753 0 0 -0.404452 0.914559 1.35649 1452 1455 1456 1464 1479 1480 1481 1482 1483 1485 1486 1487 1488 1490 1491 1493 1494 1495 1496 1498 1503 1504 1506 1514 1515 1516 1517
164 16.5443 3.40021 7.05209 0 0 -0.160871 0.986975 1.47391 1466 1469 1471 1472 1473 1474 1499 1500 1501 1502 1505 1506 1508 1510 1511 1594 1595 1596 1597 1602
165 16.5041 5.48182 6.99429 0 0 -0.40349 0.914984 1.35147 1490 1494 1495 1499 1500 1501 1502 1503 1504 1505 1506 1508 1510 1511 1513 1514 1515 1516 1517 1518 1519 1523 1524 1526
166 16.5164 7.73062 6.78154 0 0 -0.536315 0.844018 1.13168 1496 1498 1514 1515 1517 1519 1529
167 17.9978 5.46709 6.99573 0 0 -0.397408 0.917642 1.35368 1510 1511 1513 1518 1523 1524 1526 1528 1529 1597 1599 1602 1603 1604 1606 1607 1608
168 18.0098 7.25958 6.93787 0 0 -0.468793 0.883308 1.2773 1513 1517 1518 1519 1523 1524 1526 1528 1529
169 2.78609 1.83487 7.63007 0 0 0.941446 -0.337164 0.758688 855 856 1125 1545 1547 1553 1555 1556 1557 1571 1586 1587
170 2.00054 0.849285 9.90535 0 0 0.968628 -0.248516 1.24189 323 324 325 326 327 741 743 751 753 754 755 756 757 758 759 760 761 769 771 782 783 784 785 788 1064 1082 1084 1090 1091 1092 1093 1094 1095 1096 1102 1104 1105 1106 1112 1114 1115 1116 1117 1121 1122 1123 1124 1125 1530 1531 1532 1533 1534 1535 1536 1537 1543 1545 1546 1547 1553 1555 1556 1558 1559 1560 1561 1562 1564 1571 1586 1587
171 2.00296 1.85145 9.95488 0 0 0.997217 -0.0745476 1.29757 325 327 754 755 756 757 758 759 760 761 771 779 781 782 783 784 785 786 787 788 789 1094 1096 1116 1124 1125 1530 1531 1532 1533 1534 1535 1536 1537 1543 1545 1546 1547 1553 1555 1556 1557 1558 1559 1560 1561 1562 1563 1564 1565 1571 1573 1574 1575 1581 1583 1584 1585 1586 1587 1588 1589 1590
172 5.07841 1.94524 6.38645 0 0 0.960714 -0.27754 0.276958 842 862 865 866 867 868 1100 1104 1108 1110 1112 1114 1115 1116 1125 1139 1140 1141 1142 1150 1152 1173 1539 1541 1543 1545 1546 1547 1549 1551 1553 1555 1556 1557 1567 1571 1574 1586 1587 1588 1589 1590 1591
173 5.50004 2.01388 6.61309 0 0 0.998556 -0.0537255 0.356481 867 868 1110 1114 1116 1125 1139 1140 1141 1142 1149 1150 1151 1152 1172 1173 1174 1175 1182 1183 1184 1185 1539 1541 1543 1545 1546 1547 1549 1551 1553 1555 1556 1557 1567 1569 1571 1573 1574 1575 1577 1579 1581 1583 1584 1585 1586 1587 1588 1589 1590 1591 1592 1593
174 2.06266 3.1276 9.94155 0 0 0.999907 0.0136193 1.28157 751 753 758 759 761 769 771 779 781 782 783 784 785 786 787 788 789 1535 1537 1555 1557 1558 1559 1560 1561 1562 1563 1564 1565 1571 1573 1574 1575 1581 1583 1584 1585
175 5.54635 3.21617 6.53497 0 0 0.999968 -0.0080204 0.328832 1151 1152 1172 1173 1174 1175 1182 1183 1184 1185 1551 1555 1557 1567 1569 1571 1573 1574 1575 1577 1579 1581 1583 1584 1585 1589 1590 1591 1592 1593
176 16.563 3.1581 8.5571 0 0 0.00378846 0.999993 1.49309 1466 1469 1470 1471 1472 1473 1474 1489 1490 1494 1495 1498 1499 1500 1501 1502 1503 1504 1505 1506 1508 1510 1511 1514 1515 1516 1517 1518 1519 1524 1594 1595 1596 1597 1598 1599 1600 1601 1602 1603 1604
177 18.6076 2.37562 8.54626 0 0 0.640333 0.768097 1.45555 1471 1472 1473 1499 1500 1502 1503 1504 1505 1506 1508 1510 1514 1515 1516 1518 1594 1595 1596 1597 1598 1599 1600 1601 1602 1603 1604 1605 1606 1607
178 17.9814 5.4058 8.50264 0 0 -0.37418 0.927356 1.36465 1500 1501 1502 1505 1508 1510 1511 1513 1518 1523 1524 1526 1528 1529 1594 1595 1596 1597 1598 1599 1600 1601 1602 1603 1604 1605 1606 1607 1608
