0 -19.0518 5.65653 7.14031 0 0 0.911824 -0.410582 1.34545 1 2 3 4 426 434 435
1 -19.4381 7.08465 7.13936 0 0 -0.81199 0.583671 1.34404 1 223 224 225 435
2 -22.7166 5.12816 7.10508 0 0 -0.0537088 0.998557 0.59798 0 1 2 3 4 425
3 -11.9855 -2.71808 6.9725 0 0 0.566567 0.824016 1.16498 5 6 7 8 13 240 241 242 270 272 281
4 -10.2378 -1.95338 7.1999 0 0 0.688684 0.725062 1.46664 5 6 7 8 10 11 13 15 17 270 272 281 285 314
5 -9.58993 -3.81528 7.01095 0 0 0.555598 0.831451 1.19879 6 7 8 10 11 15 19 20 22 24 37 40
6 -8.39971 -0.668155 7.19727 0 0 0.936974 -0.349399 1.45852 6 7 8 10 11 13 15 17 19 22 24 25 281 285 287 314 316 318
7 -7.54933 -2.89844 7.21402 0 0 0.84778 0.530348 1.53302 10 19 20 22 24 26 27 37 38 39 40 41 42 43 44 45 46
8 -7.17006 -0.380095 7.16217 0 0 0.898466 -0.439043 1.3808 8 13 15 17 19 22 24 25 26 27 37 38 39 40 41 42 43 49 314 315 316 317 320 322 323 324
9 -5.72393 -5.32922 7.16089 0 0 0.961695 0.274123 1.37854 30 31 32 33 34 35 36 37 39 45
10 -7.19524 -4.78764 7.08255 0 0 0.526733 0.850031 1.27122 20 22 31 32 33 34 35 36 37 38 39 40 45 47 69 70 72
11 -5.78017 -4.34589 7.19017 0 0 0.524715 0.851278 1.43907 32 33 34 35 36 37 38 39 40 41 45 46 47 66 67 68 69 70 71 72 79 80 83
12 -6.17646 -1.82728 7.20615 0 0 0.895009 -0.446048 1.4891 10 19 20 22 24 25 26 27 32 33 34 35 36 37 38 39 40 41 42 43 45 46 47 48 83 324
13 -6.02158 -0.289185 7.15328 0 0 0.877665 -0.479275 1.36569 17 24 25 26 27 34 37 38 39 40 41 42 43 44 45 46 47 48 49 50 51 52 89 316 322 323 324 325 349 350 351
14 -4.87265 -1.46101 7.15376 0 0 -0.864231 0.503096 1.36648 20 33 34 35 36 37 38 39 40 41 42 43 44 45 46 47 48 49 51 66 68 69 70 71 72 83 84 85 86 93
15 -4.83326 -0.249815 7.14747 0 0 0.870762 -0.491705 1.3564 26 27 40 41 42 43 44 45 46 47 48 49 50 51 52 70 83 84 85 86 89 90 91 92 100 324 349 350 351 352 362 363 364
16 -5.67203 -7.62188 5.56765 0 0 0.271013 0.962576 0.467324 53 54 55 56 57 58 59 62 64 67 73 75 105 107 109 122 126 127 143 144
17 -5.36044 -6.49284 6.74846 0 0 0.467462 0.884013 1.00488 34 35 36 47 56 66 67 68 69 70 71 72 75 76 77 78 79 80 81 82 104 105 106
18 -3.68383 -2.89955 7.18902 0 0 0.894243 -0.447581 1.4362 33 34 35 36 39 45 46 47 48 51 66 67 68 69 70 71 72 75 76 77 78 79 80 81 82 83 84 85
19 -4.12042 -6.18576 6.90141 0 0 0.432627 0.901573 1.10862 55 56 66 67 68 69 70 71 72 75 76 77 78 79 80 81 82 85 93 95 127 143
20 -2.71348 -2.71178 7.18001 0 0 -0.80918 0.58756 1.41541 35 36 66 68 69 70 71 72 76 77 78 79 80 81 82 83 84 85 86 93 95 144 151 152
21 -3.69098 -1.47663 7.15835 0 0 -0.862239 0.506502 1.37417 36 39 40 45 46 47 48 49 50 51 52 69 70 71 72 76 78 79 80 81 82 83 84 85 86 89 91 93 94 95 96
22 -3.75244 -0.297136 5.9673 0 0 -0.850904 0.525321 1.39007 51 52 86 89 90 91 92 94 100 101 364 379 381
23 -3.71706 -0.276248 7.16073 0 0 -0.856537 0.516086 1.37828 43 44 48 49 50 51 52 80 82 84 85 86 89 90 91 92 93 94 95 96 100 101 102 103 361 362 363 364 365 378 379 381 386
24 -2.98206 -1.54265 7.19091 0 0 -0.713871 0.700278 1.44097 36 47 48 51 70 72 80 82 83 84 85 86 89 91 93 94 95 96 100 102 171 172
25 -3.69668 -0.582294 5.97946 0 0 -0.349168 0.93706 1.41422 86 91 92 94 100 101 102 103 386 390
26 -3.65549 -0.452652 7.16907 0 0 -0.408021 0.912973 1.39339 72 80 83 84 85 86 89 91 92 93 94 95 96 100 101 102 103 180 386 389 390 437
27 -4.67865 -3.3682 5.97153 0 0 -0.0378447 0.999284 0.625032 77 78 81 82 95 96 104 105 106 107 108 109 110 111 112 113 114 115 143 144 151 152 171
28 -4.68986 -2.42767 5.96705 0 0 0.00708726 0.999975 0.623194 81 82 95 96 102 103 108 109 111 112 113 114 115 118 119 120 121 152 171 172 179 180
29 -4.77462 -1.11843 5.84188 0 0 -0.011464 0.999934 0.572707 95 96 102 103 112 113 115 119 121 171 172 179 180 390 406 407 408 411 437 438
30 -4.91416 -7.17436 6.8032 0 0 -0.00197726 0.999998 0.48064 59 62 64 105 122 124 125 126 127 129 131 132 133 146
31 -3.69151 -7.19462 9.24936 0 0 0.00209709 0.999998 1.07112 122 125 126 127 132 133 134 135 137 138 139 141 143 144 149 159 161
32 -4.92946 -5.97527 6.77346 0 0 -0.00182269 0.999998 0.469494 59 62 64 105 107 109 122 124 125 126 127 129 131 132 133 143 144 146 148 149 150 154
33 -3.86772 -5.99492 9.14522 0 0 0.00199132 0.999998 1.00287 122 125 126 127 132 133 134 135 137 138 139 141 143 144 149 150 151 152 157 159 160 161 163 165 167 169
34 -2.0655 -5.96955 9.44049 0 0 -0.00583824 0.999983 1.22689 125 132 133 134 136 137 138 140 142 149 150 159 160 162 164 165 604 607 609 625 627
35 -4.90139 -5.35132 6.72742 0 0 0.0898744 0.995953 0.45236 62 64 105 107 109 111 113 126 127 129 131 132 133 143 144 146 148 149 150 151 152 154 156 157 158 174 177
36 -3.9497 -5.57757 8.98844 0 0 0.175231 0.984527 0.912051 127 132 133 137 138 140 141 142 143 144 149 150 151 152 157 158 159 160 161 162 164 165 166 171 172 187
37 -4.67718 -5.06301 6.5449 0 0 0.234712 0.972065 0.385744 109 111 112 113 143 144 146 148 149 150 151 152 154 156 157 158 171 174 176 177 178 182
38 -3.97715 -4.44513 8.94912 0 0 0.186558 0.982444 0.890928 144 149 150 151 152 157 158 159 160 162 164 165 166 167 168 170 171 172 177 178 179 180 185 187 188 189 193
39 -1.94188 -5.8213 9.34791 0 0 0.322246 0.946656 1.14469 138 140 142 149 150 151 152 157 158 159 160 162 164 165 166 168 170 171 172 177 187 607 609 623 625 627 642
40 -1.65747 -5.67007 8.95291 0 0 0.522883 0.852404 0.89294 152 157 158 160 162 164 165 166 168 170 171 172 177 179 187 627 631 633
41 -4.91769 -3.0975 6.62978 0 0 0.111788 0.993732 0.416478 111 113 115 119 120 121 151 152 154 156 157 158 171 172 174 176 177 178 179 180 182 184 185 186 406 437 440 443
42 -3.92845 -2.3836 9.10544 0 0 -0.000722836 1 0.978678 143 144 150 151 152 157 158 160 161 163 165 166 167 169 171 172 177 178 179 180 185 186 187 188 189 191 193 194 195 196 437 438 443 453 455 456
43 -4.82107 -2.23869 6.62693 0 0 0.166676 0.986012 0.41544 115 119 121 171 172 174 176 177 178 179 180 182 184 185 186 406 407 408 437 438 440 442 443 444 450 451
44 -4.27491 -1.12756 8.83279 0 0 -0.0119335 0.999929 0.831402 152 158 170 171 172 177 178 179 180 185 186 188 190 192 193 194 437 438 443 444 445 451 454 457
45 -2.14746 -2.64181 9.40156 0 0 0.0815223 0.996671 1.19027 158 160 165 166 168 170 177 178 185 186 187 188 190 192 193 194 195 196 453 455 631 633 643 653 655 659 661 920 921
46 -2.26598 -1.2791 9.35935 0 0 0.027676 0.999617 1.15402 166 177 178 185 186 187 188 190 192 193 194 195 196 443 444 453 454 455 456 457 459 653 655 658 659 660 661 920 921 922 923 924 926 927
47 -17.5865 1.32259 7.14466 0 0 0.644187 0.764868 1.35204 205 207 208 429 430
48 -16.6264 4.32334 7.15697 0 0 0.931659 -0.363334 1.37183 202 205 206 208 209 210 211 223 226 227 228 428 430 431 432 433 436
49 -14.9788 0.390873 7.19364 0 0 0.715451 0.698663 1.4482 203 204 205 207 213 215 236 237 238 239 247 249
50 -15.5037 2.3936 7.20662 0 0 0.999899 0.014193 1.49103 203 205 206 207 208 209 210 211 212 213 214 217 218
51 -15.4347 4.33198 7.15701 0 0 0.929567 -0.368652 1.3719 202 206 207 208 209 210 211 212 213 214 216 217 218 219 226 228 229 230 231 232
52 -14.2805 3.00653 7.17826 0 0 0.94096 -0.338519 1.41167 203 204 206 207 208 209 211 212 213 214 215 216 217 218 219 236 237 239 247 248 249
53 -14.2566 4.29864 7.16455 0 0 0.931258 -0.364362 1.38504 210 211 212 214 215 216 217 218 219 220 230 232 233 234 235 247 248 250 251 253 255
54 -17.8448 5.62097 7.14517 0 0 0.917104 -0.398647 1.35282 1 4 202 223 224 225 226 227 228 428 432 434 435 436
55 -17.8646 7.10056 7.09149 0 0 0.883 -0.469373 1.28149 1 223 224 225 226 227 229
56 -16.6516 5.66186 7.13935 0 0 0.911216 -0.411929 1.34402 202 209 210 212 223 224 225 226 227 228 229 230 231 232
57 -15.4511 5.63896 7.14316 0 0 0.914059 -0.405581 1.34975 210 211 212 217 218 220 227 228 229 230 231 232 233 234 235
58 -14.2415 5.64211 7.14118 0 0 0.914954 -0.403559 1.34676 218 219 220 231 232 233 234 235 251 253 257 310 311
59 -13.1322 1.41282 7.20658 0 0 0.989432 -0.144995 1.49088 204 214 215 216 236 237 238 239 240 243 244 247 248 249 250
60 -12.5524 -0.782497 7.19668 0 0 0.72716 0.686468 1.45677 5 236 238 240 241 242 243 245 270 271 272 273 274 278
61 -11.9038 1.85688 7.1757 0 0 0.930987 -0.365051 1.40639 237 238 239 240 241 242 243 244 245 246 247 249 250 258 260 262 270 271 273 274 276 278
62 -13.0895 3.09754 7.16909 0 0 0.927216 -0.374526 1.39342 214 215 216 217 219 220 237 238 239 243 244 246 247 248 249 250 251 253 255 258 260 262
63 -13.0444 4.30997 7.16138 0 0 0.931245 -0.364394 1.3794 218 219 220 234 235 248 249 250 251 253 255 257 258 260 264 266 267 268 310 311
64 -11.8675 3.10788 7.16486 0 0 0.928668 -0.370911 1.3856 244 245 246 248 249 250 251 255 257 258 260 262 264 266 267 268 274 276 280 294 295 296
65 -11.8441 4.50271 7.13085 0 0 0.907404 -0.42026 1.33175 253 255 257 260 262 264 266 267 268 269 294 295 296 297 298 299 300 310 311 312
66 -10.7721 0.35697 7.205 0 0 0.968675 -0.248333 1.48453 5 6 8 241 242 243 245 246 270 271 272 273 274 276 278 280 281 283
67 -10.6833 1.92687 7.1645 0 0 0.924075 -0.382212 1.38495 244 245 246 258 262 264 271 272 273 274 276 278 280 281 283 287 289 290 291 294 295 296
68 -9.74233 0.945587 7.15916 0 0 -0.848338 0.529455 1.37556 6 8 11 13 17 270 271 272 273 274 278 280 281 283 285 287 289 291 314 315 317 322
69 -9.99427 2.38988 7.12389 0 0 -0.765132 0.643873 1.32214 273 274 276 278 280 283 287 289 290 291 292 294 296 302 304 315 316 317 318 319 320 321 322 323 327 328 334
70 -10.6466 3.1455 7.15685 0 0 0.926376 -0.3766 1.37163 260 262 264 266 267 268 269 276 278 280 289 290 291 292 294 295 296 297 298 299 300 302 303 304
71 -10.5858 4.48251 7.12498 0 0 0.917298 -0.398201 1.32362 267 268 269 290 295 296 297 298 299 300 301 302 303 304 305 307 308 311 312
72 -9.44736 3.20122 7.14869 0 0 0.919218 -0.393749 1.35832 268 290 291 292 295 296 297 298 299 300 301 302 303 304 305 307 308 315 318 319 320 321 334 335 336
73 -9.35903 5.22791 5.6882 0 0 -0.854755 0.519032 1.09884 299 301 307 308 333 335 339 340 341
74 -9.38844 4.58618 7.10473 0 0 0.905478 -0.424393 1.29739 267 269 292 297 298 299 300 301 302 303 304 305 307 308 312 319 334 335 336 337 339 340 341 343 347
75 -13.0025 5.8832 7.08493 0 0 0.893533 -0.448997 1.27393 233 235 253 255 257 266 267 268 269 310 311 312
76 -12.038 6.38953 6.95821 0 0 -0.816986 0.576658 1.15308 235 257 265 267 268 269 295 297 298 299 300 301 310 311 312
77 -8.50925 0.989862 7.14789 0 0 -0.850816 0.525465 1.35706 13 17 24 25 26 27 281 283 285 287 289 290 291 292 314 315 316 317 318 320 322 323 324 325 349
78 -8.4827 2.1769 7.14774 0 0 -0.857841 0.513915 1.35682 25 27 289 290 291 292 302 303 304 305 315 316 317 318 319 320 321 322 323 324 325 327 328 329 330 334 336 357
79 -7.11472 0.84212 7.1517 0 0 0.90451 -0.426453 1.36313 25 26 27 38 41 42 43 44 291 315 316 317 318 319 320 321 322 323 324 325 327 328 329 336 349 350 351 362
80 -7.0596 2.07925 5.93752 0 0 0.908019 -0.418929 1.34132 321 325 327 328 329 330 336 344 346 350 354 357
81 -7.10202 2.04107 7.15015 0 0 0.906563 -0.422071 1.36064 27 42 292 304 317 318 319 320 321 322 323 324 325 327 328 329 330 334 335 336 337 343 344 346 349 350 351 352 354 356 357 358
82 -8.23765 3.26098 5.93735 0 0 0.913201 -0.407509 1.34108 305 308 321 328 334 335 336 337 340 341 343 346
83 -8.24251 3.19923 7.14828 0 0 0.920097 -0.39169 1.35767 292 297 300 302 303 304 305 307 308 317 318 319 320 321 323 327 328 329 330 334 335 336 337 339 340 341 343 344 346
84 -8.23284 5.2704 5.68531 0 0 -0.842421 0.538819 1.09673 339 340 341 343 344 345 347
85 -8.24247 4.62852 7.10478 0 0 0.893638 -0.448789 1.29745 299 300 301 305 307 308 321 328 334 335 336 337 339 340 341 343 344 345 346 347 369 370
86 -7.07446 3.2827 5.93913 0 0 0.905494 -0.424358 1.3437 330 337 340 343 344 345 346 347 354 356 369 370 371
87 -7.08244 3.2371 7.14806 0 0 0.909924 -0.414774 1.35733 305 308 321 325 327 328 329 330 334 335 336 337 339 340 341 343 344 345 346 347 350 354 356 357 358 365 366 369 370 371 372 373
88 -7.09432 5.34295 5.6633 0 0 -0.829753 0.55813 1.0809 333 339 340 343 345 347 370 372
89 -6.03094 0.90821 5.95477 0 0 0.876198 -0.481951 1.36815 44 50 323 325 329 349 350 351 352 357 358 362 363
90 -5.98227 0.899113 7.15073 0 0 0.886271 -0.463167 1.36156 27 41 42 43 44 46 49 50 51 52 315 316 317 320 322 323 324 325 327 328 329 330 349 350 351 352 354 357 358 361 362 363 364 381
91 -5.96298 2.08943 5.95003 0 0 0.890799 -0.454398 1.36045 328 330 344 345 352 354 356 357 358 361 363 365 366 367 369 370 371
92 -5.96667 2.10093 7.14849 0 0 0.88876 -0.458373 1.35799 50 319 320 321 325 327 328 329 330 336 343 344 345 346 347 349 350 351 352 354 356 357 358 361 362 363 364 365 366 367 368 369 370 371 378 382
93 -4.79917 0.913339 5.95025 0 0 0.881512 -0.472161 1.36079 52 90 350 352 356 358 361 362 363 364 365 367 378 381
94 -4.81091 0.925556 7.14944 0 0 0.877887 -0.478868 1.3595 44 49 50 51 52 84 89 90 91 92 324 325 329 349 350 351 352 354 356 357 358 361 362 363 364 365 366 367 369 378 379 380 381 386
95 -4.77931 2.12752 5.94528 0 0 0.883362 -0.468691 1.353 326 354 356 361 365 366 367 368 369 371 372 373 375 378 380 382 383 384
96 -5.94105 3.3939 5.92732 0 0 0.88226 -0.470763 1.32683 333 343 344 345 347 354 356 365 366 368 369 370 371 372 373 374 375
97 -4.76562 3.37389 5.93469 0 0 0.880355 -0.474315 1.33721 345 366 367 368 369 370 371 372 373 374 375 376 382 383 385 395 396 398
98 -3.63683 0.941836 5.94942 0 0 0.871045 -0.491203 1.35947 92 101 361 363 365 367 368 378 379 380 381 382 384 386 387 389
99 -3.68282 0.970583 7.14895 0 0 -0.858521 0.512778 1.35873 52 89 90 91 92 94 96 100 101 102 103 351 352 356 361 362 363 364 365 366 367 368 373 378 379 380 381 382 383 384 386 387 389 390 391
100 -3.6932 2.1677 5.95055 0 0 -0.856669 0.515867 1.36127 365 366 367 368 373 375 376 378 380 382 383 384 385 386 387 389 391 392 393 394 395 398
101 -3.77356 0.776272 5.94885 0 0 -0.378982 0.925404 1.35857 92 101 379 380 381 386 387 389 390 391 393 394
102 -4.06805 1.87637 5.90675 0 0 -0.273886 0.961762 1.2999 98 378 379 380 384 385 386 387 389 391 392 393 394 400 401 403
103 -3.68248 3.37065 5.94891 0 0 -0.858584 0.512673 1.35866 373 374 375 376 383 385 391 392 394 395 396 398 400 401 403
104 -4.18381 3.31799 5.83179 0 0 -0.320178 0.947357 1.21839 383 384 385 387 391 392 393 394 395 398 400 401 403
105 -3.7009 0.0688587 5.64378 0 0 -0.0145908 0.999894 1.06725 103 121 389 390 393 394 406 408 414
106 -4.89205 0.54867 5.5565 0 0 -0.0855679 0.996332 0.463162 102 103 119 121 179 180 390 405 406 407 408 411 412 413 414 415 416 437 438 445
107 -5.0874 2.47439 5.2006 0 0 -0.00928218 0.999957 0.334341 413 414 415 416 421 422 423 424 445 446 461 462
108 -18.0621 3.20687 8.4083 0 0 0.947864 0.318676 1.4984 2 3 202 225 226 227 228 229 230 231 425 426 427 428 431 432 434 435 436
109 -17.3189 4.38874 8.00187 0 0 -0.721166 0.692763 1.03901 203 204 205 206 207 208 209 213 214 425 427 429 430 431 433
110 -16.6918 3.79906 8.40355 0 0 0.991749 -0.128192 1.4791 202 205 206 207 208 209 210 225 226 227 228 229 230 231 427 428 429 430 431 432 433 434 435 436
111 -17.828 5.60573 8.34505 0 0 0.921148 -0.389212 1.35264 1 2 3 4 202 209 210 223 224 225 226 227 228 425 426 427 428 429 431 432 433 434 435 436
112 -4.95519 -0.276507 6.69371 0 0 0.0457593 0.998953 0.439903 119 121 179 180 182 184 185 186 406 408 414 416 422 437 438 440 442 443 444 445 446 448 450 451 452 464 467
113 -4.86408 0.0310685 8.09524 0 0 -0.00289459 0.999996 0.515568 173 176 178 181 182 183 184 185 186 190 192 439 440 441 442 443 444 447 448 449 450 451 452 463 464 467
114 -4.95834 1.25572 6.71443 0 0 -0.00670817 0.999977 0.447551 121 184 406 408 414 416 422 424 437 438 440 442 443 444 445 446 448 450 451 452 461 462 464 466 467 468
115 -4.71091 1.22115 8.33779 0 0 -0.00134409 0.999999 0.611232 183 184 186 440 441 442 443 444 448 450 451 452 463 464 465 466 467 468
116 -2.27817 0.287294 9.34504 0 0 -0.0807464 0.996735 1.14239 185 186 188 193 194 195 196 443 444 451 453 454 455 456 457 458 459 460 469 471 655 658 659 660 661 920 921 922 923 924 925 926 927 943 944 946
117 -2.21755 1.43312 9.37507 0 0 -0.0674072 0.997726 1.16716 194 196 443 444 451 452 453 454 455 456 457 458 459 460 467 469 470 471 472 659 661 920 921 922 923 924 925 926 927 944 945 946 947
118 -4.92402 2.43637 6.78401 0 0 -0.00368669 0.999993 0.47344 408 414 416 422 424 442 445 446 448 450 451 452 461 462 464 466 467 468
119 -4.72547 2.42617 8.31678 0 0 -0.00219491 0.999998 0.602708 439 441 442 444 447 448 449 450 451 452 464 466 467 468
120 -2.16145 2.42657 9.40428 0 0 -0.0042376 0.999991 1.19271 451 452 454 456 457 458 459 460 467 468 469 470 471 472 921 923 924 925 926 927 944 945 946 947
121 5.02629 -8.05811 5.04072 0 0 0.991305 0.131587 0.278438 474 475 479 480 481 482 483 614 620 621
122 4.29033 -6.65 6.33909 0 0 0.99153 0.129875 0.78616 475 480 482 483 487 508 509 614 620 621 640
123 4.44428 -7.0734 6.89509 0 0 0.948347 0.317236 1.10392 480 482 483 487 508 509 510 511 512 513 514 515 516 517 518 614 620
124 4.17984 -4.62756 6.51489 0 0 0.999442 -0.0333981 0.872977 483 508 509 512 513 621 640 641 648
125 4.01477 -3.35967 6.63919 0 0 0.998694 -0.0510874 0.940202 508 509 512 513 522 641 648 649 666
126 4.32464 -2.69038 6.37285 0 0 0.998206 0.0598646 0.802215 493 495 499 501 505 507 513 522 523 528 529 649 666 667 674 675
127 4.42201 -1.12382 6.29262 0 0 0.999928 -0.011992 0.764468 499 501 505 507 522 523 528 529 667 674 675 682 684 705 932
128 3.25609 -5.33464 7.21249 0 0 0.842935 0.538015 1.52133 483 508 509 510 511 512 514 515 516 517 518 519 520 521 534 545 546 621 640 641
129 2.64112 -2.75065 7.1815 0 0 -0.549523 0.835478 1.41865 508 509 511 512 513 514 515 516 518 519 520 521 522 524 532 533 534 535 548 549 641 648 649
130 4.97799 -6.03841 7.03848 0 0 0.873796 0.486292 1.22491 481 483 487 508 509 510 511 512 514 516 517 518 519 520 521 534 545 546 547 548 549 550 555 563 565
131 3.75361 -2.87781 7.19163 0 0 -0.482534 0.875877 1.44284 508 509 510 511 512 513 514 515 516 517 518 519 520 521 532 534 535 546 548 549 550 559 560 563 564 565 566
132 3.14258 -1.59025 7.19532 0 0 -0.766217 0.642582 1.45286 513 515 518 519 520 521 522 523 524 525 528 530 532 533 534 535 538 540 549 563 564 666 667 674
133 4.673 -0.949662 5.75142 0 0 0.99752 -0.0703809 1.14753 522 523 525 528 529 530 531 533 538 539 702 703 704 705 710
134 4.06716 -0.788201 7.13767 0 0 0.984031 -0.177994 1.34155 513 515 522 523 524 525 528 529 530 531 532 533 534 535 538 539 702 703 704 705 706 708 710 932
135 3.64717 -1.52556 7.16181 0 0 -0.478843 0.8779 1.38017 511 512 513 514 515 518 519 520 521 522 523 524 525 532 533 534 535 538 540 541 549 563 564 565 566 567 568 569 570 571 572 575
136 6.12878 0.312689 5.26479 0 0 0.945845 -0.324618 0.847375 541 568 570 711 713 714 732
137 4.63452 -0.357831 7.17763 0 0 -0.855241 0.51823 1.41036 525 528 529 530 531 533 534 535 538 539 540 541 550 563 564 565 566 567 568 569 570 575 702 703 704 705 706 710 711 714
138 3.5514 -6.18405 5.66681 0 0 0.0531078 0.998589 1.08339 542 543 545 546 552 556
139 5.87831 -6.31209 5.99712 0 0 0.20979 0.977746 1.45808 542 543 544 545 546 554
140 3.1988 -4.48171 5.43974 0 0 -0.0687287 0.997635 0.940512 517 520 542 545 546 548
141 3.49491 -3.16078 5.6154 0 0 -0.109655 0.99397 1.04797 517 520 521 534 542 543 545 548 549 550 551 556 563 565
142 5.6775 -4.17884 7.20965 0 0 0.843264 0.5375 1.50494 514 515 516 517 518 519 520 521 534 546 547 548 549 550 555 559 560 561 562 563 565 566 571 572 573 574 577
143 5.93553 -4.67233 6.00807 0 0 -0.0848929 0.99639 1.49736 542 544 545 546 554 555 559 561
144 5.70259 -5.19081 7.16898 0 0 0.209639 0.977779 1.39321 542 543 544 545 546 547 548 549 550 554 555 559 560 561 562 571 573 574
145 7.04923 -2.77878 5.97946 0 0 -0.861556 0.507663 1.41423 549 550 559 560 561 562 565 571
146 7.85631 -4.30173 7.04871 0 0 0.966643 0.256126 1.2351 517 548 549 550 554 555 559 560 561 562 565 566 571 572 573 574 575 576 577 579 581
147 4.88061 -1.47105 7.15601 0 0 -0.502681 0.864472 1.37021 516 517 518 519 520 521 524 532 533 534 535 548 549 550 560 563 564 565 566 567 569 571 572 573 574 575 576 577 578 579
148 5.27943 -0.180024 7.16376 0 0 -0.663106 0.748525 1.38362 524 525 530 531 532 533 534 535 538 539 540 541 564 566 567 568 569 570 572 574 575 576 577 578 584 585 703 714 732 733 740 742
149 6.19083 -1.79759 7.20466 0 0 -0.462562 0.886587 1.48321 534 546 548 549 550 559 560 562 563 564 565 566 571 572 573 574 575 577 578 579 581 583 584 585 587 588
150 6.28965 -0.315975 7.17925 0 0 -0.575592 0.817737 1.41377 540 541 563 564 565 566 567 568 569 570 571 572 574 575 576 577 578 584 585 587 588 592 733 740 742 759 760 761 762
151 8.04211 -3.24627 7.18419 0 0 0.796661 0.604426 1.42469 559 560 562 565 566 571 572 573 574 575 577 579 581 583 587 590 592 596 598
152 7.1651 -0.391777 7.16293 0 0 -0.43295 0.901418 1.38214 562 569 571 572 573 574 575 577 578 581 583 584 585 587 588 592 594 598 600 759 761 762 769 770 772 773 774
153 9.76263 -4.11837 6.85032 0 0 0.837343 0.546677 1.07178 572 573 579 581 583 587 590 592 596 599 601
154 8.41936 -0.702365 7.20096 0 0 -0.33996 0.94044 1.47009 581 583 587 588 590 592 594 596 598 599 600 601 769 770 772 776 798 800 801
155 10.1746 -1.92546 7.20273 0 0 0.694034 0.719942 1.47616 590 592 594 596 598 599 600 601 602 772 798 801 808 810
156 12.1017 -2.93509 6.85475 0 0 0.828155 0.560499 1.07487 598 599 600 601 602 801 808 810 836 838
157 2.18262 -6.52646 9.35923 0 0 0.986498 0.163771 1.15392 125 136 140 142 162 604 605 607 609 610 611 622 623 625 627 628 629 631 634 641 642 643 648
158 4.94458 -7.17315 6.75013 0 0 0.999998 -0.00215314 0.460792 475 480 482 487 613 614 615 617 619 620 621 622 623 637
159 4.21499 -7.17659 8.88952 0 0 0.999998 -0.00209005 0.859916 604 605 607 609 610 611 614 615 620 621 622 623 625 628 640 642
160 4.97813 -6.10329 6.67576 0 0 0.999832 0.0183467 0.433298 475 480 482 487 489 493 613 614 615 617 619 620 621 622 623 637 639 640 641 642 643 645
161 4.20224 -6.18555 8.89343 0 0 0.999146 0.0413161 0.861914 604 607 609 610 611 614 615 620 621 622 623 625 627 628 631 635 640 641 642 643 648 649 650
162 1.86932 -6.50361 9.10273 0 0 0.892738 0.450577 0.977066 142 162 164 168 607 609 611 625 627 628 629 631 634 635 641 642 643 648 649 650 651 666
163 4.88704 -5.6862 6.59663 0 0 0.989957 0.141367 0.404426 482 487 489 493 495 617 619 620 621 622 623 637 639 640 641 642 643 645 647 648 649 650 651 663 666 668
164 4.07992 -5.04456 8.98799 0 0 0.998412 0.0563268 0.911806 604 605 607 609 610 611 614 615 620 621 622 623 625 627 628 629 634 640 641 642 643 648 649 650 651 657 666 667 668
165 4.54077 -5.42583 6.37267 0 0 0.956612 0.291366 0.324504 493 495 637 639 640 641 642 643 645 647 648 649 650 651 663 668 669
166 4.13221 -3.55846 8.95813 0 0 0.999982 -0.00605428 0.895718 609 611 621 623 625 627 628 629 631 633 634 635 640 641 642 643 648 649 650 651 653 655 656 657 660 666 667 668 669 674 676
167 1.36292 -5.29412 8.19709 0 0 0.791605 0.611033 0.555039 631 635 651 656 668
168 1.50383 -3.39403 8.91394 0 0 0.830155 0.557532 0.872484 186 190 192 194 196 443 453 455 655 657 659 660 661 675 676 677 920 922 923 932 933 934
169 3.56363 -5.25489 6.14407 0 0 0.872761 0.488148 0.245082 645 647 648 650 651 663
170 4.24517 -2.91503 8.81195 0 0 0.994337 0.106275 0.821152 631 633 634 635 649 650 651 653 655 656 666 667 668 669 674 675 676 677 932 933 934
171 4.82988 -2.32749 6.54348 0 0 0.983818 0.179171 0.385234 501 505 507 663 665 666 667 668 669 671 673 674 675 676 677 682 683 684 929 931 932 933 934 935 937 942 943
172 4.27937 -1.59519 8.8015 0 0 0.996664 0.0816138 0.816052 633 651 653 655 660 666 667 668 669 674 675 676 677 923 932 933 934 935 940 941 942
173 3.08838 0.89676 5.80525 0 0 0.955087 -0.296324 1.19359 529 702 703 705
174 4.72019 0.223952 5.91844 0 0 0.999351 -0.0360157 0.60338 504 505 506 507 528 529 674 675 679 682 683 684 686 689 690 691 692 705 932 933 940
175 4.95683 1.78663 5.41285 0 0 0.995964 -0.0897521 0.410314 682 683 684 685 689 690 691 692 697 698 699 700 701 705 932 933 940 941 952 953
176 5.08333 2.63208 5.20283 0 0 0.999446 -0.0332762 0.335129 689 690 691 692 697 698 699 700 940 941 952 953
177 3.9212 0.712915 5.93345 0 0 0.947586 -0.319502 1.33544 530 531 539 702 703 704 705 706 707 708 710 711
178 3.49806 0.720541 7.18825 0 0 0.887262 -0.461265 1.4343 529 530 531 533 538 539 540 541 702 703 704 705 706 707 708 710 711 713 714 715 732 933 940
179 4.05088 1.95543 5.89926 0 0 0.952998 -0.302976 1.29072 527 691 702 703 704 706 707 708 709 710 711 713 715 716 717 719 721 723
180 4.0726 1.07929 5.95182 0 0 -0.663233 0.748413 1.36332 702 703 704 708 710 711 713 714 715 717 730 732 733 735 737
181 5.26159 -2.95706 5.52794 0 0 0.817333 0.576166 0.45255 539 541 568 682 684 689 690 933 940
182 3.73065 2.18107 5.95128 0 0 -0.530254 0.847839 1.36246 702 703 704 706 707 708 709 711 713 715 716 717 718 725 726 735 736 737 738 750 752 753
183 4.21641 3.31705 5.82332 0 0 0.949291 -0.314398 1.2103 699 704 706 707 708 709 715 716 718 719 721 723 725 726
184 3.68331 3.37644 5.94754 0 0 -0.512857 0.858474 1.3565 707 708 709 716 718 719 721 723 725 726 728 750 752 753 754
185 5.72087 1.30877 5.88468 0 0 -0.787153 0.616758 1.27365 576 703 711 713 714 715 717 730 732 733 734 735 737 740 741
186 5.24387 0.852028 7.18969 0 0 -0.638379 0.769722 1.43786 531 538 539 540 541 568 570 576 578 585 703 704 708 711 713 714 715 717 730 732 733 734 735 737 740 741 742 743 745 747 748 749 759 760
187 4.80948 2.18327 5.93792 0 0 -0.489326 0.872101 1.34192 711 713 715 716 717 718 730 735 736 737 738 745 747 750 753 755 756 757 763
188 6.0782 0.996846 5.94302 0 0 -0.514848 0.857282 1.34954 570 576 733 734 740 741 742 743 748 749 759 760 762 765
189 6.2601 1.01476 7.15507 0 0 -0.581873 0.81328 1.36866 567 568 569 570 575 576 578 585 588 711 713 714 732 733 734 737 740 741 742 743 748 749 759 760 761 762 765 766 767 768 769 770
190 6.44405 2.40567 5.92169 0 0 -0.659133 0.752026 1.31917 730 735 736 737 738 745 747 748 749 753 755 757 765 766 767 778
191 6.02107 2.19802 7.13636 0 0 -0.496018 0.868312 1.33963 568 570 713 717 730 732 733 734 735 736 737 738 740 741 742 743 745 747 748 749 755 757 758 760 765 766 767 768 774 775 778 779 781 782 784
192 4.78001 3.36752 5.93736 0 0 -0.476501 0.879174 1.34109 716 717 718 725 726 728 735 736 738 750 752 753 754 755 756 757 758 779
193 5.9528 3.34207 5.93873 0 0 -0.462199 0.886776 1.34311 736 737 738 745 747 750 753 754 755 756 757 758 778 779 781 783 784 786
194 7.1874 0.877705 7.15459 0 0 -0.458642 0.888621 1.36786 574 575 576 577 578 584 585 588 733 740 741 742 743 759 760 761 762 765 767 768 769 770 773 774 775 776 777 800 804
195 7.07465 1.98783 5.95421 0 0 -0.397228 0.91772 1.36723 743 747 748 749 760 765 766 767 768 775 778 782 788
196 7.2431 2.17723 7.14305 0 0 -0.499294 0.866432 1.34957 576 578 740 741 742 743 745 747 748 749 759 760 761 762 765 766 767 768 770 774 775 776 777 778 781 782 788 789 790 791 804 805
197 8.41345 0.896921 7.15437 0 0 -0.472137 0.881525 1.3675 584 585 587 588 592 594 598 742 759 760 761 762 769 770 772 773 774 776 777 798 800 801 803 804 805 807 809
198 8.62875 2.31499 7.13159 0 0 -0.582812 0.812607 1.33279 585 749 759 760 761 762 765 766 767 768 769 770 773 774 775 776 777 788 790 804 805 807 813 819 821 822
199 7.06916 3.28401 5.93759 0 0 -0.422022 0.906586 1.34144 745 747 755 757 758 766 778 779 781 782 783 784 789 792 793
200 7.81858 3.19999 7.19784 0 0 -0.714647 0.699485 1.46022 735 736 738 745 747 753 754 755 756 757 758 766 768 775 777 778 779 781 782 783 784 788 789 790 791 792 796 805 819 820 824
201 7.0579 5.90237 5.29505 0 0 -0.587777 0.809023 0.862743 756 758 783 784 792 793 794 795
202 8.78728 3.65907 5.90522 0 0 -0.644347 0.764733 1.298 779 781 782 784 788 789 790 791 792 796 819 820 821 824
203 9.27373 3.83606 7.04715 0 0 -0.770646 0.637263 1.23353 745 755 757 758 766 767 768 774 775 776 777 779 781 782 783 784 788 789 790 791 792 796 804 805 807 819 820 821 822 824 827 828
204 9.09232 5.49959 5.65197 0 0 -0.723872 0.689934 1.07293 758 779 781 783 784 786 792 793 795 796 824 825
205 8.77849 4.69139 7.14597 0 0 -0.631367 0.775485 1.35406 747 757 758 778 779 781 782 783 784 788 789 791 792 793 795 796 820 822 824 825 826 828 832 833
206 9.50093 0.754749 7.16259 0 0 -0.395663 0.918396 1.38154 594 596 598 599 600 601 769 772 773 798 800 801 803 804 807 808 809 811 813 815 816
207 9.81244 2.27562 7.1391 0 0 -0.572685 0.819776 1.34366 767 768 769 770 773 774 775 776 777 800 803 804 805 807 813 815 816 818 819 821 827 828 830 831 839
208 10.7521 0.341801 7.20379 0 0 -0.231943 0.97273 1.47995 600 601 602 801 803 808 809 810 811 813 815 816 818 836 837 839 840 841
209 11.0419 2.22259 7.1523 0 0 -0.576273 0.817257 1.3641 776 777 798 800 803 805 807 809 811 813 815 816 818 827 830 839 840 841 842 843 848 851
210 10.1292 3.73068 7.08918 0 0 -0.6874 0.726279 1.27881 767 768 774 775 776 777 782 784 788 789 790 791 796 804 805 807 815 818 819 820 821 822 824 825 827 828 830 831 832 834
211 9.33101 5.72937 5.39152 0 0 -0.556543 0.830819 0.913732 792 793 794 795 796 823 824 826 833
212 9.74114 4.99911 7.04298 0 0 -0.585068 0.810984 1.22936 775 781 784 788 789 790 791 792 793 795 796 819 820 821 822 824 825 826 828 831 832 833 834 835 855 856
213 11.9711 3.93025 6.98094 0 0 -0.822011 0.569472 1.17217 777 788 790 791 805 807 815 818 819 820 821 822 824 825 827 828 830 831 832 834 839 840 841 842 848 850 851 853
214 11.1118 5.07041 7.03385 0 0 -0.634371 0.773029 1.22038 777 790 791 795 796 819 820 821 822 824 825 826 827 828 831 832 833 834 835 850 855 856 858 859 872 873
215 12.5655 -0.799971 7.19468 0 0 0.691205 0.722659 1.45108 602 808 809 810 811 813 816 836 837 838 839 841 843 845
216 12.066 2.06412 7.16539 0 0 -0.483325 0.875441 1.38656 809 810 811 813 816 818 837 838 839 840 841 842 843 844 845 846 848 851 860 861 862
217 13.1284 1.28088 7.20801 0 0 -0.0499835 0.99875 1.49709 838 841 842 843 844 845 846 851 860 861 862 863 877 879 880
218 12.7626 3.7213 7.08964 0 0 -0.749019 0.662548 1.27934 815 818 821 822 828 830 831 832 834 840 842 844 846 848 850 851 853 855 858 860 861 862 863 865
219 12.3861 4.81834 7.11609 0 0 -0.641826 0.76685 1.31179 821 822 825 826 827 828 831 832 833 834 835 850 853 855 856 858 859 861 865 867 868 870 872 873 874 876
220 13.0632 3.10909 7.16365 0 0 -0.368891 0.929473 1.38343 840 841 842 843 844 846 848 851 853 860 861 862 863 865 868 870 879 880 882 883 884 885
221 13.0991 4.29607 7.17006 0 0 -0.376043 0.926602 1.39526 850 851 853 855 858 859 860 861 863 865 867 868 870 874 876 883 884 886 903 904
222 13.6663 5.08012 5.94673 0 0 0.992472 -0.122474 1.35524 855 856 859 872 873 874
223 13.4407 6.76951 6.70654 0 0 -0.834918 0.550375 0.979334 795 826 832 833 835 855 856 858 859 866 867 870 872 873 874 876
224 13.0304 6.08823 7.03224 0 0 -0.491112 0.871096 1.21882 849 855 856 858 859 865 867 870 872 873 874 876 903 904 906
225 15.1619 0.175549 7.15671 0 0 0.759122 0.650948 1.37139 843 844 845 846 862 877 878 879 881 887 889
226 14.2992 3.03051 7.17762 0 0 -0.352672 0.935747 1.41034 844 845 846 860 862 863 877 878 879 880 881 882 883 885 886 887 888 890 891 892 893
227 14.3111 4.27732 7.17382 0 0 -0.373597 0.927591 1.4026 861 862 863 865 868 870 879 880 882 883 884 885 886 891 892 894 903 904 905 906 907
228 15.552 2.31049 7.20935 0 0 0.0784015 0.996922 1.5034 878 881 882 885 886 887 888 889 890 891 892 893 894
229 15.4498 4.3168 7.16076 0 0 -0.367278 0.930111 1.37833 880 881 882 883 885 886 887 888 890 891 892 893 894 898 905 907 908 909 910 911
230 17.5724 1.32714 7.14628 0 0 0.760014 0.649906 1.35454 887 888 889 956 957
231 16.6332 4.3187 7.15809 0 0 -0.362815 0.931861 1.37373 888 889 890 891 893 894 898 909 911 912 915 956 958 959 960 962 965
232 16.1838 1.45793 5.33563 0 0 0.356046 0.934468 0.38241 895 956
233 14.2836 5.77228 7.12288 0 0 -0.447531 0.894268 1.32078 867 868 870 873 874 876 883 884 886 903 904 905 906 908 910
234 15.4584 5.64688 7.14242 0 0 -0.408933 0.912564 1.34863 884 885 886 891 892 894 903 904 905 906 907 908 909 910 912 913
235 16.659 5.65717 7.14077 0 0 -0.4119 0.911229 1.34613 892 893 894 898 905 907 908 909 910 911 912 913 915 918 919
236 16.6664 7.58062 6.93154 0 0 -0.536315 0.844018 1.13168 905 906 907 908 909 910 912 913 915 918 919 969
237 17.848 5.61841 7.14555 0 0 -0.397849 0.917451 1.35341 898 909 911 912 915 918 919 960 962 965 966 967 969 972
238 17.8589 7.11387 7.08664 0 0 -0.469333 0.883021 1.27588 910 911 912 913 915 918 919 969
239 2.09294 0.349425 9.41777 0 0 0.993863 -0.110615 1.20509 194 195 196 453 454 455 456 457 458 459 460 467 469 471 655 657 658 659 660 661 667 676 677 920 921 922 923 924 925 926 927 934 935 944 946
240 1.81507 2.95664 9.10956 0 0 0.886358 -0.463001 0.981147 444 451 454 455 456 457 458 459 460 469 471 472 675 677 920 921 922 923 924 925 926 927 932 933 934 935 940 942 943 944 946
241 4.58047 1.78582 6.38238 0 0 0.95997 -0.280103 0.327919 671 673 676 677 682 684 929 931 932 933 934 935 937 939 940 941 942 943
242 4.25796 -0.0614039 8.8508 0 0 0.999884 0.0152057 0.840359 655 657 660 667 669 674 675 676 677 922 923 926 932 933 934 935 940 941 942 943 946 952 954
243 4.68259 2.65482 6.57869 0 0 0.973215 -0.229897 0.397931 677 683 684 690 692 929 931 933 934 935 937 939 940 941 942 943 949 951 952 953 954 955
244 4.23168 1.11439 8.8733 0 0 0.999793 0.0203429 0.851671 675 677 922 926 927 932 933 934 935 940 941 942 943 946 952 953 954 955
245 1.91257 3.73882 9.265 0 0 0.922813 -0.385247 1.0821 458 459 460 467 468 469 470 471 472 921 923 924 925 926 927 932 933 935 940 941 942 943 944 945 946 947 952 954 955
246 4.96005 2.86856 6.64855 0 0 0.997439 -0.071516 0.423329 683 684 690 692 698 700 931 935 937 939 940 941 942 943 949 951 952 953 954 955
247 4.37523 2.39901 8.74104 0 0 0.999996 0.00278064 0.787077 927 933 935 940 941 942 943 952 953 954 955
248 17.2618 3.73735 8.28553 0 0 -0.668921 0.743333 1.27462 878 881 882 885 887 888 889 890 891 893 956 957 958 959 961 963
249 16.6921 3.79816 8.4033 0 0 -0.127067 0.991894 1.47817 887 888 889 890 893 894 898 907 908 909 910 911 912 913 918 956 957 958 959 960 961 962 965 966 967
250 18.0419 3.25022 8.4087 0 0 0.283753 0.958897 1.50026 898 907 908 909 910 911 912 913 918 959 960 961 962 963 964 965 966 967 970 971
251 17.8289 5.60129 8.34537 0 0 -0.38718 0.922004 1.35313 893 894 898 909 911 912 915 918 919 957 958 959 960 961 962 963 964 965 966 967 969 970 971 972
252 19.5947 5.77369 7.16957 0 0 -0.62821 0.778044 1.39434 964 966 967 969 971 972
253 19.0662 7.01389 7.11135 0 0 -0.451495 0.892274 1.30569 915 918 919 967 969 972
254 16.4035 3.67146 5.99852 0 0 -0.00855381 0.999963 0.195361 965
255 20.2199 5.70508 8.36912 0 0 -0.843978 0.536378 1.39348 909 910 912 913 918 919 964 965 966 967 969 970 971 972
