0 -1.18911 -28.9669 7.52185 0 0 0.591036 0.806645 1.00814 2 4 7 9 31 33 34 35 2084 2088 2089 2109 2112
1 -2.28204 -27.8802 6.98694 0 0 0.426177 0.90464 0.730898 7 31 32 33 34 36 41 2084 2089 2109 2110
2 1.22904 -29.0148 7.49645 0 0 0.801749 0.597662 0.992464 2 4 7 31 32 34 2084 2088 2089 2104 2106 2112 2113 2114 2123
3 2.29663 -27.9363 6.97054 0 0 0.898927 0.438098 0.723577 4 7 2089 2104 2106 2112 2113 2114 2121 2123
4 -4.82221 -25.8462 5.95372 0 0 0.19169 0.981456 0.329037 9 10 11 12 13 18 19 28 29 30 31 33 41 42 55 56 57 58 59 61 62 63 77 78 79 80 81 82 83 86 87 88 89
5 -3.01462 -26.4187 6.50208 0 0 0.313542 0.949574 0.530446 31 32 33 41 42 81
6 -1.934 -26.1014 8.74175 0 0 0.403652 0.914913 1.0207 30 33 36 41 42 43 44 81 82 83 84 89 91 92 93 95 96 2111 2114 2119 2120 2121 2122 2156 2171
7 -5.04553 -24.0185 5.83476 0 0 0.0922294 0.995738 0.287417 9 11 13 28 29 30 41 42 55 56 57 58 61 62 77 78 79 80 81 82 83 84 85 87 89 90 105 129 135
8 -4.47632 -24.0725 8.07186 0 0 0.120357 0.992731 0.680493 30 33 38 39 41 42 80 81 82 83 85 89 90 93 95 98 100 130 133 135 146 148
9 -5.15106 -22.4878 5.5937 0 0 0.0414983 0.999139 0.204547 13 29 56 58 61 77 78 79 80 81 82 83 84 85 87 89 90 105 106 129 130 131 132 135 136 143
10 -4.56378 -22.5746 8.03309 0 0 0.0654635 0.997855 0.663977 30 42 78 80 81 82 83 85 87 88 89 90 93 95 98 100 130 132 133 134 135 136 138 141 143 146 148 152 154
11 -2.18664 -24.3443 8.83037 0 0 0.259776 0.965669 1.08012 41 42 43 44 81 82 83 85 89 90 91 93 95 96 98 100 101 102 135 2119 2120 2121 2122 2156 2157 2161
12 -2.22527 -22.7053 8.90061 0 0 0.1458 0.989314 1.13239 42 89 90 93 95 96 98 100 101 102 132 135 136 146 148 149 150 155 2156 2157 2161 2162 2201
13 -5.1697 -21.0578 5.55721 0 0 0.00755974 0.999971 0.192141 61 80 83 84 85 89 90 105 106 113 114 129 130 131 132 135 136 137 138 139 140 143 144 200
14 -4.56073 -21.0712 8.0664 0 0 0.0116048 0.999933 0.678155 80 82 83 85 87 89 90 93 98 100 130 132 133 134 135 136 138 140 141 142 143 144 146 148 152 154 195 198 200 211
15 -5.1757 -19.8137 5.52748 0 0 0.00106583 0.999999 0.182057 90 105 106 113 114 129 130 131 132 135 136 137 138 139 140 143 144 172 173 194 195 196 197 200 201 208
16 -4.58206 -19.8128 8.04056 0 0 0.001135 0.999999 0.667145 85 88 90 100 130 132 133 134 135 136 138 140 141 142 143 144 146 148 152 154 195 197 198 199 200 201 203 206 208 211 213 217
17 -2.20034 -21.1016 8.94344 0 0 0.0291525 0.999575 1.16733 89 90 98 100 101 102 135 136 143 144 146 148 149 150 152 154 155 156 2161 2162 2201 2202 2207 2208 2249
18 -2.14756 -19.8181 8.96649 0 0 0.00370052 0.999993 1.18737 135 136 143 144 146 148 149 150 152 154 155 156 200 201 211 213 214 215 2201 2202 2207 2208 2249 2250
19 -5.17488 -18.6107 5.53196 0 0 0.000634423 1 0.183575 113 114 136 137 138 139 140 143 144 172 173 180 181 194 195 196 197 200 201 202 203 204 205 208 209 252
20 -4.51093 -18.6044 8.12748 0 0 -0.000357835 1 0.704585 132 134 136 138 140 141 142 143 144 148 152 154 195 197 198 199 200 201 203 205 206 207 208 209 211 213 217 219 247 250 252 263
21 -5.17381 -17.4033 5.5377 0 0 -0.000451194 1 0.185519 144 172 173 180 181 194 195 196 197 200 201 202 203 204 205 208 209 224 225 246 247 248 249 252 253 260
22 -4.50998 -17.4065 8.12859 0 0 2.40236e-05 1 0.705073 140 142 144 154 195 197 198 199 200 201 203 205 206 207 208 209 211 213 217 219 247 249 250 251 252 253 255 258 260 263 265 269
23 -2.23447 -18.5936 8.92982 0 0 -0.00384841 0.999993 1.15592 143 144 152 154 155 156 200 201 208 209 211 213 214 215 217 219 220 221 2207 2208 2249 2250 2255 2256
24 -2.27504 -17.4114 8.91161 0 0 0.00145988 0.999999 1.14111 200 201 208 209 211 213 214 215 217 219 220 221 252 253 263 265 266 267 2249 2250 2255 2256 2300 2301
25 -5.17409 -16.2108 5.53619 0 0 0.000639625 1 0.185007 180 181 201 202 203 204 205 208 209 224 225 232 233 246 247 248 249 252 253 254 255 256 257 260 261 307
26 -4.49453 -16.2101 8.1466 0 0 0.00068362 1 0.712982 197 199 201 203 205 206 207 208 209 213 217 219 247 249 250 251 252 253 255 257 258 259 260 261 263 265 269 271 302 305 307 318
27 -5.17304 -15.009 5.54178 0 0 0.000388893 1 0.186904 209 224 225 232 233 246 247 248 249 252 253 254 255 256 257 260 261 276 277 301 302 303 304 307 308 315
28 -4.54424 -15.0147 8.08759 0 0 0.00149541 0.999999 0.687258 205 207 209 219 247 249 250 251 252 253 255 257 258 259 260 261 263 265 269 271 302 304 305 306 307 308 310 313 315 318 320 324
29 -2.2697 -16.2115 8.91406 0 0 0.0014853 0.999999 1.14307 208 209 217 219 220 221 252 253 260 261 263 265 266 267 269 271 272 273 2255 2256 2300 2301 2306 2307
30 -2.2859 -15.0158 8.90661 0 0 0.00273875 0.999996 1.13712 252 253 260 261 263 265 266 267 269 271 272 273 307 308 318 320 321 322 2300 2301 2306 2307 2352 2353 2358
31 -5.17376 -13.809 5.53799 0 0 0.000383225 1 0.185618 232 233 253 254 255 256 257 260 261 276 277 284 285 301 302 303 304 307 308 309 310 311 312 315 316 363
32 -4.59543 -13.8124 8.02346 0 0 0.00105511 0.999999 0.659909 249 251 253 255 257 258 259 260 261 265 269 271 302 304 305 306 307 308 310 312 313 314 315 316 318 320 324 326 358 361 363 374
33 -5.17423 -12.6107 5.53545 0 0 0.000634439 1 0.184757 261 276 277 284 285 301 302 303 304 307 308 309 310 311 312 315 316 331 332 357 358 359 360 363 364 371
34 -4.57328 -12.6067 8.05166 0 0 5.23646e-05 1 0.671864 257 259 261 271 302 304 305 306 307 308 310 312 313 314 315 316 318 320 324 326 358 360 361 362 363 364 366 369 371 374 376 380
35 -2.28132 -13.8107 8.90873 0 0 0.00125922 0.999999 1.13881 260 261 269 271 272 273 307 308 315 316 318 320 321 322 324 326 327 2306 2307 2352 2353 2358
36 -2.27861 -12.6108 8.90998 0 0 0.00129848 0.999999 1.1398 307 308 315 316 318 320 321 322 324 326 327 363 364 374 376 378 945 2352 2353 2358
37 -5.17502 -11.4058 5.53121 0 0 -8.67336e-05 1 0.183321 284 285 308 309 310 311 312 315 316 331 332 339 340 357 358 359 360 363 364 365 366 367 368 371 372 676
38 -4.56365 -11.4104 8.0637 0 0 0.000713872 1 0.677002 304 306 308 310 312 313 314 315 316 320 324 326 358 360 361 362 363 364 366 368 369 370 371 372 374 376 380 382 671 674 676 687
39 -5.17479 -10.208 5.53245 0 0 0.000238148 1 0.183741 316 331 332 339 340 357 358 359 360 363 364 365 366 367 368 371 372 640 641 670 671 672 673 676 677 684
40 -4.56443 -10.2058 8.06274 0 0 -9.9457e-05 1 0.67659 312 314 316 326 358 360 361 362 363 364 366 368 369 370 371 372 374 376 380 382 671 673 674 675 676 677 679 682 684 687 689 693
41 -2.27971 -11.4154 8.90946 0 0 0.0026413 0.999996 1.13939 315 316 324 326 327 363 364 371 372 374 376 378 380 382 383 384 945 2405 2410 2411 2460
42 -2.27921 -10.2074 8.9097 0 0 0.000302462 1 1.13958 363 364 371 372 374 376 378 380 382 383 384 676 677 687 689 690 691 945 2405 2410 2411 2460 2461
43 -5.17389 -9.00662 5.53731 0 0 3.14077e-05 1 0.185388 339 340 364 365 366 367 368 371 372 640 641 650 652 670 671 672 673 676 677 678 679 680 681 684 685 731
44 -4.56157 -9.0036 8.06629 0 0 -0.000500916 1 0.678108 360 362 364 366 368 369 370 371 372 376 380 382 671 673 674 675 676 677 679 681 682 683 684 685 687 689 693 695 726 729 731 742
45 -2.29439 -9.00317 8.90267 0 0 -0.000936838 1 1.13401 371 372 380 382 383 384 676 677 684 685 687 689 690 691 693 695 696 697 2410 2411 2460 2461 2466 2467
46 -4.00062 -11.8175 7.41332 0 0 0.0595808 0.998223 0.00966452 324 326 374 376 380 382 945
47 3.20802 -26.3278 6.40239 0 0 0.956972 0.29018 0.492337 2112 2113 2114 2121 2122 2171
48 1.9116 -26.0854 8.78187 0 0 0.909591 0.415504 1.04684 31 33 36 41 42 43 44 81 95 2111 2114 2119 2120 2121 2122 2125 2156 2158 2159 2160 2171 2172 2177
49 4.82013 -26.0068 5.9345 0 0 0.976108 0.217286 0.322275 2094 2095 2104 2105 2106 2107 2108 2112 2113 2114 2121 2122 2123 2124 2125 2146 2147 2148 2149 2167 2168 2169 2170 2171 2172 2173 2174
50 2.33361 -24.2588 8.81134 0 0 0.973201 0.229955 1.06683 41 42 43 44 95 96 101 2119 2120 2121 2122 2156 2157 2158 2160 2161 2162 2164 2166 2171 2172 2177 2178 2204 2217
51 2.33845 -22.7032 8.87688 0 0 0.990001 0.141061 1.11411 95 96 101 102 149 2122 2156 2157 2160 2161 2162 2164 2166 2177 2178 2201 2202 2204 2206 2207 2219 2220 2225
52 5.13142 -23.9376 5.79789 0 0 0.99682 0.0796902 0.274627 2104 2106 2108 2121 2122 2123 2124 2125 2146 2147 2148 2149 2151 2152 2153 2154 2167 2168 2169 2170 2171 2172 2173 2174 2175 2176 2177 2178 2191 2192 2193 2214 2219
53 4.55018 -23.9319 8.0934 0 0 0.995449 0.0952961 0.689766 2112 2114 2117 2121 2122 2125 2156 2160 2164 2166 2168 2170 2171 2172 2176 2177 2178 2204 2206 2217 2218 2219
54 5.20992 -22.4617 5.61369 0 0 0.99929 0.0376868 0.211357 2108 2124 2147 2149 2152 2154 2167 2168 2169 2170 2171 2172 2173 2174 2175 2176 2177 2178 2191 2193 2197 2214 2216 2217 2218 2219 2220 2222 2227
55 4.67764 -22.5387 7.97002 0 0 0.998313 0.0580639 0.637555 2122 2125 2156 2160 2164 2166 2168 2170 2171 2172 2174 2176 2177 2178 2204 2206 2210 2214 2215 2216 2217 2218 2219 2220 2221 2222 2225 2227
56 2.15122 -21.129 8.98708 0 0 0.999192 0.0402029 1.20615 101 102 149 150 155 156 214 2161 2162 2164 2166 2177 2178 2201 2202 2204 2206 2207 2208 2210 2212 2219 2220 2227 2228
57 2.15936 -19.796 8.98584 0 0 0.999994 -0.00340903 1.205 149 150 155 156 214 215 2201 2202 2204 2206 2207 2208 2210 2212 2219 2220 2227 2228 2249 2250 2252 2254 2267 2268
58 5.2489 -21.0578 5.45421 0 0 0.999972 0.00752248 0.157275 2149 2152 2154 2169 2170 2172 2173 2174 2175 2176 2177 2178 2214 2216 2217 2218 2219 2220 2222 2224 2225 2226 2227 2228 2262 2267
59 4.69246 -21.1202 7.97305 0 0 0.999803 0.0198684 0.63881 2160 2164 2166 2170 2172 2173 2174 2175 2176 2177 2178 2204 2206 2210 2212 2214 2216 2217 2218 2219 2220 2222 2224 2225 2226 2227 2228 2252 2262 2265 2267
60 5.24582 -19.7974 5.47549 0 0 0.999999 -0.00132472 0.164461 2176 2178 2214 2216 2217 2218 2219 2220 2222 2224 2225 2226 2227 2228 2262 2264 2265 2266 2267 2268 2270 2275
61 4.74286 -19.8036 7.90635 0 0 1 -0.000479737 0.611391 2166 2175 2176 2178 2204 2206 2210 2212 2213 2214 2215 2216 2219 2220 2222 2224 2227 2228 2252 2254 2258 2261 2262 2263 2264 2267 2268 2269 2270 2271 2275
62 2.09145 -18.633 9.01084 0 0 0.999959 0.00908947 1.22905 155 156 214 215 220 221 2207 2208 2210 2212 2227 2228 2249 2250 2252 2254 2255 2256 2258 2260 2267 2268 2275
63 2.14908 -17.3853 8.98972 0 0 0.999976 -0.00693924 1.20863 214 215 220 221 266 267 2249 2250 2252 2254 2255 2256 2258 2260 2267 2268 2275 2300 2301 2303 2305 2318 2319
64 5.25344 -18.6088 5.42716 0 0 1 0.000349158 0.148154 2216 2220 2222 2224 2225 2226 2227 2228 2262 2264 2265 2266 2267 2268 2270 2272 2273 2274 2275 2276 2313 2318
65 4.71224 -18.6203 7.94918 0 0 0.999997 0.00241125 0.628936 2206 2210 2212 2215 2216 2220 2222 2223 2224 2225 2226 2227 2228 2252 2254 2258 2262 2264 2265 2266 2267 2268 2269 2270 2272 2273 2274 2275 2276 2312 2313 2316 2318
66 5.25367 -17.4063 5.42568 0 0 1 -1.95398e-05 0.147653 2224 2228 2262 2264 2265 2266 2267 2268 2270 2272 2273 2274 2275 2276 2313 2315 2316 2317 2318 2319 2321 2326
67 4.70984 -17.3942 7.95249 0 0 0.999998 -0.00212427 0.6303 2212 2223 2224 2226 2228 2252 2254 2258 2262 2263 2264 2265 2266 2267 2268 2270 2272 2273 2274 2275 2276 2303 2305 2309 2312 2313 2315 2316 2317 2318 2319 2320 2321 2324 2326
68 2.20249 -16.1928 8.96893 0 0 0.999991 -0.00431686 1.18955 220 221 266 267 272 273 2255 2256 2258 2260 2300 2301 2303 2305 2306 2307 2309 2311 2318 2319 2326 2327
69 2.19016 -15.0052 8.97386 0 0 1 -0.000385946 1.19399 266 267 272 273 321 322 2300 2301 2303 2305 2306 2307 2309 2311 2318 2319 2326 2327 2352 2353 2355 2357 2370 2371
70 5.2369 -16.2037 5.52657 0 0 1 -0.000397044 0.181745 2264 2268 2270 2272 2273 2274 2275 2276 2313 2315 2316 2317 2318 2319 2321 2323 2324 2325 2326 2327 2365 2370
71 4.68089 -16.2072 7.99152 0 0 1 0.000136629 0.646504 2254 2258 2264 2266 2268 2270 2272 2273 2274 2275 2276 2303 2305 2309 2311 2313 2315 2316 2317 2318 2319 2321 2323 2324 2325 2326 2327 2355 2365 2368 2370
72 5.2347 -15.0079 5.53841 0 0 1 0.000226698 0.185761 2272 2276 2313 2315 2316 2317 2318 2319 2321 2323 2324 2325 2326 2327 2365 2367 2368 2369 2370 2371 2373 2378
73 4.66251 -15.017 8.0156 0 0 0.999998 0.00186279 0.656596 2272 2274 2276 2303 2305 2309 2311 2313 2315 2316 2317 2318 2319 2321 2323 2324 2325 2326 2327 2355 2357 2361 2365 2367 2368 2369 2370 2371 2373 2376 2378
74 2.19119 -13.8225 8.97342 0 0 0.999987 0.00514447 1.1936 272 273 321 322 327 2306 2307 2309 2311 2326 2327 2352 2353 2355 2357 2358 2361 2363 2370 2371 2378 2379 3007
75 2.30332 -12.607 8.92639 0 0 1 0.000176509 1.15309 321 322 327 2352 2353 2355 2357 2358 2361 2363 2370 2371 2378 2379 2405 2407 2409 2422 2423 3007 3008
76 5.23853 -13.8078 5.51762 0 0 1 0.000201521 0.178714 2315 2319 2321 2323 2324 2325 2326 2327 2365 2367 2368 2369 2370 2371 2373 2375 2376 2377 2378 2379 2417 2422
77 4.68502 -13.8094 7.98604 0 0 1 0.000529541 0.644214 2305 2309 2311 2315 2317 2319 2321 2323 2324 2325 2326 2327 2355 2357 2361 2363 2365 2367 2368 2369 2370 2371 2373 2375 2376 2377 2378 2379 2407 2417 2420 2422
78 5.23887 -12.6089 5.51573 0 0 1 0.00036074 0.178073 2323 2327 2365 2367 2368 2369 2370 2371 2373 2375 2376 2377 2378 2379 2417 2419 2420 2421 2422 2423 2425 2430
79 4.67325 -12.6076 8.00161 0 0 1 0.000214073 0.650722 2311 2323 2325 2327 2355 2357 2361 2363 2365 2367 2368 2369 2370 2371 2373 2375 2376 2377 2378 2379 2407 2409 2413 2417 2419 2420 2421 2422 2423 2425 2428 2430
80 2.27419 -11.3901 8.93909 0 0 0.999988 -0.00496752 1.16365 378 383 384 2358 2361 2363 2378 2379 2405 2407 2409 2410 2411 2413 2415 2422 2423 2430 2431 3007 3008
81 2.26815 -10.218 8.94171 0 0 0.999994 0.00353854 1.16586 378 383 384 690 691 2405 2407 2409 2410 2411 2413 2415 2422 2423 2430 2431 2460 2461 2463 2465 2478 2479 3008
82 5.24857 -11.4129 5.45863 0 0 1 0.000953369 0.158768 2367 2371 2373 2375 2376 2377 2378 2379 2417 2419 2420 2421 2422 2423 2425 2427 2428 2429 2430 2431 2473 2478
83 4.66378 -11.4014 8.01398 0 0 1 -0.000891155 0.655914 2357 2361 2363 2367 2369 2371 2373 2375 2376 2377 2378 2379 2407 2409 2413 2415 2417 2419 2420 2421 2422 2423 2425 2427 2428 2429 2430 2431 2463 2473 2476 2478
84 5.24857 -10.2085 5.45868 0 0 1 0.000311261 0.158783 2375 2379 2417 2419 2420 2421 2422 2423 2425 2427 2428 2429 2430 2431 2473 2475 2476 2477 2478 2479 2481 2486
85 4.65962 -10.2183 8.01934 0 0 0.999998 0.00210829 0.658172 2363 2375 2377 2379 2407 2409 2413 2415 2417 2419 2420 2421 2422 2423 2425 2427 2428 2429 2430 2431 2463 2465 2469 2473 2475 2476 2477 2478 2479 2481 2484 2486
86 2.27237 -9.01034 8.93991 0 0 0.999999 0.00119798 1.16434 383 384 690 691 696 697 2410 2411 2413 2415 2430 2431 2460 2461 2463 2465 2466 2467 2469 2471 2478 2479 2486 2487
87 5.25006 -9.0151 5.44921 0 0 0.999999 0.00127149 0.155587 2419 2423 2425 2427 2428 2429 2430 2431 2473 2475 2476 2477 2478 2479 2481 2483 2484 2485 2486 2487 2531 2536
88 4.66196 -9.0129 8.01633 0 0 0.999999 0.00114804 0.656902 2409 2413 2415 2419 2421 2423 2425 2427 2428 2429 2430 2431 2463 2465 2469 2471 2473 2475 2476 2477 2478 2479 2481 2483 2484 2485 2486 2487 2521 2531 2534 2536
89 -5.17338 -7.80239 5.54 0 0 -0.00058982 1 0.186301 372 640 641 650 652 670 671 672 673 676 677 678 679 680 681 684 685 705 725 726 727 728 731 732 739
90 -4.58515 -7.77154 8.03637 0 0 -0.00619096 0.999981 0.665365 368 370 372 382 671 673 674 675 676 677 679 681 682 683 684 685 687 689 693 695 726 728 729 730 731 732 734 737 739 742 744 748
91 -2.26674 -7.8017 8.91541 0 0 -0.00138617 0.999999 1.14415 676 677 684 685 687 689 690 691 693 695 696 697 731 732 742 744 745 746 2460 2461 2466 2467 2518 2519
92 -5.15816 -6.58242 5.61504 0 0 -0.00353828 0.999994 0.211818 650 652 677 678 679 680 681 684 685 705 725 726 727 728 731 732 733 734 735 736 739 740
93 -4.56455 -6.59127 8.06253 0 0 -0.00270671 0.999996 0.676501 673 675 677 679 681 682 683 684 685 689 693 695 726 728 729 730 731 732 734 736 737 738 739 740 742 744 748 750 864 867 869 880
94 -5.15919 -5.39439 5.61052 0 0 -0.00177193 0.999998 0.210279 685 705 725 726 727 728 731 732 733 734 735 736 739 740 863 864 865 866 869 870
95 -4.5357 -5.4003 8.09795 0 0 -0.0011037 0.999999 0.691736 681 683 685 695 726 728 729 730 731 732 734 736 737 738 739 740 742 744 748 750 864 866 867 868 869 870 872 875 877 880 882 886
96 -2.2651 -6.59424 8.91613 0 0 -0.00358701 0.999994 1.14474 684 685 693 695 696 697 731 732 739 740 742 744 745 746 748 750 751 752 2461 2466 2467 2518 2519 2524 2525
97 -2.28207 -5.39793 8.90838 0 0 -0.00247225 0.999997 1.13853 731 732 739 740 742 744 745 746 748 750 751 752 869 870 880 882 883 884 2467 2518 2519 2524 2525 2594 2595
98 -5.15129 -4.18615 5.64626 0 0 -0.00299464 0.999996 0.222477 733 734 735 736 739 740 863 864 865 866 869 870 871 872 873 874 877 878
99 -4.51275 -4.19381 8.12531 0 0 -0.00229528 0.999997 0.703634 728 730 732 734 736 737 738 739 740 744 748 750 864 866 867 868 869 870 872 874 875 876 877 878 880 882 886 888 918 921 923 934
100 -5.15072 -3.01025 5.64906 0 0 0.000569194 1 0.223431 863 864 865 866 869 870 871 872 873 874 877 878 917 918 919 920 923 924
101 -4.52119 -3.00019 8.11534 0 0 -0.00112917 0.999999 0.699286 736 738 740 750 864 866 867 868 869 870 872 874 875 876 877 878 880 882 886 888 918 920 921 922 923 924 926 929 931 934 936 940
102 -2.17871 -4.18828 8.95369 0 0 -0.00563175 0.999984 1.17612 739 740 748 750 751 752 869 870 877 878 880 882 883 884 886 888 889 890 2524 2525 2594 2595 2600 2601
103 -2.18803 -2.99312 8.94981 0 0 -0.00410291 0.999992 1.17277 869 870 877 878 880 882 883 884 886 888 889 890 923 924 934 936 937 938 2594 2595 2600 2601 2647 2648
104 -5.15174 -1.8 5.64451 0 0 -0.000946199 1 0.221876 871 872 873 874 877 878 904 906 917 918 919 920 923 924 925 926 927 928 931 932
105 -4.52854 -1.79644 8.10656 0 0 -0.00180582 0.999998 0.695467 866 868 870 872 874 875 876 877 878 882 886 888 918 920 921 922 923 924 926 928 929 930 931 932 934 936 940 942 1342 1345 1347 1358
106 -5.14524 -0.603218 5.67272 0 0 -0.000471571 1 0.231527 904 906 917 918 919 920 923 924 925 926 927 928 931 932 1325 1327 1341 1342 1343 1344 1347 1348
107 -4.5337 -0.60267 8.10037 0 0 -0.00067508 1 0.692784 874 876 878 888 918 920 921 922 923 924 926 928 929 930 931 932 934 936 940 942 1342 1344 1345 1346 1347 1348 1350 1353 1355 1358 1360 1364
108 -2.20251 -1.79127 8.94367 0 0 -0.00463338 0.999989 1.16752 877 878 886 888 889 890 923 924 931 932 934 936 937 938 940 942 943 944 2600 2601 2647 2648 2653 2654
109 -2.19438 -0.600105 8.94715 0 0 -0.0019378 0.999998 1.17049 923 924 931 932 934 936 937 938 940 942 943 944 1347 1348 1358 1360 1361 1362 2647 2648 2653 2654 3099 3100
110 -5.15118 0.592777 5.64702 0 0 0.000121452 1 0.222735 904 906 925 926 927 928 931 932 1325 1327 1333 1335 1341 1342 1343 1344 1347 1348 1349 1350 1351 1352 1355 1356
111 -4.54162 0.615296 8.0907 0 0 -0.00391345 0.999992 0.688599 920 922 924 926 928 929 930 931 932 936 940 942 1342 1344 1345 1346 1347 1348 1350 1352 1353 1354 1355 1356 1358 1360 1364 1366 1394 1397 1399 1410
112 -5.14582 1.77532 5.67005 0 0 0.00270677 0.999996 0.230613 1325 1327 1333 1335 1341 1342 1343 1344 1347 1348 1349 1350 1351 1352 1355 1356 1376 1378 1393 1394 1395 1396 1399 1400
113 -4.54912 1.7959 8.08164 0 0 -0.00041414 1 0.684696 928 930 932 942 1342 1344 1345 1346 1347 1348 1350 1352 1353 1354 1355 1356 1358 1360 1364 1366 1394 1396 1397 1398 1399 1400 1402 1405 1407 1410 1412 1416
114 -2.2103 0.603931 8.94035 0 0 -0.00314883 0.999995 1.16471 931 932 940 942 943 944 1347 1348 1355 1356 1358 1360 1361 1362 1364 1366 1367 1368 2653 2654 3099 3100 3105 3106
115 -2.213 1.80909 8.93917 0 0 -0.00471302 0.999989 1.16372 1347 1348 1355 1356 1358 1360 1361 1362 1364 1366 1367 1368 1399 1400 1410 1412 1413 1414 3099 3100 3105 3106 3155 3156
116 -5.14036 3.0011 5.69309 0 0 -0.00111282 0.999999 0.23851 1333 1335 1349 1350 1351 1352 1355 1356 1376 1378 1385 1387 1393 1394 1395 1396 1399 1400 1401 1402 1403 1404 1407 1408
117 -4.51327 3.01221 8.12465 0 0 -0.00339201 0.999994 0.703346 1344 1346 1348 1350 1352 1353 1354 1355 1356 1360 1364 1366 1394 1396 1397 1398 1399 1400 1402 1404 1405 1406 1407 1408 1410 1412 1416 1418 1460 1463 1465 1476
118 -5.13973 4.19618 5.69568 0 0 -0.000382405 1 0.2394 1376 1378 1385 1387 1393 1394 1395 1396 1399 1400 1401 1402 1403 1404 1407 1408 1431 1433 1459 1460 1461 1462 1465 1466
119 -4.50151 4.19534 8.13851 0 0 -0.000319191 1 0.709419 1352 1354 1356 1366 1394 1396 1397 1398 1399 1400 1402 1404 1405 1406 1407 1408 1410 1412 1416 1418 1460 1462 1463 1464 1465 1466 1468 1471 1473 1476 1478 1482
120 -2.20746 3.01784 8.94151 0 0 -0.00739833 0.999973 1.16569 1355 1356 1364 1366 1367 1368 1399 1400 1407 1408 1410 1412 1413 1414 1416 1418 1419 1420 3105 3106 3155 3156 3161 3162
121 -2.2708 4.19989 8.91355 0 0 -0.00184838 0.999998 1.14266 1399 1400 1407 1408 1410 1412 1413 1414 1416 1418 1419 1420 1465 1466 1476 1478 1479 1480 3155 3156 3161 3162 3264 3265
122 -5.1391 5.39435 5.69825 0 0 -0.000111937 1 0.240281 1385 1387 1401 1402 1403 1404 1407 1408 1431 1433 1444 1445 1459 1460 1461 1462 1465 1466 1467 1468 1469 1470 1473 1474
123 -4.47613 5.40621 8.16765 0 0 -0.00232994 0.999997 0.722296 1396 1398 1400 1402 1404 1405 1406 1407 1408 1412 1416 1418 1460 1462 1463 1464 1465 1466 1468 1470 1471 1472 1473 1474 1476 1478 1482 1484 1516 1519 1521 1532
124 -5.13738 6.59619 5.70525 0 0 -0.000384357 1 0.242684 1431 1433 1444 1445 1459 1460 1461 1462 1465 1466 1467 1468 1469 1470 1473 1474 1489 1490 1515 1516 1517 1518 1521 1522
125 -4.47518 6.59026 8.16876 0 0 0.000617451 1 0.722788 1404 1406 1408 1418 1460 1462 1463 1464 1465 1466 1468 1470 1471 1472 1473 1474 1476 1478 1482 1484 1516 1518 1519 1520 1521 1522 1524 1527 1529 1532 1534 1538
126 -2.30235 5.40523 8.89892 0 0 -0.00335505 0.999994 1.13106 1407 1408 1416 1418 1419 1420 1465 1466 1473 1474 1476 1478 1479 1480 1482 1484 1485 1486 3156 3161 3162 3264 3265 3270 3271
127 -2.29669 6.59047 8.90159 0 0 0.000905117 1 1.13316 1465 1466 1473 1474 1476 1478 1479 1480 1482 1484 1485 1486 1521 1522 1532 1534 1535 1536 3264 3265 3270 3271 3319 3320 3325
128 -5.13612 7.79582 5.71034 0 0 -0.000330175 1 0.244432 1444 1445 1467 1468 1469 1470 1473 1474 1489 1490 1497 1498 1515 1516 1517 1518 1521 1522 1523 1524 1525 1526 1529 1530
129 -4.48688 7.79939 8.15541 0 0 -0.00106574 0.999999 0.71687 1462 1464 1466 1468 1470 1471 1472 1473 1474 1478 1482 1484 1516 1518 1519 1520 1521 1522 1524 1526 1527 1528 1529 1530 1532 1534 1538 1540 1572 1575 1577 1588
130 -2.28921 7.79725 8.90508 0 0 -0.00106191 0.999999 1.13591 1473 1474 1482 1484 1485 1486 1521 1522 1529 1530 1532 1534 1535 1536 1538 1540 1541 1542 3270 3271 3319 3320 3325 3326
131 2.26127 -7.79231 8.94464 0 0 0.999991 -0.00432156 1.16834 690 691 696 697 745 746 2460 2461 2463 2465 2466 2467 2469 2471 2478 2479 2486 2487 2518 2519 2521 2523 2536 2537
132 5.24863 -7.81068 5.4583 0 0 1 0.000626126 0.158657 2427 2431 2473 2475 2476 2477 2478 2479 2481 2483 2484 2485 2486 2487 2507 2531 2533 2534 2535 2536 2537 2538 2543
133 4.65686 -7.78562 8.02284 0 0 0.999993 -0.00367562 0.659647 2415 2427 2429 2431 2463 2465 2469 2471 2473 2475 2476 2477 2478 2479 2481 2483 2484 2485 2486 2487 2521 2523 2527 2531 2533 2534 2535 2536 2537 2538 2541 2543
134 2.24806 -6.60177 8.95025 0 0 0.999999 -0.00143278 1.17315 696 697 745 746 751 752 2466 2467 2469 2471 2486 2487 2518 2519 2521 2523 2524 2525 2527 2529 2536 2537 2543 2544
135 2.20197 -5.39305 8.96914 0 0 0.999991 -0.0042494 1.18973 745 746 751 752 883 884 2518 2519 2521 2523 2524 2525 2527 2529 2536 2537 2543 2544 2594 2595 2597 2599 2612 2613
136 5.23344 -6.60249 5.54507 0 0 1 -0.000574393 0.188019 2475 2479 2481 2483 2484 2485 2486 2487 2507 2531 2533 2534 2535 2536 2537 2538 2540 2541 2542 2543 2544 2607 2612
137 4.65711 -6.63354 8.02245 0 0 0.999988 0.00480068 0.659483 2465 2469 2471 2475 2477 2479 2481 2483 2484 2485 2486 2487 2521 2523 2527 2529 2531 2533 2534 2535 2536 2537 2538 2540 2541 2542 2543 2544 2597 2607 2610 2612
138 5.24211 -5.39989 5.49737 0 0 1 -0.000954165 0.17186 2483 2487 2507 2531 2533 2534 2535 2536 2537 2538 2540 2541 2542 2543 2544 2607 2609 2610 2611 2612 2613 2615 2620
139 4.64629 -5.37166 8.03621 0 0 0.999981 -0.0061684 0.665299 2471 2483 2485 2487 2521 2523 2527 2529 2531 2533 2534 2535 2536 2537 2538 2540 2541 2542 2543 2544 2597 2599 2603 2607 2609 2610 2611 2612 2613 2615 2618 2620
140 2.28571 -4.1847 8.93407 0 0 0.999978 -0.00655596 1.15944 746 751 752 883 884 889 890 2524 2525 2527 2529 2543 2544 2594 2595 2597 2599 2600 2601 2603 2605 2612 2613 2620 2621
141 2.28201 -2.98644 8.93569 0 0 0.999982 -0.00604416 1.1608 883 884 889 890 937 938 2594 2595 2597 2599 2600 2601 2603 2605 2612 2613 2620 2621 2647 2648 2650 2652 2665 2666
142 5.18871 -4.22593 5.74309 0 0 0.999996 0.00290766 0.255697 2533 2538 2540 2541 2542 2543 2544 2607 2609 2610 2611 2612 2613 2615 2617 2618 2619 2620 2621 2660
143 4.63071 -4.20881 8.05616 0 0 1 0.000429373 0.67378 2523 2527 2529 2533 2535 2537 2538 2540 2541 2542 2543 2544 2597 2599 2603 2605 2607 2609 2610 2611 2612 2613 2615 2617 2618 2619 2620 2621 2650 2660 2663 2665
144 5.1182 -3.00481 5.97447 0 0 1 -0.000242608 0.336355 2540 2607 2609 2610 2611 2612 2613 2615 2617 2618 2619 2620 2621 2660 2662 2663 2664 2665 2666 2668
145 4.68959 -2.98331 7.97982 0 0 0.999992 -0.0040377 0.641626 2529 2540 2542 2544 2597 2599 2603 2605 2607 2609 2610 2611 2612 2613 2615 2617 2618 2619 2620 2621 2650 2652 2656 2659 2660 2662 2663 2664 2665 2666 2667 2668 2671 2673
146 2.33239 -1.79614 8.91329 0 0 0.999995 -0.00301485 1.14245 884 889 890 937 938 943 944 2600 2601 2603 2605 2620 2621 2647 2648 2650 2652 2653 2654 2656 2658 2665 2666 2673 2674
147 2.31397 -0.585413 8.92157 0 0 0.999981 -0.00623357 1.14915 890 937 938 943 944 1361 1362 2647 2648 2650 2652 2653 2654 2656 2658 2665 2666 2673 2674 3099 3100 3102 3104 3117 3118
148 5.18985 -1.84794 5.73795 0 0 0.999981 0.00618278 0.253929 2609 2615 2617 2618 2619 2620 2621 2644 2646 2660 2662 2663 2664 2665 2666 2668 2670 2671 2672 2673 2674 3112
149 4.70268 -1.78686 7.9622 0 0 0.999994 -0.00340154 0.634314 2599 2603 2605 2608 2609 2611 2613 2615 2616 2617 2618 2619 2620 2621 2650 2652 2656 2658 2660 2662 2663 2664 2665 2666 2667 2668 2670 2671 2672 2673 2674 3102 3111 3112 3115 3117
150 5.16911 -0.608015 5.81467 0 0 1 0.000241539 0.280443 2617 2644 2646 2660 2662 2663 2664 2665 2666 2668 2670 2671 2672 2673 2674 3086 3088 3112 3114 3115 3116 3117 3118 3120
151 4.68919 -0.588311 7.9804 0 0 0.999995 -0.00316424 0.641866 2605 2617 2619 2621 2650 2652 2656 2658 2660 2662 2663 2664 2665 2666 2668 2670 2671 2672 2673 2674 3102 3104 3108 3111 3112 3114 3115 3116 3117 3118 3119 3120 3123 3125
152 2.32946 0.612813 8.91458 0 0 0.999984 -0.00565454 1.14349 938 943 944 1361 1362 1367 1368 2653 2654 2656 2658 2673 2674 3099 3100 3102 3104 3105 3106 3108 3110 3117 3118 3125 3126
153 2.36005 1.80775 8.90047 0 0 0.999992 -0.00409202 1.13228 944 1361 1362 1367 1368 1413 1414 3099 3100 3102 3104 3105 3106 3108 3110 3117 3118 3125 3126 3155 3156 3158 3160 3173 3174
154 5.22706 0.613705 5.57731 0 0 0.999996 -0.00295988 0.198972 2644 2646 2662 2666 2668 2670 2671 2672 2673 2674 3086 3088 3096 3098 3112 3114 3115 3116 3117 3118 3120 3122 3123 3124 3125 3126 3168
155 4.67812 0.593324 7.99519 0 0 1 4.8131e-05 0.648035 2652 2656 2658 2662 2664 2666 2668 2670 2671 2672 2673 2674 3102 3104 3108 3110 3112 3114 3115 3116 3117 3118 3120 3122 3123 3124 3125 3126 3158 3168 3171 3173
156 5.2187 1.7988 5.6176 0 0 1 -0.000767529 0.212691 2670 3086 3088 3096 3098 3112 3114 3115 3116 3117 3118 3120 3122 3123 3124 3125 3126 3139 3141 3168 3170 3171 3172 3173 3174 3176
157 4.65456 1.8068 8.02586 0 0 0.999997 -0.00233724 0.660922 2658 2670 2672 2674 3102 3104 3108 3110 3112 3114 3115 3116 3117 3118 3120 3122 3123 3124 3125 3126 3158 3160 3164 3168 3170 3171 3172 3173 3174 3176 3179 3181
158 2.38584 2.97293 8.88819 0 0 0.999983 0.00588586 1.12274 1367 1368 1413 1414 1419 1420 1479 3105 3106 3108 3110 3125 3126 3155 3156 3158 3160 3161 3162 3164 3166 3173 3174 3181 3182
159 2.27674 4.19822 8.93802 0 0 0.999999 -0.00140315 1.16275 1413 1414 1419 1420 1479 1480 3155 3156 3158 3160 3161 3162 3164 3166 3173 3174 3181 3182 3264 3265 3267 3269 3282 3283
160 5.22439 2.98845 5.59066 0 0 1 0.000758566 0.203514 3096 3098 3114 3120 3122 3123 3124 3125 3126 3139 3141 3152 3154 3168 3170 3171 3172 3173 3174 3176 3178 3179 3180 3181 3182 3277 3282
161 4.60562 3.00531 8.08714 0 0 0.999998 -0.00210951 0.687065 3104 3108 3110 3114 3116 3118 3120 3122 3123 3124 3125 3126 3158 3160 3164 3166 3168 3170 3171 3172 3173 3174 3176 3178 3179 3180 3181 3182 3267 3277 3280 3282
162 5.20366 4.19457 5.68364 0 0 1 -0.000143763 0.23527 3122 3139 3141 3152 3154 3168 3170 3171 3172 3173 3174 3176 3178 3179 3180 3181 3182 3249 3251 3277 3279 3280 3281 3282 3283 3285
163 4.60928 4.19066 8.08269 0 0 1 0.000527851 0.68515 3110 3122 3124 3126 3158 3160 3164 3166 3168 3170 3171 3172 3173 3174 3176 3178 3179 3180 3181 3182 3267 3269 3273 3277 3279 3280 3281 3282 3283 3285 3288 3290
164 2.28719 5.39295 8.93349 0 0 1 0.000194535 1.15896 1419 1420 1479 1480 1485 1486 3161 3162 3164 3166 3181 3182 3264 3265 3267 3269 3270 3271 3273 3275 3282 3283 3290 3291
165 2.33192 6.61347 8.91346 0 0 0.999983 -0.00583968 1.14259 1420 1479 1480 1485 1486 1535 1536 3264 3265 3267 3269 3270 3271 3273 3275 3282 3283 3290 3291 3319 3320 3322 3324 3337 3338
166 5.20393 5.39534 5.68251 0 0 1 -0.000257951 0.234882 3152 3154 3170 3176 3178 3179 3180 3181 3182 3249 3251 3262 3263 3277 3279 3280 3281 3282 3283 3285 3287 3288 3289 3290 3291 3332
167 4.59307 5.38618 8.10235 0 0 0.999999 0.00134297 0.693642 3160 3164 3166 3170 3172 3174 3176 3178 3179 3180 3181 3182 3267 3269 3273 3275 3277 3279 3280 3281 3282 3283 3285 3287 3288 3289 3290 3291 3322 3332 3335 3337
168 5.20303 6.59254 5.68627 0 0 1 0.000156809 0.23617 3178 3249 3251 3262 3263 3277 3279 3280 3281 3282 3283 3285 3287 3288 3289 3290 3291 3309 3310 3332 3334 3335 3336 3337 3338 3340
169 4.59214 6.59651 8.10347 0 0 1 -0.00052806 0.694127 3166 3178 3180 3182 3267 3269 3273 3275 3277 3279 3280 3281 3282 3283 3285 3287 3288 3289 3290 3291 3322 3324 3328 3332 3334 3335 3336 3337 3338 3340 3343 3345
170 2.41684 7.78874 8.87313 0 0 0.999999 0.00135854 1.11128 1480 1485 1486 1535 1536 1541 1542 1591 3270 3271 3273 3275 3290 3291 3319 3320 3322 3324 3325 3326 3328 3330 3337 3338 3345 3346
171 5.19959 7.79936 5.70042 0 0 1 -0.000854474 0.241024 3262 3263 3279 3285 3287 3288 3289 3290 3291 3309 3310 3317 3318 3332 3334 3335 3336 3337 3338 3340 3342 3343 3344 3345 3346 3483
172 4.60143 7.78909 8.09225 0 0 1 0.00081308 0.689273 3269 3273 3275 3279 3281 3283 3285 3287 3288 3289 3290 3291 3322 3324 3328 3330 3332 3334 3335 3336 3337 3338 3340 3342 3343 3344 3345 3346 3473 3483 3486 3488
173 -5.13488 8.99341 5.71526 0 0 2.87576e-05 1 0.246123 1489 1490 1497 1498 1515 1516 1517 1518 1521 1522 1523 1524 1525 1526 1529 1530 1545 1546 1571 1572 1573 1574 1577 1578
174 -4.48135 8.99622 8.16175 0 0 -0.000483761 1 0.719676 1470 1472 1474 1484 1516 1518 1519 1520 1521 1522 1524 1526 1527 1528 1529 1530 1532 1534 1538 1540 1572 1574 1575 1576 1577 1578 1580 1583 1585 1588 1590 1594
175 -2.29354 8.99603 8.90307 0 0 -0.000704725 1 1.13432 1521 1522 1529 1530 1532 1534 1535 1536 1538 1540 1541 1542 1577 1578 1588 1590 1591 1592 3319 3320 3325 3326 3470 3471
176 -5.13678 10.1926 5.70767 0 0 0.000142254 1 0.243515 1497 1498 1523 1524 1525 1526 1529 1530 1545 1546 1553 1554 1571 1572 1573 1574 1577 1578 1579 1580 1581 1582 1585 1586
177 -4.48655 10.1884 8.15579 0 0 0.000950228 1 0.71704 1518 1520 1522 1524 1526 1527 1528 1529 1530 1534 1538 1540 1572 1574 1575 1576 1577 1578 1580 1582 1583 1584 1585 1586 1588 1590 1594 1596 1628 1631 1633 1644
178 -5.13649 11.3934 5.70885 0 0 3.43713e-05 1 0.243919 1545 1546 1553 1554 1571 1572 1573 1574 1577 1578 1579 1580 1581 1582 1585 1586 1601 1602 1627 1628 1629 1630 1633 1634
179 -4.50816 11.4002 8.13072 0 0 -0.00120209 0.999999 0.706004 1526 1528 1530 1540 1572 1574 1575 1576 1577 1578 1580 1582 1583 1584 1585 1586 1588 1590 1594 1596 1628 1630 1631 1632 1633 1634 1636 1639 1641 1644 1646 1650
180 -2.27588 10.1931 8.91123 0 0 0.000137564 1 1.1408 1529 1530 1538 1540 1541 1542 1577 1578 1585 1586 1588 1590 1591 1592 1594 1596 1597 1598 3325 3326 3470 3471 3476 3477
181 -2.3335 11.399 8.88406 0 0 -0.00153118 0.999999 1.11957 1577 1578 1585 1586 1588 1590 1591 1592 1594 1596 1597 1598 1633 1634 1644 1646 1647 1648 3326 3470 3471 3476 3477 3526 3527 3532
182 -5.1376 12.5903 5.70435 0 0 0.000486771 1 0.242376 1553 1554 1579 1580 1581 1582 1585 1586 1601 1602 1609 1610 1627 1628 1629 1630 1633 1634 1635 1636 1637 1638 1641 1642
183 -4.51745 12.5818 8.11975 0 0 0.00215131 0.999998 0.70121 1574 1576 1578 1580 1582 1583 1584 1585 1586 1590 1594 1596 1628 1630 1631 1632 1633 1634 1636 1638 1639 1640 1641 1642 1644 1646 1650 1652 1683 1686 1688 1698
184 -5.14015 13.7923 5.69396 0 0 0.000196144 1 0.238809 1601 1602 1609 1610 1627 1628 1629 1630 1633 1634 1635 1636 1637 1638 1641 1642 1657 1658 1682 1683 1684 1685 1688 1689
185 -4.52147 13.7935 8.11502 0 0 1.44706e-05 1 0.699144 1582 1584 1586 1596 1628 1630 1631 1632 1633 1634 1636 1638 1639 1640 1641 1642 1644 1646 1650 1652 1683 1685 1686 1687 1688 1689 1691 1693 1695 1698 1700 1704
186 -2.34239 12.5866 8.87973 0 0 0.00197177 0.999998 1.11627 1585 1586 1594 1596 1597 1598 1633 1634 1641 1642 1644 1646 1647 1648 1650 1652 1653 1654 3471 3476 3477 3526 3527 3532 3533 3577
187 -2.31726 13.7936 8.89187 0 0 -3.6144e-06 1 1.12558 1633 1634 1641 1642 1644 1646 1647 1648 1650 1652 1653 1654 1688 1689 1698 1700 1701 1702 3477 3526 3527 3532 3533 3577 3578 3583
188 -5.14386 15.0246 5.67796 0 0 -0.00458697 0.999989 0.233321 1609 1610 1635 1636 1637 1638 1641 1642 1657 1658 1665 1666 1682 1683 1684 1685 1688 1689 1690 1691 1692 1695 1696 1731
189 -4.54579 15.0145 8.08562 0 0 -0.0037612 0.999993 0.68641 1630 1632 1634 1636 1638 1639 1640 1641 1642 1646 1650 1652 1683 1685 1686 1687 1688 1689 1691 1692 1693 1694 1695 1696 1698 1700 1704 1706 1729 1731 1734 1743
190 -2.31876 15.0489 8.89074 0 0 -0.0157987 0.999875 1.1247 1641 1642 1650 1652 1653 1654 1688 1689 1695 1696 1698 1700 1701 1702 1704 1706 1707 1708 3527 3532 3533 3577 3578 3583 3584
191 2.43836 8.98944 8.86237 0 0 0.999999 0.00114941 1.10326 1486 1535 1536 1541 1542 1591 1592 1597 3319 3320 3322 3324 3325 3326 3328 3330 3337 3338 3345 3346 3470 3471 3473 3475 3488 3489
192 5.19754 8.99549 5.7087 0 0 1 -0.000280214 0.243867 3287 3309 3310 3317 3318 3332 3334 3335 3336 3337 3338 3340 3342 3343 3344 3345 3346 3460 3461 3483 3485 3486 3487 3488 3489 3491
193 4.5997 8.98527 8.09435 0 0 0.999999 0.00150379 0.690176 3275 3287 3289 3291 3322 3324 3328 3330 3332 3334 3335 3336 3337 3338 3340 3342 3343 3344 3345 3346 3473 3475 3479 3483 3485 3486 3487 3488 3489 3491 3494 3496
194 2.37998 10.1926 8.89106 0 0 1 0.0002815 1.12495 1536 1541 1542 1591 1592 1597 1598 1647 3325 3326 3328 3330 3345 3346 3470 3471 3473 3475 3476 3477 3479 3481 3488 3489 3496 3497
195 2.39197 11.3926 8.8853 0 0 1 0.000281911 1.12051 1542 1591 1592 1597 1598 1647 1648 1653 3470 3471 3473 3475 3476 3477 3479 3481 3488 3489 3496 3497 3526 3527 3529 3531 3544 3545
196 5.1974 10.1923 5.70929 0 0 1 0.000199723 0.24407 3317 3318 3334 3340 3342 3343 3344 3345 3346 3460 3461 3468 3469 3483 3485 3486 3487 3488 3489 3491 3493 3494 3495 3496 3497 3539
197 4.61147 10.1958 8.08001 0 0 1 -0.000393543 0.683993 3324 3328 3330 3334 3336 3338 3340 3342 3343 3344 3345 3346 3473 3475 3479 3481 3483 3485 3486 3487 3488 3489 3491 3493 3494 3495 3496 3497 3529 3539 3542 3544
198 5.20293 11.4098 5.68652 0 0 0.999997 -0.00239928 0.236255 3342 3460 3461 3468 3469 3483 3485 3486 3487 3488 3489 3491 3493 3494 3495 3496 3497 3516 3517 3539 3541 3542 3543 3544 3545 3547
199 4.61813 11.3837 8.07179 0 0 0.999998 0.00176945 0.680465 3330 3342 3344 3346 3473 3475 3479 3481 3483 3485 3486 3487 3488 3489 3491 3493 3494 3495 3496 3497 3529 3531 3535 3539 3541 3542 3543 3544 3545 3547 3550 3552
200 2.39703 12.5819 8.88283 0 0 0.999995 0.00331111 1.11863 1597 1598 1647 1648 1653 1654 1701 3476 3477 3479 3481 3496 3497 3526 3527 3529 3531 3532 3533 3535 3537 3544 3545 3552 3553
201 2.40409 13.7956 8.87941 0 0 1 -0.000573228 1.11602 1598 1647 1648 1653 1654 1701 1702 1707 3526 3527 3529 3531 3532 3533 3535 3537 3544 3545 3552 3553 3577 3578 3580 3582 3595 3596
202 5.19874 12.5894 5.70386 0 0 1 0.000628721 0.242205 3468 3469 3485 3491 3493 3494 3495 3496 3497 3516 3517 3524 3525 3539 3541 3542 3543 3544 3545 3547 3549 3550 3551 3552 3553 3590
203 4.62998 12.595 8.05708 0 0 1 -0.000255515 0.674173 3475 3479 3481 3485 3487 3489 3491 3493 3494 3495 3496 3497 3529 3531 3535 3537 3539 3541 3542 3543 3544 3545 3547 3549 3550 3551 3552 3553 3580 3590 3593 3595
204 5.21959 13.7953 5.61349 0 0 1 -0.000252678 0.211291 3493 3516 3517 3524 3525 3539 3541 3542 3543 3544 3545 3547 3549 3550 3551 3552 3553 3590 3592 3593 3594 3595 3596 3598
205 4.65749 13.788 8.02212 0 0 1 0.000995258 0.659342 3481 3493 3495 3497 3529 3531 3535 3537 3539 3541 3542 3543 3544 3545 3547 3549 3550 3551 3552 3553 3580 3582 3586 3590 3592 3593 3594 3595 3596 3598 3601
206 2.39047 15.0654 8.88531 0 0 0.999792 -0.0203766 1.12053 1648 1653 1654 1701 1702 1707 1708 3532 3533 3535 3537 3552 3553 3577 3578 3580 3582 3583 3584 3586 3588 3595 3596 3601 3602
207 5.21994 15.0117 5.61163 0 0 0.999996 -0.00266457 0.210654 3524 3525 3541 3545 3547 3549 3550 3551 3552 3553 3574 3576 3590 3592 3593 3594 3595 3596 3597 3598 3599 3600 3601 3602 3616 3635 3636
208 4.64567 15.003 8.03725 0 0 0.999999 -0.00167276 0.665742 3531 3535 3537 3541 3543 3545 3547 3549 3550 3551 3552 3553 3580 3582 3586 3588 3590 3592 3593 3594 3595 3596 3598 3600 3601 3602 3626 3636 3639
