30 30
0 0.0 0.0 1.0 1
1 1.0 0.0 1.0 1
2 2.0 0.0 1.0 1
3 3.0 0.0 1.0 1
4 4.0 0.0 1.0 1
5 5.0 0.0 1.0 1
6 6.0 0.0 1.0 1
7 7.0 0.0 1.0 1
8 8.0 0.0 1.0 1
9 9.0 0.0 1.0 1
10 10.0 0.0 1.0 1
11 11.0 0.0 1.0 1
12 12.0 0.0 1.0 1
13 13.0 0.0 1.0 1
14 14.0 0.0 1.0 1
15 15.0 0.0 1.0 1
16 16.0 0.0 1.0 1
17 17.0 0.0 1.0 1
18 18.0 0.0 1.0 1
19 19.0 0.0 1.0 1
20 20.0 0.0 1.0 1
21 21.0 0.0 1.0 1
22 22.0 0.0 1.0 1
23 23.0 0.0 1.0 1
24 24.0 0.0 1.0 1
25 25.0 0.0 1.0 1
26 26.0 0.0 1.0 1
27 27.0 0.0 1.0 1
28 28.0 0.0 1.0 1
29 29.0 0.0 1.0 1
30 0.0 1.0 1.0 1
31 1.0 1.0 1.0 1
32 2.0 1.0 1.0 1
33 3.0 1.0 1.0 1
34 4.0 1.0 1.0 1
35 5.0 1.0 1.0 1
36 6.0 1.0 1.0 1
37 7.0 1.0 1.0 1
38 8.0 1.0 1.0 1
39 9.0 1.0 1.0 1
40 10.0 1.0 1.0 1
41 11.0 1.0 1.0 1
42 12.0 1.0 1.0 1
43 13.0 1.0 1.0 1
44 14.0 1.0 1.0 1
45 15.0 1.0 1.0 1
46 16.0 1.0 1.0 1
47 17.0 1.0 1.0 1
48 18.0 1.0 1.0 1
49 19.0 1.0 1.0 1
50 20.0 1.0 1.0 1
51 21.0 1.0 1.0 1
52 22.0 1.0 1.0 1
53 23.0 1.0 1.0 1
54 24.0 1.0 1.0 1
55 25.0 1.0 1.0 1
56 26.0 1.0 1.0 1
57 27.0 1.0 1.0 1
58 28.0 1.0 1.0 1
59 29.0 1.0 1.0 1
60 0.0 2.0 1.0 1
61 1.0 2.0 1.0 1
62 2.0 2.0 1.0 1
63 3.0 2.0 1.0 1
64 4.0 2.0 1.0 1
65 5.0 2.0 1.0 1
66 6.0 2.0 1.0 1
67 7.0 2.0 1.0 1
68 8.0 2.0 1.0 1
69 9.0 2.0 1.0 1
70 10.0 2.0 1.0 1
71 11.0 2.0 1.0 1
72 12.0 2.0 1.0 1
73 13.0 2.0 1.0 1
74 14.0 2.0 1.0 1
75 15.0 2.0 1.0 1
76 16.0 2.0 1.0 1
77 17.0 2.0 1.0 1
78 18.0 2.0 1.0 1
79 19.0 2.0 1.0 1
80 20.0 2.0 1.0 1
81 21.0 2.0 1.0 1
82 22.0 2.0 1.0 1
83 23.0 2.0 1.0 1
84 24.0 2.0 1.0 1
85 25.0 2.0 1.0 1
86 26.0 2.0 1.0 1
87 27.0 2.0 1.0 1
88 28.0 2.0 1.0 1
89 29.0 2.0 1.0 1
90 0.0 3.0 1.0 1
91 1.0 3.0 1.0 1
92 2.0 3.0 1.0 1
93 3.0 3.0 1.0 1
94 4.0 3.0 1.0 1
95 5.0 3.0 1.0 1
96 6.0 3.0 1.0 1
97 7.0 3.0 1.0 1
98 8.0 3.0 1.0 1
99 9.0 3.0 1.0 1
100 10.0 3.0 1.0 1
101 11.0 3.0 1.0 1
102 12.0 3.0 1.0 1
103 13.0 3.0 1.0 1
104 14.0 3.0 1.0 1
105 15.0 3.0 1.0 1
106 16.0 3.0 1.0 1
107 17.0 3.0 1.0 1
108 18.0 3.0 1.0 1
109 19.0 3.0 1.0 1
110 20.0 3.0 1.0 1
111 21.0 3.0 1.0 1
112 22.0 3.0 1.0 1
113 23.0 3.0 1.0 1
114 24.0 3.0 1.0 1
115 25.0 3.0 1.0 1
116 26.0 3.0 1.0 1
117 27.0 3.0 1.0 1
118 28.0 3.0 1.0 1
119 29.0 3.0 1.0 1
120 0.0 4.0 1.0 1
121 1.0 4.0 1.0 1
122 2.0 4.0 1.0 1
123 3.0 4.0 1.0 1
124 4.0 4.0 1.0 1
125 5.0 4.0 1.0 1
126 6.0 4.0 1.0 1
127 7.0 4.0 1.0 1
128 8.0 4.0 1.0 1
129 9.0 4.0 1.0 1
130 10.0 4.0 1.0 1
131 11.0 4.0 1.0 1
132 12.0 4.0 1.0 1
133 13.0 4.0 1.0 1
134 14.0 4.0 1.0 1
135 15.0 4.0 1.0 1
136 16.0 4.0 1.0 1
137 17.0 4.0 1.0 1
138 18.0 4.0 1.0 1
139 19.0 4.0 1.0 1
140 20.0 4.0 1.0 1
141 21.0 4.0 1.0 1
142 22.0 4.0 1.0 1
143 23.0 4.0 1.0 1
144 24.0 4.0 1.0 1
145 25.0 4.0 1.0 1
146 26.0 4.0 1.0 1
147 27.0 4.0 1.0 1
148 28.0 4.0 1.0 1
149 29.0 4.0 1.0 1
150 0.0 5.0 1.0 1
151 1.0 5.0 1.0 1
152 2.0 5.0 1.0 1
153 3.0 5.0 1.0 1
154 4.0 5.0 1.0 1
155 5.0 5.0 1.0 1
156 6.0 5.0 1.0 1
157 7.0 5.0 1.0 1
158 8.0 5.0 1.0 1
159 9.0 5.0 1.0 1
160 10.0 5.0 1.0 1
161 11.0 5.0 1.0 1
162 12.0 5.0 1.0 1
163 13.0 5.0 1.0 1
164 14.0 5.0 1.0 1
165 15.0 5.0 1.0 1
166 16.0 5.0 1.0 1
167 17.0 5.0 1.0 1
168 18.0 5.0 1.0 1
169 19.0 5.0 1.0 1
170 20.0 5.0 1.0 1
171 21.0 5.0 1.0 1
172 22.0 5.0 1.0 1
173 23.0 5.0 1.0 1
174 24.0 5.0 1.0 1
175 25.0 5.0 1.0 1
176 26.0 5.0 1.0 1
177 27.0 5.0 1.0 1
178 28.0 5.0 1.0 1
179 29.0 5.0 1.0 1
180 0.0 6.0 1.0 1
181 1.0 6.0 1.0 1
182 2.0 6.0 1.0 1
183 3.0 6.0 1.0 1
184 4.0 6.0 1.0 1
185 5.0 6.0 1.0 1
186 6.0 6.0 1.0 1
187 7.0 6.0 1.0 1
188 8.0 6.0 1.0 1
189 9.0 6.0 1.0 1
190 10.0 6.0 1.0 1
191 11.0 6.0 1.0 1
192 12.0 6.0 1.0 1
193 13.0 6.0 1.0 1
194 14.0 6.0 1.0 1
195 15.0 6.0 1.0 1
196 16.0 6.0 1.0 1
197 17.0 6.0 1.0 1
198 18.0 6.0 1.0 1
199 19.0 6.0 1.0 1
200 20.0 6.0 1.0 1
201 21.0 6.0 1.0 1
202 22.0 6.0 1.0 1
203 23.0 6.0 1.0 1
204 24.0 6.0 1.0 1
205 25.0 6.0 1.0 1
206 26.0 6.0 1.0 1
207 27.0 6.0 1.0 1
208 28.0 6.0 1.0 1
209 29.0 6.0 1.0 1
210 0.0 7.0 1.0 1
211 1.0 7.0 1.0 1
212 2.0 7.0 1.0 1
213 3.0 7.0 1.0 1
214 4.0 7.0 1.0 1
215 5.0 7.0 1.0 1
216 6.0 7.0 1.0 1
217 7.0 7.0 1.0 1
218 8.0 7.0 1.0 1
219 9.0 7.0 1.0 1
220 10.0 7.0 1.0 1
221 11.0 7.0 1.0 1
222 12.0 7.0 1.0 1
223 13.0 7.0 1.0 1
224 14.0 7.0 1.0 1
225 15.0 7.0 1.0 1
226 16.0 7.0 1.0 1
227 17.0 7.0 1.0 1
228 18.0 7.0 1.0 1
229 19.0 7.0 1.0 1
230 20.0 7.0 1.0 1
231 21.0 7.0 1.0 1
232 22.0 7.0 1.0 1
233 23.0 7.0 1.0 1
234 24.0 7.0 1.0 1
235 25.0 7.0 1.0 1
236 26.0 7.0 1.0 1
237 27.0 7.0 1.0 1
238 28.0 7.0 1.0 1
239 29.0 7.0 1.0 1
240 0.0 8.0 1.0 1
241 1.0 8.0 1.0 1
242 2.0 8.0 1.0 1
243 3.0 8.0 1.0 1
244 4.0 8.0 1.0 1
245 5.0 8.0 1.0 1
246 6.0 8.0 1.0 1
247 7.0 8.0 1.0 1
248 8.0 8.0 1.0 1
249 9.0 8.0 1.0 1
250 10.0 8.0 1.0 1
251 11.0 8.0 1.0 1
252 12.0 8.0 1.0 1
253 13.0 8.0 1.0 1
254 14.0 8.0 1.0 1
255 15.0 8.0 1.0 1
256 16.0 8.0 1.0 1
257 17.0 8.0 1.0 1
258 18.0 8.0 1.0 1
259 19.0 8.0 1.0 1
260 20.0 8.0 1.0 1
261 21.0 8.0 1.0 1
262 22.0 8.0 1.0 1
263 23.0 8.0 1.0 1
264 24.0 8.0 1.0 1
265 25.0 8.0 1.0 1
266 26.0 8.0 1.0 1
267 27.0 8.0 1.0 1
268 28.0 8.0 1.0 1
269 29.0 8.0 1.0 1
270 0.0 9.0 1.0 1
271 1.0 9.0 1.0 1
272 2.0 9.0 1.0 1
273 3.0 9.0 1.0 1
274 4.0 9.0 1.0 1
275 5.0 9.0 1.0 1
276 6.0 9.0 1.0 1
277 7.0 9.0 1.0 1
278 8.0 9.0 1.0 1
279 9.0 9.0 1.0 1
280 10.0 9.0 1.0 1
281 11.0 9.0 1.0 1
282 12.0 9.0 1.0 1
283 13.0 9.0 1.0 1
284 14.0 9.0 1.0 1
285 15.0 9.0 1.0 1
286 16.0 9.0 1.0 1
287 17.0 9.0 1.0 1
288 18.0 9.0 1.0 1
289 19.0 9.0 1.0 1
290 20.0 9.0 1.0 1
291 21.0 9.0 1.0 1
292 22.0 9.0 1.0 1
293 23.0 9.0 1.0 1
294 24.0 9.0 1.0 1
295 25.0 9.0 1.0 1
296 26.0 9.0 1.0 1
297 27.0 9.0 1.0 1
298 28.0 9.0 1.0 1
299 29.0 9.0 1.0 1
300 0.0 10.0 1.0 1
301 1.0 10.0 1.0 1
302 2.0 10.0 1.0 1
303 3.0 10.0 1.0 1
304 4.0 10.0 1.0 1
305 5.0 10.0 1.0 1
306 6.0 10.0 1.0 1
307 7.0 10.0 1.0 1
308 8.0 10.0 1.0 1
309 9.0 10.0 1.0 1
310 10.0 10.0 1.0 1
311 11.0 10.0 1.0 1
312 12.0 10.0 1.0 1
313 13.0 10.0 1.0 1
314 14.0 10.0 1.0 1
315 15.0 10.0 1.0 1
316 16.0 10.0 1.0 1
317 17.0 10.0 1.0 1
318 18.0 10.0 1.0 1
319 19.0 10.0 1.0 1
320 20.0 10.0 1.0 1
321 21.0 10.0 1.0 1
322 22.0 10.0 1.0 1
323 23.0 10.0 1.0 1
324 24.0 10.0 1.0 1
325 25.0 10.0 1.0 1
326 26.0 10.0 1.0 1
327 27.0 10.0 1.0 1
328 28.0 10.0 1.0 1
329 29.0 10.0 1.0 1
330 0.0 11.0 1.0 1
331 1.0 11.0 1.0 1
332 2.0 11.0 1.0 1
333 3.0 11.0 1.0 1
334 4.0 11.0 1.0 1
335 5.0 11.0 1.0 1
336 6.0 11.0 1.0 1
337 7.0 11.0 1.0 1
338 8.0 11.0 1.0 1
339 9.0 11.0 1.0 1
340 10.0 11.0 1.0 1
341 11.0 11.0 1.0 1
342 12.0 11.0 1.0 1
343 13.0 11.0 1.0 1
344 14.0 11.0 1.0 1
345 15.0 11.0 1.0 1
346 16.0 11.0 1.0 1
347 17.0 11.0 1.0 1
348 18.0 11.0 1.0 1
349 19.0 11.0 1.0 1
350 20.0 11.0 1.0 1
351 21.0 11.0 1.0 1
352 22.0 11.0 1.0 1
353 23.0 11.0 1.0 1
354 24.0 11.0 1.0 1
355 25.0 11.0 1.0 1
356 26.0 11.0 1.0 1
357 27.0 11.0 1.0 1
358 28.0 11.0 1.0 1
359 29.0 11.0 1.0 1
360 0.0 12.0 1.0 1
361 1.0 12.0 1.0 1
362 2.0 12.0 1.0 1
363 3.0 12.0 1.0 1
364 4.0 12.0 1.0 1
365 5.0 12.0 1.0 1
366 6.0 12.0 1.0 1
367 7.0 12.0 1.0 1
368 8.0 12.0 1.0 1
369 9.0 12.0 1.0 1
370 10.0 12.0 1.0 1
371 11.0 12.0 1.0 1
372 12.0 12.0 1.0 1
373 13.0 12.0 1.0 1
374 14.0 12.0 1.0 1
375 15.0 12.0 1.0 1
376 16.0 12.0 1.0 1
377 17.0 12.0 1.0 1
378 18.0 12.0 1.0 1
379 19.0 12.0 1.0 1
380 20.0 12.0 1.0 1
381 21.0 12.0 1.0 1
382 22.0 12.0 1.0 1
383 23.0 12.0 1.0 1
384 24.0 12.0 1.0 1
385 25.0 12.0 1.0 1
386 26.0 12.0 1.0 1
387 27.0 12.0 1.0 1
388 28.0 12.0 1.0 1
389 29.0 12.0 1.0 1
390 0.0 13.0 1.0 1
391 1.0 13.0 1.0 1
392 2.0 13.0 1.0 1
393 3.0 13.0 1.0 1
394 4.0 13.0 1.0 1
395 5.0 13.0 1.0 1
396 6.0 13.0 1.0 1
397 7.0 13.0 1.0 1
398 8.0 13.0 1.0 1
399 9.0 13.0 1.0 1
400 10.0 13.0 1.0 1
401 11.0 13.0 1.0 1
402 12.0 13.0 1.0 1
403 13.0 13.0 1.0 1
404 14.0 13.0 1.0 1
405 15.0 13.0 1.0 1
406 16.0 13.0 1.0 1
407 17.0 13.0 1.0 1
408 18.0 13.0 1.0 1
409 19.0 13.0 1.0 1
410 20.0 13.0 1.0 1
411 21.0 13.0 1.0 1
412 22.0 13.0 1.0 1
413 23.0 13.0 1.0 1
414 24.0 13.0 1.0 1
415 25.0 13.0 1.0 1
416 26.0 13.0 1.0 1
417 27.0 13.0 1.0 1
418 28.0 13.0 1.0 1
419 29.0 13.0 1.0 1
420 0.0 14.0 1.0 1
421 1.0 14.0 1.0 1
422 2.0 14.0 1.0 1
423 3.0 14.0 1.0 1
424 4.0 14.0 1.0 1
425 5.0 14.0 1.0 1
426 6.0 14.0 1.0 1
427 7.0 14.0 1.0 1
428 8.0 14.0 1.0 1
429 9.0 14.0 1.0 1
430 10.0 14.0 1.0 1
431 11.0 14.0 1.0 1
432 12.0 14.0 1.0 1
433 13.0 14.0 1.0 1
434 14.0 14.0 1.0 1
435 15.0 14.0 1.0 1
436 16.0 14.0 1.0 1
437 17.0 14.0 1.0 1
438 18.0 14.0 1.0 1
439 19.0 14.0 1.0 1
440 20.0 14.0 1.0 1
441 21.0 14.0 1.0 1
442 22.0 14.0 1.0 1
443 23.0 14.0 1.0 1
444 24.0 14.0 1.0 1
445 25.0 14.0 1.0 1
446 26.0 14.0 1.0 1
447 27.0 14.0 1.0 1
448 28.0 14.0 1.0 1
449 29.0 14.0 1.0 1
450 0.0 15.0 1.0 1
451 1.0 15.0 1.0 1
452 2.0 15.0 1.0 1
453 3.0 15.0 1.0 1
454 4.0 15.0 1.0 1
455 5.0 15.0 1.0 1
456 6.0 15.0 1.0 1
457 7.0 15.0 1.0 1
458 8.0 15.0 1.0 1
459 9.0 15.0 1.0 1
460 10.0 15.0 1.0 1
461 11.0 15.0 1.0 1
462 12.0 15.0 1.0 1
463 13.0 15.0 1.0 1
464 14.0 15.0 1.0 1
465 15.0 15.0 1.0 1
466 16.0 15.0 1.0 1
467 17.0 15.0 1.0 1
468 18.0 15.0 1.0 1
469 19.0 15.0 1.0 1
470 20.0 15.0 1.0 1
471 21.0 15.0 1.0 1
472 22.0 15.0 1.0 1
473 23.0 15.0 1.0 1
474 24.0 15.0 1.0 1
475 25.0 15.0 1.0 1
476 26.0 15.0 1.0 1
477 27.0 15.0 1.0 1
478 28.0 15.0 1.0 1
479 29.0 15.0 1.0 1
480 0.0 16.0 1.0 1
481 1.0 16.0 1.0 1
482 2.0 16.0 1.0 1
483 3.0 16.0 1.0 1
484 4.0 16.0 1.0 1
485 5.0 16.0 1.0 1
486 6.0 16.0 1.0 1
487 7.0 16.0 1.0 1
488 8.0 16.0 1.0 1
489 9.0 16.0 1.0 1
490 10.0 16.0 1.0 1
491 11.0 16.0 1.0 1
492 12.0 16.0 1.0 1
493 13.0 16.0 1.0 1
494 14.0 16.0 1.0 1
495 15.0 16.0 1.0 1
496 16.0 16.0 1.0 1
497 17.0 16.0 1.0 1
498 18.0 16.0 1.0 1
499 19.0 16.0 1.0 1
500 20.0 16.0 1.0 1
501 21.0 16.0 1.0 1
502 22.0 16.0 1.0 1
503 23.0 16.0 1.0 1
504 24.0 16.0 1.0 1
505 25.0 16.0 1.0 1
506 26.0 16.0 1.0 1
507 27.0 16.0 1.0 1
508 28.0 16.0 1.0 1
509 29.0 16.0 1.0 1
510 0.0 17.0 1.0 1
511 1.0 17.0 1.0 1
512 2.0 17.0 1.0 1
513 3.0 17.0 1.0 1
514 4.0 17.0 1.0 1
515 5.0 17.0 1.0 1
516 6.0 17.0 1.0 1
517 7.0 17.0 1.0 1
518 8.0 17.0 1.0 1
519 9.0 17.0 1.0 1
520 10.0 17.0 1.0 1
521 11.0 17.0 1.0 1
522 12.0 17.0 1.0 1
523 13.0 17.0 1.0 1
524 14.0 17.0 1.0 1
525 15.0 17.0 1.0 1
526 16.0 17.0 1.0 1
527 17.0 17.0 1.0 1
528 18.0 17.0 1.0 1
529 19.0 17.0 1.0 1
530 20.0 17.0 1.0 1
531 21.0 17.0 1.0 1
532 22.0 17.0 1.0 1
533 23.0 17.0 1.0 1
534 24.0 17.0 1.0 1
535 25.0 17.0 1.0 1
536 26.0 17.0 1.0 1
537 27.0 17.0 1.0 1
538 28.0 17.0 1.0 1
539 29.0 17.0 1.0 1
540 0.0 18.0 1.0 1
541 1.0 18.0 1.0 1
542 2.0 18.0 1.0 1
543 3.0 18.0 1.0 1
544 4.0 18.0 1.0 1
545 5.0 18.0 1.0 1
546 6.0 18.0 1.0 1
547 7.0 18.0 1.0 1
548 8.0 18.0 1.0 1
549 9.0 18.0 1.0 1
550 10.0 18.0 1.0 1
551 11.0 18.0 1.0 1
552 12.0 18.0 1.0 1
553 13.0 18.0 1.0 1
554 14.0 18.0 1.0 1
555 15.0 18.0 1.0 1
556 16.0 18.0 1.0 1
557 17.0 18.0 1.0 1
558 18.0 18.0 1.0 1
559 19.0 18.0 1.0 1
560 20.0 18.0 1.0 1
561 21.0 18.0 1.0 1
562 22.0 18.0 1.0 1
563 23.0 18.0 1.0 1
564 24.0 18.0 1.0 1
565 25.0 18.0 1.0 1
566 26.0 18.0 1.0 1
567 27.0 18.0 1.0 1
568 28.0 18.0 1.0 1
569 29.0 18.0 1.0 1
570 0.0 19.0 1.0 1
571 1.0 19.0 1.0 1
572 2.0 19.0 1.0 1
573 3.0 19.0 1.0 1
574 4.0 19.0 1.0 1
575 5.0 19.0 1.0 1
576 6.0 19.0 1.0 1
577 7.0 19.0 1.0 1
578 8.0 19.0 1.0 1
579 9.0 19.0 1.0 1
580 10.0 19.0 1.0 1
581 11.0 19.0 1.0 1
582 12.0 19.0 1.0 1
583 13.0 19.0 1.0 1
584 14.0 19.0 1.0 1
585 15.0 19.0 1.0 1
586 16.0 19.0 1.0 1
587 17.0 19.0 1.0 1
588 18.0 19.0 1.0 1
589 19.0 19.0 1.0 1
590 20.0 19.0 1.0 1
591 21.0 19.0 1.0 1
592 22.0 19.0 1.0 1
593 23.0 19.0 1.0 1
594 24.0 19.0 1.0 1
595 25.0 19.0 1.0 1
596 26.0 19.0 1.0 1
597 27.0 19.0 1.0 1
598 28.0 19.0 1.0 1
599 29.0 19.0 1.0 1
600 0.0 20.0 1.0 1
601 1.0 20.0 1.0 1
602 2.0 20.0 1.0 1
603 3.0 20.0 1.0 1
604 4.0 20.0 1.0 1
605 5.0 20.0 1.0 1
606 6.0 20.0 1.0 1
607 7.0 20.0 1.0 1
608 8.0 20.0 1.0 1
609 9.0 20.0 1.0 1
610 10.0 20.0 1.0 1
611 11.0 20.0 1.0 1
612 12.0 20.0 1.0 1
613 13.0 20.0 1.0 1
614 14.0 20.0 1.0 1
615 15.0 20.0 1.0 1
616 16.0 20.0 1.0 1
617 17.0 20.0 1.0 1
618 18.0 20.0 1.0 1
619 19.0 20.0 1.0 1
620 20.0 20.0 1.0 1
621 21.0 20.0 1.0 1
622 22.0 20.0 1.0 1
623 23.0 20.0 1.0 1
624 24.0 20.0 1.0 1
625 25.0 20.0 1.0 1
626 26.0 20.0 1.0 1
627 27.0 20.0 1.0 1
628 28.0 20.0 1.0 1
629 29.0 20.0 1.0 1
630 0.0 21.0 1.0 1
631 1.0 21.0 1.0 1
632 2.0 21.0 1.0 1
633 3.0 21.0 1.0 1
634 4.0 21.0 1.0 1
635 5.0 21.0 1.0 1
636 6.0 21.0 1.0 1
637 7.0 21.0 1.0 1
638 8.0 21.0 1.0 1
639 9.0 21.0 1.0 1
640 10.0 21.0 1.0 1
641 11.0 21.0 1.0 1
642 12.0 21.0 1.0 1
643 13.0 21.0 1.0 1
644 14.0 21.0 1.0 1
645 15.0 21.0 1.0 1
646 16.0 21.0 1.0 1
647 17.0 21.0 1.0 1
648 18.0 21.0 1.0 1
649 19.0 21.0 1.0 1
650 20.0 21.0 1.0 1
651 21.0 21.0 1.0 1
652 22.0 21.0 1.0 1
653 23.0 21.0 1.0 1
654 24.0 21.0 1.0 1
655 25.0 21.0 1.0 1
656 26.0 21.0 1.0 1
657 27.0 21.0 1.0 1
658 28.0 21.0 1.0 1
659 29.0 21.0 1.0 1
660 0.0 22.0 1.0 1
661 1.0 22.0 1.0 1
662 2.0 22.0 1.0 1
663 3.0 22.0 1.0 1
664 4.0 22.0 1.0 1
665 5.0 22.0 1.0 1
666 6.0 22.0 1.0 1
667 7.0 22.0 1.0 1
668 8.0 22.0 1.0 1
669 9.0 22.0 1.0 1
670 10.0 22.0 1.0 1
671 11.0 22.0 1.0 1
672 12.0 22.0 1.0 1
673 13.0 22.0 1.0 1
674 14.0 22.0 1.0 1
675 15.0 22.0 1.0 1
676 16.0 22.0 1.0 1
677 17.0 22.0 1.0 1
678 18.0 22.0 1.0 1
679 19.0 22.0 1.0 1
680 20.0 22.0 1.0 1
681 21.0 22.0 1.0 1
682 22.0 22.0 1.0 1
683 23.0 22.0 1.0 1
684 24.0 22.0 1.0 1
685 25.0 22.0 1.0 1
686 26.0 22.0 1.0 1
687 27.0 22.0 1.0 1
688 28.0 22.0 1.0 1
689 29.0 22.0 1.0 1
690 0.0 23.0 1.0 1
691 1.0 23.0 1.0 1
692 2.0 23.0 1.0 1
693 3.0 23.0 1.0 1
694 4.0 23.0 1.0 1
695 5.0 23.0 1.0 1
696 6.0 23.0 1.0 1
697 7.0 23.0 1.0 1
698 8.0 23.0 1.0 1
699 9.0 23.0 1.0 1
700 10.0 23.0 1.0 1
701 11.0 23.0 1.0 1
702 12.0 23.0 1.0 1
703 13.0 23.0 1.0 1
704 14.0 23.0 1.0 1
705 15.0 23.0 1.0 1
706 16.0 23.0 1.0 1
707 17.0 23.0 1.0 1
708 18.0 23.0 1.0 1
709 19.0 23.0 1.0 1
710 20.0 23.0 1.0 1
711 21.0 23.0 1.0 1
712 22.0 23.0 1.0 1
713 23.0 23.0 1.0 1
714 24.0 23.0 1.0 1
715 25.0 23.0 1.0 1
716 26.0 23.0 1.0 1
717 27.0 23.0 1.0 1
718 28.0 23.0 1.0 1
719 29.0 23.0 1.0 1
720 0.0 24.0 1.0 1
721 1.0 24.0 1.0 1
722 2.0 24.0 1.0 1
723 3.0 24.0 1.0 1
724 4.0 24.0 1.0 1
725 5.0 24.0 1.0 1
726 6.0 24.0 1.0 1
727 7.0 24.0 1.0 1
728 8.0 24.0 1.0 1
729 9.0 24.0 1.0 1
730 10.0 24.0 1.0 1
731 11.0 24.0 1.0 1
732 12.0 24.0 1.0 1
733 13.0 24.0 1.0 1
734 14.0 24.0 1.0 1
735 15.0 24.0 1.0 1
736 16.0 24.0 1.0 1
737 17.0 24.0 1.0 1
738 18.0 24.0 1.0 1
739 19.0 24.0 1.0 1
740 20.0 24.0 1.0 1
741 21.0 24.0 1.0 1
742 22.0 24.0 1.0 1
743 23.0 24.0 1.0 1
744 24.0 24.0 1.0 1
745 25.0 24.0 1.0 1
746 26.0 24.0 1.0 1
747 27.0 24.0 1.0 1
748 28.0 24.0 1.0 1
749 29.0 24.0 1.0 1
750 0.0 25.0 1.0 1
751 1.0 25.0 1.0 1
752 2.0 25.0 1.0 1
753 3.0 25.0 1.0 1
754 4.0 25.0 1.0 1
755 5.0 25.0 1.0 1
756 6.0 25.0 1.0 1
757 7.0 25.0 1.0 1
758 8.0 25.0 1.0 1
759 9.0 25.0 1.0 1
760 10.0 25.0 1.0 1
761 11.0 25.0 1.0 1
762 12.0 25.0 1.0 1
763 13.0 25.0 1.0 1
764 14.0 25.0 1.0 1
765 15.0 25.0 1.0 1
766 16.0 25.0 1.0 1
767 17.0 25.0 1.0 1
768 18.0 25.0 1.0 1
769 19.0 25.0 1.0 1
770 20.0 25.0 1.0 1
771 21.0 25.0 1.0 1
772 22.0 25.0 1.0 1
773 23.0 25.0 1.0 1
774 24.0 25.0 1.0 1
775 25.0 25.0 1.0 1
776 26.0 25.0 1.0 1
777 27.0 25.0 1.0 1
778 28.0 25.0 1.0 1
779 29.0 25.0 1.0 1
780 0.0 26.0 1.0 1
781 1.0 26.0 1.0 1
782 2.0 26.0 1.0 1
783 3.0 26.0 1.0 1
784 4.0 26.0 1.0 1
785 5.0 26.0 1.0 1
786 6.0 26.0 1.0 1
787 7.0 26.0 1.0 1
788 8.0 26.0 1.0 1
789 9.0 26.0 1.0 1
790 10.0 26.0 1.0 1
791 11.0 26.0 1.0 1
792 12.0 26.0 1.0 1
793 13.0 26.0 1.0 1
794 14.0 26.0 1.0 1
795 15.0 26.0 1.0 1
796 16.0 26.0 1.0 1
797 17.0 26.0 1.0 1
798 18.0 26.0 1.0 1
799 19.0 26.0 1.0 1
800 20.0 26.0 1.0 1
801 21.0 26.0 1.0 1
802 22.0 26.0 1.0 1
803 23.0 26.0 1.0 1
804 24.0 26.0 1.0 1
805 25.0 26.0 1.0 1
806 26.0 26.0 1.0 1
807 27.0 26.0 1.0 1
808 28.0 26.0 1.0 1
809 29.0 26.0 1.0 1
810 0.0 27.0 1.0 1
811 1.0 27.0 1.0 1
812 2.0 27.0 1.0 1
813 3.0 27.0 1.0 1
814 4.0 27.0 1.0 1
815 5.0 27.0 1.0 1
816 6.0 27.0 1.0 1
817 7.0 27.0 1.0 1
818 8.0 27.0 1.0 1
819 9.0 27.0 1.0 1
820 10.0 27.0 1.0 1
821 11.0 27.0 1.0 1
822 12.0 27.0 1.0 1
823 13.0 27.0 1.0 1
824 14.0 27.0 1.0 1
825 15.0 27.0 1.0 1
826 16.0 27.0 1.0 1
827 17.0 27.0 1.0 1
828 18.0 27.0 1.0 1
829 19.0 27.0 1.0 1
830 20.0 27.0 1.0 1
831 21.0 27.0 1.0 1
832 22.0 27.0 1.0 1
833 23.0 27.0 1.0 1
834 24.0 27.0 1.0 1
835 25.0 27.0 1.0 1
836 26.0 27.0 1.0 1
837 27.0 27.0 1.0 1
838 28.0 27.0 1.0 1
839 29.0 27.0 1.0 1
840 0.0 28.0 1.0 1
841 1.0 28.0 1.0 1
842 2.0 28.0 1.0 1
843 3.0 28.0 1.0 1
844 4.0 28.0 1.0 1
845 5.0 28.0 1.0 1
846 6.0 28.0 1.0 1
847 7.0 28.0 1.0 1
848 8.0 28.0 1.0 1
849 9.0 28.0 1.0 1
850 10.0 28.0 1.0 1
851 11.0 28.0 1.0 1
852 12.0 28.0 1.0 1
853 13.0 28.0 1.0 1
854 14.0 28.0 1.0 1
855 15.0 28.0 1.0 1
856 16.0 28.0 1.0 1
857 17.0 28.0 1.0 1
858 18.0 28.0 1.0 1
859 19.0 28.0 1.0 1
860 20.0 28.0 1.0 1
861 21.0 28.0 1.0 1
862 22.0 28.0 1.0 1
863 23.0 28.0 1.0 1
864 24.0 28.0 1.0 1
865 25.0 28.0 1.0 1
866 26.0 28.0 1.0 1
867 27.0 28.0 1.0 1
868 28.0 28.0 1.0 1
869 29.0 28.0 1.0 1
870 0.0 29.0 1.0 1
871 1.0 29.0 1.0 1
872 2.0 29.0 1.0 1
873 3.0 29.0 1.0 1
874 4.0 29.0 1.0 1
875 5.0 29.0 1.0 1
876 6.0 29.0 1.0 1
877 7.0 29.0 1.0 1
878 8.0 29.0 1.0 1
879 9.0 29.0 1.0 1
880 10.0 29.0 1.0 1
881 11.0 29.0 1.0 1
882 12.0 29.0 1.0 1
883 13.0 29.0 1.0 1
884 14.0 29.0 1.0 1
885 15.0 29.0 1.0 1
886 16.0 29.0 1.0 1
887 17.0 29.0 1.0 1
888 18.0 29.0 1.0 1
889 19.0 29.0 1.0 1
890 20.0 29.0 1.0 1
891 21.0 29.0 1.0 1
892 22.0 29.0 1.0 1
893 23.0 29.0 1.0 1
894 24.0 29.0 1.0 1
895 25.0 29.0 1.0 1
896 26.0 29.0 1.0 1
897 27.0 29.0 1.0 1
898 28.0 29.0 1.0 1
899 29.0 29.0 1.0 1
