0 0.5 0.5 3.0 0.0 0.0 0.0 1.0 0 1 2 3 33 32 31 60 61 30 90 91 92 93 62 63
37 7.5 1.5 3.0 0.0 0.0 0.0 1.0 128 129 130 4 5 6 7 8 9 10 34 35 36 37 38 39 40 64 65 66 67 68 69 70 94 95 96 97 98 99 100 124 125 126 127
44 14.5 1.5 3.0 0.0 0.0 0.0 1.0 131 132 133 134 135 136 137 11 12 13 14 15 16 17 41 42 43 44 45 46 47 71 72 73 74 75 76 77 101 102 103 104 105 106 107
51 21.5 1.5 3.0 0.0 0.0 0.0 1.0 138 139 140 141 142 143 144 18 19 20 21 22 23 24 48 49 50 51 52 53 54 78 79 80 81 82 83 84 108 109 110 111 112 113 114
58 28.5 1.5 3.0 0.0 0.0 0.0 1.0 145 146 147 148 149 25 26 27 28 29 55 56 57 58 59 85 86 87 88 89 115 116 117 118 119
268 28.5 8.5 3.0 0.0 0.0 0.0 1.0 265 266 267 268 269 295 296 297 298 299 175 176 177 178 179 325 326 327 328 329 205 206 207 208 209 355 356 357 358 359 235 236 237 238 239
478 28.5 15.5 3.0 0.0 0.0 0.0 1.0 385 386 387 388 389 535 536 537 538 539 415 416 417 418 419 565 566 567 568 569 445 446 447 448 449 475 476 477 478 479 505 506 507 508 509
688 28.5 22.5 3.0 0.0 0.0 0.0 1.0 775 776 777 778 779 655 656 657 658 659 685 686 687 688 689 715 716 717 718 719 595 596 597 598 599 745 746 747 748 749 625 626 627 628 629
898 28.5 29.5 3.0 0.0 0.0 0.0 1.0 896 865 866 835 836 805 806 807 808 809 839 898 867 838 837 897 868 895 899 869
891 21.5 29.5 3.0 0.0 0.0 0.0 1.0 798 799 800 801 802 803 804 828 829 830 831 832 833 834 858 859 860 861 862 863 864 888 889 890 891 892 893 894
884 14.5 29.5 3.0 0.0 0.0 0.0 1.0 791 792 793 794 795 796 797 821 822 823 824 825 826 827 851 852 853 854 855 856 857 881 882 883 884 885 886 887
877 7.5 29.5 3.0 0.0 0.0 0.0 1.0 784 785 786 787 788 789 790 814 815 816 817 818 819 820 844 845 846 847 848 849 850 874 875 876 877 878 879 880
870 0.5 29.5 3.0 0.0 0.0 0.0 1.0 811 841 870 871 840 780 810 843 812 813 782 781 872 873 783 842
660 0.5 22.5 3.0 0.0 0.0 0.0 1.0 660 661 662 663 690 691 692 693 570 571 572 573 720 721 722 723 600 601 602 603 750 751 752 753 630 631 632 633
450 0.5 15.5 3.0 0.0 0.0 0.0 1.0 512 513 390 391 392 393 540 541 542 543 420 421 422 423 450 451 452 453 480 481 482 483 360 361 362 363 510 511
240 0.5 8.5 3.0 0.0 0.0 0.0 1.0 270 271 272 273 150 151 152 153 300 301 302 303 180 181 182 183 330 331 332 333 210 211 212 213 240 241 242 243
247 7.5 8.5 3.0 0.0 0.0 0.0 1.0 274 275 276 277 278 279 280 154 155 156 157 158 159 160 304 305 306 307 308 309 310 184 185 186 187 188 189 190 334 335 336 337 338 339 340 214 215 216 217 218 219 220 244 245 246 247 248 249 250
254 14.5 8.5 3.0 0.0 0.0 0.0 1.0 256 257 281 282 283 284 285 286 287 161 162 163 164 165 166 167 311 312 313 314 315 316 317 191 192 193 194 195 196 197 341 342 343 344 345 346 347 221 222 223 224 225 226 227 251 252 253 254 255
261 21.5 8.5 3.0 0.0 0.0 0.0 1.0 258 259 260 261 262 263 264 288 289 290 291 292 293 294 168 169 170 171 172 173 174 318 319 320 321 322 323 324 198 199 200 201 202 203 204 348 349 350 351 352 353 354 228 229 230 231 232 233 234
471 21.5 15.5 3.0 0.0 0.0 0.0 1.0 384 528 529 530 531 532 533 534 408 409 410 411 412 413 414 558 559 560 561 562 563 564 438 439 440 441 442 443 444 468 469 470 471 472 473 474 498 499 500 501 502 503 504 378 379 380 381 382 383
681 21.5 22.5 3.0 0.0 0.0 0.0 1.0 768 769 770 771 772 773 774 648 649 650 651 652 653 654 678 679 680 681 682 683 684 708 709 710 711 712 713 714 588 589 590 591 592 593 594 738 739 740 741 742 743 744 618 619 620 621 622 623 624
674 14.5 22.5 3.0 0.0 0.0 0.0 1.0 641 642 643 644 645 646 647 671 672 673 674 675 676 677 701 702 703 704 705 706 707 581 582 583 584 585 586 587 731 732 733 734 735 736 737 611 612 613 614 615 616 617 761 762 763 764 765 766 767
667 7.5 22.5 3.0 0.0 0.0 0.0 1.0 640 664 665 666 667 668 669 670 694 695 696 697 698 699 700 574 575 576 577 578 579 580 724 725 726 727 728 729 730 604 605 606 607 608 609 610 754 755 756 757 758 759 760 634 635 636 637 638 639
457 7.5 15.5 3.0 0.0 0.0 0.0 1.0 514 515 516 517 518 519 520 394 395 396 397 398 399 400 544 545 546 547 548 549 550 424 425 426 427 428 429 430 454 455 456 457 458 459 460 484 485 486 487 488 489 490 364 365 366 367 368 369 370
464 14.5 15.5 3.0 0.0 0.0 0.0 1.0 521 522 523 524 525 526 527 401 402 403 404 405 406 407 551 552 553 554 555 556 557 431 432 433 434 435 436 437 461 462 463 464 465 466 467 491 492 493 494 495 496 497 371 372 373 374 375 376 377
