0 1.5 1.5 3.0 0.0 0.0 0.0 1.0 0 1 2 3 270 271 272 273 274 180 181 182 183 184 90 91 92 93 360 361 362 363 364
2 7.5 1.5 3.0 0.0 0.0 0.0 1.0 5 6 7 8 9 10 274 275 276 277 278 279 184 185 186 187 188 189 190 96 97 98 99 100 364 365 366 367 368 369 370
92 7.5 10.5 3.0 0.0 0.0 0.0 1.0 640 904 905 906 907 908 909 910 1174 1175 1176 1177 1178 1179 1180 814 815 816 817 818 819 820 1084 1085 1086 1087 1088 1089 1090 724 725 726 727 728 730 994 995 996 997 998 999 1000 634 635 637 638 639
182 7.5 19.5 3.0 0.0 0.0 0.0 1.0 1536 1537 1539 1540 1804 1805 1806 1807 1808 1809 1810 1444 1445 1446 1447 1449 1450 1714 1715 1716 1717 1718 1719 1984 1985 1986 1987 1988 1989 1990 1624 1625 1626 1627 1628 1629 1630 1894 1895 1896 1897 1898 1899 1900 1534 1535
272 7.5 28.5 3.0 0.0 0.0 0.0 1.0 2434 2435 2436 2437 2438 2439 2704 2705 2706 2707 2708 2709 2710 2344 2345 2346 2347 2348 2349 2350 2615 2616 2617 2618 2619 2620 2254 2255 2256 2257 2258 2259 2260 2524 2525 2527 2528 2529 2530 2794 2795 2796 2797 2798 2799 2800
362 7.5 37.5 3.0 0.0 0.0 0.0 1.0 3334 3335 3337 3338 3339 3340 3604 3605 3606 3607 3608 3609 3610 3244 3245 3246 3247 3248 3249 3250 3514 3517 3518 3519 3520 3154 3155 3156 3157 3158 3159 3160 3424 3425 3427 3428 3429 3430 3064 3065 3066 3067 3068 3069 3070
452 7.5 46.5 3.0 0.0 0.0 0.0 1.0 3968 3969 3970 4234 4235 4236 4237 4238 4239 4240 3874 3875 3877 3878 3879 3880 4144 4145 4146 4148 4149 4150 4414 4415 4416 4417 4418 4419 4420 4054 4055 4056 4058 4059 4060 4324 4325 4326 4327 4328 4329 4330 3967
542 7.5 55.5 3.0 0.0 0.0 0.0 1.0 4864 4866 4867 4868 4869 4870 5134 5135 5136 5137 5138 5140 4774 4775 4776 4777 4778 4779 5044 5045 5046 5047 5048 5049 5050 4684 4685 4686 4687 4688 4689 4954 4955 4956 4958 4959 4960 5224 5225 5226 5227
545 16.5 55.5 3.0 0.0 0.0 0.0 1.0 4873 4874 4875 4876 4877 4878 4879 5144 5145 5146 5147 5148 5149 4783 4784 4785 4786 4787 4788 4789 5053 5054 5055 5056 5057 5058 5059 4693 4694 4695 4696 4697 4698 4963 4964 4965 4966 4967 4968 4969 5233 5234 5235 5237 5238 5239
548 25.5 55.5 3.0 0.0 0.0 0.0 1.0 5248 4882 4883 4884 4885 4886 4887 4888 5152 5153 5154 5155 5156 5157 5158 4792 4793 4794 4795 4796 4797 4798 5062 5064 5065 5066 5067 5068 4702 4703 4704 4705 4706 4707 4708 4972 4973 4975 4976 4977 4978 5242 5243 5244 5245 5246 5247
458 25.5 46.5 3.0 0.0 0.0 0.0 1.0 3982 3983 3984 3985 3986 3988 4252 4253 4254 4255 4256 4257 4258 3892 3893 3894 3895 3896 3897 3898 4162 4164 4165 4166 4167 4168 4432 4433 4434 4435 4436 4437 4438 4072 4073 4074 4075 4076 4077 4078 4343 4344 4345 4346 4347
455 16.5 46.5 3.0 0.0 0.0 0.0 1.0 3973 3974 3975 3976 3977 3978 3979 4243 4244 4245 4246 4247 4248 4249 3883 3884 3885 3886 3887 3888 3889 4153 4154 4155 4156 4157 4159 4423 4424 4425 4426 4427 4428 4429 4063 4064 4065 4066 4067 4069 4333 4334 4335 4336 4337 4338 4339
365 16.5 37.5 3.0 0.0 0.0 0.0 1.0 3073 3074 3075 3076 3077 3078 3079 3343 3344 3345 3346 3347 3348 3349 3613 3614 3615 3616 3617 3618 3619 3253 3254 3255 3256 3257 3258 3523 3524 3525 3528 3529 3163 3164 3165 3166 3167 3168 3169 3433 3434 3435 3436 3437 3438 3439
275 16.5 28.5 3.0 0.0 0.0 0.0 1.0 2444 2445 2446 2449 2713 2714 2715 2716 2717 2718 2719 2353 2354 2355 2356 2357 2359 2623 2624 2627 2628 2629 2263 2265 2266 2267 2268 2269 2534 2535 2536 2537 2538 2539 2803 2804 2805 2806 2807 2808 2809
243 10.5 25.5 3.0 0.0 0.0 0.0 1.0 2437 2438 2439 2441 2442 2077 2078 2079 2080 2082 2083 2347 2348 2349 2350 2351 2352 2353 1987 1988 1989 1990 1991 1992 1993 2257 2258 2259 2260 2261 2262 2263 2527 2528 2529 2530 2167 2168 2169 2170 2171 2172 2173
304 13.5 31.5 3.0 0.0 0.0 0.0 1.0 3072 3073 3074 3075 3076 2710 2711 2712 2713 2714 2715 2716 2980 2984 2985 2986 2620 2621 2622 2623 2624 2890 2891 2893 2894 2895 2896 2530 2534 2535 2536 2800 2801 2802 2803 2804 2805 2806 3070 3071
301 4.5 31.5 3.0 0.0 0.0 0.0 1.0 2701 2702 2703 2704 2705 2706 2707 2971 2972 2973 2976 2977 2611 2612 2613 2615 2616 2617 2881 2882 2883 2885 2886 2887 2521 2522 2523 2524 2525 2527 2791 2792 2793 2794 2795 2796 2797 3061 3062 3063 3064 3065 3066 3067
391 4.5 40.5 3.0 0.0 0.0 0.0 1.0 3331 3332 3333 3334 3335 3337 3602 3603 3604 3605 3606 3607 3871 3872 3873 3874 3875 3877 3511 3512 3513 3514 3517 3781 3782 3783 3784 3785 3786 3787 3421 3422 3423 3424 3425 3427 3691 3692 3693 3694 3695 3696 3697
394 13.5 40.5 3.0 0.0 0.0 0.0 1.0 3340 3341 3342 3343 3344 3345 3346 3610 3611 3612 3613 3614 3615 3616 3880 3881 3882 3883 3884 3885 3886 3520 3521 3522 3523 3524 3525 3790 3791 3792 3793 3794 3796 3430 3431 3432 3433 3434 3435 3436 3700 3701 3702 3703 3704 3705 3706
484 13.5 49.5 3.0 0.0 0.0 0.0 1.0 4240 4241 4242 4243 4244 4245 4246 4510 4511 4512 4513 4514 4515 4516 4150 4151 4152 4153 4154 4155 4156 4420 4421 4422 4423 4424 4425 4426 4691 4692 4693 4694 4695 4696 4330 4331 4332 4333 4334 4335 4336 4600 4601 4602 4603 4604 4605 4606
487 22.5 49.5 3.0 0.0 0.0 0.0 1.0 4609 4610 4611 4612 4615 4249 4250 4251 4252 4253 4254 4255 4519 4520 4521 4522 4523 4525 4159 4160 4161 4162 4164 4165 4429 4430 4431 4432 4433 4434 4435 4700 4701 4702 4703 4704 4705 4339 4340 4341 4343 4344 4345
397 22.5 40.5 3.0 0.0 0.0 0.0 1.0 3712 3713 3714 3715 3349 3350 3351 3352 3353 3355 3619 3620 3621 3622 3623 3624 3625 3889 3890 3891 3892 3893 3894 3895 3529 3530 3531 3533 3534 3535 3799 3800 3801 3802 3803 3804 3805 3439 3440 3441 3443 3444 3445 3709 3710 3711
307 22.5 31.5 3.0 0.0 0.0 0.0 1.0 3079 3080 3081 3083 3084 3085 2719 2720 2721 2722 2723 2724 2725 2989 2990 2991 2992 2994 2995 2629 2631 2632 2899 2900 2901 2902 2903 2904 2905 2539 2541 2542 2544 2545 2809 2810 2811 2812 2813 2814 2815
310 31.5 31.5 3.0 0.0 0.0 0.0 1.0 2818 2819 2821 2822 2823 2824 3088 3089 3090 3091 3092 3093 3094 2728 2729 2730 2731 2732 2733 2734 2999 3000 3002 3003 3004 2638 2639 2640 2641 2642 2643 2644 2908 2912 2913 2914 2548 2549 2551 2552 2553 2554
220 31.5 22.5 3.0 0.0 0.0 0.0 1.0 1922 1923 1924 2188 2189 2190 2191 2192 2193 2194 1828 1830 1831 1833 1834 2098 2099 2100 2101 2102 2103 2104 1738 1739 1740 1741 2008 2011 2012 2013 2014 2278 2279 2280 2281 2282
161 34.5 16.5 3.0 0.0 0.0 0.0 1.0 1291 1292 1293 1294 1295 1561 1562 1563 1564 1565 1566 1567 1201 1202 1203 1204 1205 1471 1472 1473 1474 1475 1476 1741 1745 1746 1747 1381 1382 1383 1384 1385 1386 1651 1652 1653 1654 1655 1656 1657
103 40.5 10.5 3.0 0.0 0.0 0.0 1.0 1027 1029 1030 1032 1033 667 668 669 670 671 672 673 937 938 939 940 941 942 943 1208 1209 1210 1211 1213 847 848 849 850 851 852 853 1117 1118 1119 1120 1123 757 758 759 760 761 762 763
100 31.5 10.5 3.0 0.0 0.0 0.0 1.0 1024 658 659 660 661 663 664 928 929 930 931 934 1198 1199 1201 1202 1203 1204 838 839 841 842 843 844 1108 1109 1111 1112 1113 1114 748 749 750 751 752 753 754 1018 1019 1020 1021 1022 1023
97 22.5 10.5 3.0 0.0 0.0 0.0 1.0 649 650 651 652 654 655 919 920 921 922 923 924 925 1189 1190 1191 1192 1193 1194 1195 829 830 831 832 833 834 835 1101 1102 1103 1104 1105 739 740 741 744 745 1009 1010 1011 1012 1013 1014 1015
187 22.5 19.5 3.0 0.0 0.0 0.0 1.0 1549 1550 1551 1552 1553 1819 1820 1822 1823 1824 1825 1459 1460 1461 1462 1463 1464 1465 1729 1730 1734 1735 1999 2000 2001 2004 2005 1639 1640 1641 1642 1643 1645 1910 1911 1912 1913 1914 1915
190 31.5 19.5 3.0 0.0 0.0 0.0 1.0 1922 1923 1924 1558 1559 1560 1561 1562 1563 1564 1828 1830 1831 1833 1834 1468 1469 1470 1471 1472 1473 1474 1738 1739 1740 1741 2008 2011 2012 2013 2014 1648 1649 1650 1651 1652 1653 1654
249 28.5 25.5 3.0 0.0 0.0 0.0 1.0 2185 2186 2187 2188 2189 2190 2191 2455 2459 2460 2461 2095 2096 2097 2098 2099 2100 2101 2367 2368 2369 2370 2371 2005 2006 2007 2008 2011 2275 2276 2277 2278 2279 2280 2281 2545 2547 2548 2549 2551
246 19.5 25.5 3.0 0.0 0.0 0.0 1.0 2176 2177 2178 2179 2180 2181 2182 2446 2449 2450 2451 2452 2086 2087 2088 2089 2090 2091 2092 2356 2357 2359 2360 2361 2362 1997 1998 1999 2000 2001 2266 2267 2268 2269 2270 2271 2272 2536 2537 2538 2539 2541 2542
184 13.5 19.5 3.0 0.0 0.0 0.0 1.0 1540 1541 1544 1545 1546 1810 1811 1812 1813 1814 1815 1816 1450 1451 1452 1453 1454 1455 1456 1722 1723 1724 1725 1726 1990 1991 1992 1993 1994 1995 1630 1631 1632 1633 1634 1635 1900 1901 1902 1903 1905 1906
94 13.5 10.5 3.0 0.0 0.0 0.0 1.0 640 641 643 644 645 646 910 911 912 913 914 915 916 1180 1181 1182 1183 1184 1185 1186 820 821 822 823 824 1090 1091 1092 1093 1094 1095 1096 730 731 733 734 735 736 1000 1001 1002 1003 1004 1005 1006
4 13.5 1.5 3.0 0.0 0.0 0.0 1.0 10 11 12 13 14 15 16 281 282 284 285 286 190 192 193 194 195 196 100 101 102 103 104 105 106 370 371 372 373 374 375 376
7 22.5 1.5 3.0 0.0 0.0 0.0 1.0 19 20 21 22 23 24 25 289 290 291 292 293 294 295 199 200 201 202 203 204 205 109 110 111 112 113 114 115 379 380 382 383
69 28.5 7.5 3.0 0.0 0.0 0.0 1.0 386 387 388 391 655 656 657 658 659 660 661 925 926 927 928 929 930 931 565 566 567 568 569 570 571 835 836 837 838 839 841 475 476 477 478 479 480 481 745 746 747 748 749 750 751
72 37.5 7.5 3.0 0.0 0.0 0.0 1.0 394 395 396 397 398 399 400 664 665 666 667 668 669 670 934 935 936 937 938 939 940 575 576 577 578 579 580 844 845 846 847 848 849 850 484 485 486 487 488 489 490 754 755 756 757 758 759 760
75 46.5 7.5 3.0 0.0 0.0 0.0 1.0 768 769 403 404 406 407 408 409 673 674 675 676 677 678 679 943 944 945 946 947 948 949 583 584 585 586 587 588 589 853 854 855 856 857 858 859 493 494 496 497 498 763 764 766 767
165 46.5 16.5 3.0 0.0 0.0 0.0 1.0 1664 1666 1667 1668 1669 1303 1304 1305 1306 1307 1308 1309 1573 1574 1575 1576 1577 1578 1579 1213 1214 1215 1216 1217 1218 1219 1483 1484 1485 1486 1487 1488 1489 1753 1754 1755 1758 1759 1395 1396 1397 1398 1399 1663
226 49.5 22.5 3.0 0.0 0.0 0.0 1.0 1936 1937 1938 1939 1940 1941 2207 2208 2209 2210 2211 2212 1846 1847 1848 1849 1850 1851 1852 2116 2117 2118 2119 2120 2121 2122 1758 1759 1760 1761 1762 2026 2027 2028 2029 2030 2031 2032 2296 2297 2298 2299 2300 2301 2302
316 49.5 31.5 3.0 0.0 0.0 0.0 1.0 2566 2567 2568 2569 2570 2571 2572 2836 2837 2838 2842 3106 3107 3108 3109 3110 3111 3112 2746 2747 2748 2749 2751 2752 3016 3017 3019 3020 3021 3022 2656 2657 2658 2659 2660 2661 2662 2926 2927 2928 2929 2930 2931 2932
313 40.5 31.5 3.0 0.0 0.0 0.0 1.0 2560 2561 2562 2563 2827 2828 2831 2832 2833 3097 3098 3099 3101 3102 3103 2737 2738 2740 2741 2742 2743 3009 3010 3011 3012 3013 2647 2648 2649 2650 2651 2652 2653 2917 2919 2920 2921 2922 2923 2557 2558 2559
223 40.5 22.5 3.0 0.0 0.0 0.0 1.0 1927 1928 1931 1932 2197 2198 2201 2202 1837 1838 1839 1840 1841 1842 1843 2107 2108 2109 2110 1747 1748 1749 1750 1751 1752 1753 2017 2018 2019 2020 2021 2022 2287 2288 2291 2292 2293
195 46.5 19.5 3.0 0.0 0.0 0.0 1.0 1664 1666 1667 1668 1669 1934 1935 1936 1937 1938 1939 1573 1574 1575 1576 1577 1578 1579 1843 1844 1845 1846 1847 1848 1849 1483 1484 1485 1486 1487 1488 1489 1753 1754 1755 1758 1759 2025 2026 2027 2028 2029 1663
253 40.5 25.5 3.0 0.0 0.0 0.0 1.0 2560 2561 2562 2563 2197 2198 2201 2202 2467 2468 2469 2470 2471 2473 2107 2108 2109 2110 2377 2378 2379 2383 2017 2018 2019 2020 2021 2022 2287 2288 2291 2292 2293 2557 2558 2559
256 49.5 25.5 3.0 0.0 0.0 0.0 1.0 2566 2567 2568 2569 2570 2571 2572 2207 2208 2209 2210 2211 2212 2476 2477 2478 2479 2480 2481 2482 2116 2117 2118 2119 2120 2121 2122 2386 2387 2388 2389 2390 2392 2026 2027 2028 2029 2030 2031 2032 2296 2297 2298 2299 2300 2301 2302
259 58.5 25.5 3.0 0.0 0.0 0.0 1.0 2305 2306 2307 2308 2309 2310 2311 2575 2576 2577 2578 2579 2580 2581 2215 2216 2217 2218 2219 2221 2485 2486 2487 2488 2489 2490 2491 2125 2126 2127 2128 2129 2130 2131 2395 2396 2397 2398 2399 2400 2401 2035 2036 2037 2038 2039 2040 2041
169 58.5 16.5 3.0 0.0 0.0 0.0 1.0 1408 1411 1675 1676 1677 1678 1679 1680 1681 1315 1316 1317 1318 1319 1585 1586 1587 1588 1589 1590 1591 1225 1226 1227 1228 1229 1230 1231 1495 1496 1497 1498 1501 1765 1766 1767 1768 1769 1770 1771 1405 1406 1407
79 58.5 7.5 3.0 0.0 0.0 0.0 1.0 775 776 777 778 779 780 781 415 416 417 418 420 421 685 686 687 688 689 690 691 955 956 957 958 959 960 961 595 596 597 598 599 600 601 865 866 867 868 869 870 871 505 506 507 508 509 510 511
82 67.5 7.5 3.0 0.0 0.0 0.0 1.0 514 515 516 517 518 519 520 784 786 787 788 789 790 424 425 426 427 429 430 694 696 697 698 699 700 964 965 967 968 969 970 604 605 606 607 608 609 610 876 877 878 879 880
172 67.5 16.5 3.0 0.0 0.0 0.0 1.0 1414 1415 1416 1417 1418 1419 1420 1684 1685 1686 1687 1688 1689 1690 1324 1325 1326 1327 1328 1329 1330 1594 1595 1596 1597 1598 1599 1600 1234 1235 1236 1237 1238 1239 1240 1504 1505 1506 1507 1508 1509 1510 1774 1775 1776 1777 1778 1780
175 76.5 16.5 3.0 0.0 0.0 0.0 1.0 1424 1425 1426 1427 1428 1429 1693 1694 1695 1696 1697 1698 1699 1333 1335 1336 1337 1338 1603 1604 1605 1606 1607 1608 1609 1243 1247 1248 1514 1515 1516 1517 1518 1519 1787 1788
235 76.5 22.5 3.0 0.0 0.0 0.0 1.0 2053 2055 2056 2057 2058 2059 2325 2326 2327 2328 2329 1963 1964 1965 1966 1967 2233 2234 2235 2236 2237 2238 1873 1874 1875 1876 1877 1878 2143 2144 2145 2146 2147 2148 2149 1787 1788
207 82.5 19.5 3.0 0.0 0.0 0.0 1.0 1792 1793 2059 2060 2061 2063 2064 2065 1699 1700 1701 1702 1703 1704 1972 1973 1974 1975 1609 1610 1611 1612 1613 1614 1615 1882 1883 1519 1521 1522 1523 1524 1525 1791
239 88.5 22.5 3.0 0.0 0.0 0.0 1.0 1797 1798 1799 2065 2066 2067 2068 2069 2335 2336 2337 2338 2339 1975 1976 1977 1978 1979 2246 2247 2248 2249 1887 1888 1889 2156 2157 2158 2159
267 82.5 25.5 3.0 0.0 0.0 0.0 1.0 2059 2060 2061 2063 2064 2065 2329 2330 2331 2332 2333 2334 2335 2599 2600 2601 2603 2604 2605 2240 2241 2242 2509 2510 2511 2512 2513 2514 2515 2149 2150 2151 2152 2419 2420 2421 2422 2423 2424 2425
264 73.5 25.5 3.0 0.0 0.0 0.0 1.0 2050 2051 2052 2053 2055 2056 2320 2321 2322 2325 2326 2590 2591 2592 2593 2594 2595 2596 2230 2231 2232 2233 2234 2235 2236 2500 2501 2502 2503 2506 2140 2141 2142 2143 2144 2145 2146 2410 2411 2412 2415 2416
261 64.5 25.5 3.0 0.0 0.0 0.0 1.0 2311 2315 2316 2581 2584 2585 2587 2221 2222 2224 2225 2226 2491 2492 2493 2494 2495 2496 2497 2131 2132 2134 2135 2136 2137 2401 2402 2403 2404 2405 2406 2407 2041 2042 2043 2045 2046 2047
320 61.5 31.5 3.0 0.0 0.0 0.0 1.0 2578 2579 2580 2581 2584 2848 2849 2850 2851 2852 2853 2854 3118 3119 3120 3122 3123 2758 2759 2760 2761 2762 2763 2764 3028 3029 3030 3031 2668 2669 2670 2672 2673 2674 2938 2940 2941 2942 2943
382 67.5 37.5 3.0 0.0 0.0 0.0 1.0 3214 3215 3216 3217 3218 3219 3220 3484 3485 3486 3487 3488 3489 3490 3128 3129 3130 3394 3395 3396 3397 3398 3399 3400 3664 3665 3666 3667 3668 3669 3670 3304 3305 3306 3307 3308 3309 3310 3574 3576 3577 3578 3579 3580
322 67.5 31.5 3.0 0.0 0.0 0.0 1.0 2946 2947 2948 2949 2950 2584 2585 2587 2588 2589 2590 2854 2855 2856 2857 2858 2859 2860 3128 3129 3130 2764 2765 2766 2767 2768 2769 2770 3038 3039 2674 2675 2676 2677 2678 2679 2680
381 64.5 37.5 3.0 0.0 0.0 0.0 1.0 3211 3212 3213 3214 3215 3216 3217 3481 3482 3483 3484 3485 3486 3487 3122 3123 3391 3394 3395 3396 3397 3661 3662 3663 3664 3665 3666 3667 3301 3302 3303 3304 3305 3306 3307 3571 3572 3573 3574 3576 3577
323 70.5 31.5 3.0 0.0 0.0 0.0 1.0 2947 2948 2949 2950 2951 2952 2953 2587 2588 2589 2590 2591 2592 2593 2857 2858 2859 2860 2861 2862 2863 3128 3129 3130 3131 3132 3133 2767 2768 2769 2770 2771 2772 3038 3039 3042 3043 2677 2678 2679 2680 2681 2682 2683
351 64.5 34.5 3.0 0.0 0.0 0.0 1.0 2946 2947 3211 3212 3213 3214 3215 3216 3217 2851 2852 2853 2854 2855 2856 2857 3122 3123 3391 3394 3395 3396 3397 3031 3301 3302 3303 3304 3305 3306 3307 2941 2942 2943
441 64.5 43.5 3.0 0.0 0.0 0.0 1.0 3841 3842 3844 3845 3846 3847 4111 4112 4113 4114 4116 4117 3751 3752 3753 3754 3755 3756 3757 4021 4022 4023 4024 4025 4026 4027 3661 3662 3663 3664 3665 3666 3667 3931 3932 3933 3934 3935 3936 3937 4201 4202 4203 4204 4206 4207
531 64.5 52.5 3.0 0.0 0.0 0.0 1.0 4743 4744 4745 4746 4747 5011 5012 5013 5015 5016 5017 4651 4653 4654 4655 4656 4657 4921 4922 4923 4924 4925 4926 4927 4561 4563 4564 4565 4566 4567 4831 4832 4833 4834 4835 4836 4837 4471 4473 4474 4475
534 73.5 52.5 3.0 0.0 0.0 0.0 1.0 4480 4481 4482 4483 4484 4485 4751 4752 4753 4754 4755 4756 5020 5021 5022 5023 5024 5025 5026 4660 4661 4662 4663 4664 4665 4666 4930 4931 4932 4933 4934 4935 4936 4570 4571 4572 4573 4575 4576 4840 4841 4842 4843 4845 4846
476 79.5 46.5 3.0 0.0 0.0 0.0 1.0 4487 4488 4489 4490 4491 4492 4126 4128 4129 4130 4131 4132 4396 4397 4398 4399 4400 4402 4036 4037 4038 4039 4040 4041 4042 4306 4307 4308 4309 4310 4311 4312 3947 3948 3949 3950 3951 4218 4219 4220 4221 4222
418 85.5 40.5 3.0 0.0 0.0 0.0 1.0 3592 3593 3594 3595 3596 3597 3598 3862 3863 3864 3865 3866 3867 3868 3502 3503 3504 3505 3506 3507 3772 3773 3775 3776 3777 3778 3412 3413 3414 3415 3417 3418 3682 3683 3684 3685 3686 3687 3688 3953 3954 3955 3956 3957 3958
