0 0.5 0.5 3.0 0.0 0.0 0.0 1.0 0 1 30 31
90 0.5 3.5 3.0 0.0 0.0 0.0 1.0 120 121 90 91 60 61
180 0.5 6.5 3.0 0.0 0.0 0.0 1.0 210 211 180 181 150 151
183 3.5 6.5 3.0 0.0 0.0 0.0 1.0 182 152 212 213 214 183 184 153 154
186 6.5 6.5 3.0 0.0 0.0 0.0 1.0 187 215 185 216 217 186 155 156 157
189 9.5 6.5 3.0 0.0 0.0 0.0 1.0 160 220 190 218 219 188 189 158 159
99 9.5 3.5 3.0 0.0 0.0 0.0 1.0 128 129 98 99 100 69 70 130 68
96 6.5 3.5 3.0 0.0 0.0 0.0 1.0 96 65 66 67 97 95 125 126 127
93 3.5 3.5 3.0 0.0 0.0 0.0 1.0 64 124 94 122 123 92 93 62 63
3 3.5 0.5 3.0 0.0 0.0 0.0 1.0 32 33 2 3 4 34
6 6.5 0.5 3.0 0.0 0.0 0.0 1.0 35 36 5 6 7 37
9 9.5 0.5 3.0 0.0 0.0 0.0 1.0 38 39 8 9 10 40
12 12.5 0.5 3.0 0.0 0.0 0.0 1.0 43 41 42 11 12 13
15 15.5 0.5 3.0 0.0 0.0 0.0 1.0 44 45 14 15 16 46
18 18.5 0.5 3.0 0.0 0.0 0.0 1.0 17 47 48 49 18 19
108 18.5 3.5 3.0 0.0 0.0 0.0 1.0 139 137 138 107 108 109 78 77 79
105 15.5 3.5 3.0 0.0 0.0 0.0 1.0 134 135 104 105 74 75 76 136 106
195 15.5 6.5 3.0 0.0 0.0 0.0 1.0 224 225 194 195 196 165 166 226 164
198 18.5 6.5 3.0 0.0 0.0 0.0 1.0 227 228 197 198 199 168 169 167 229
201 21.5 6.5 3.0 0.0 0.0 0.0 1.0 230 231 200 201 170 171 172 232 202
111 21.5 3.5 3.0 0.0 0.0 0.0 1.0 80 140 141 110 111 112 81 82 142
21 21.5 0.5 3.0 0.0 0.0 0.0 1.0 50 51 20 21 22 52
24 24.5 0.5 3.0 0.0 0.0 0.0 1.0 23 53 54 55 24 25
114 24.5 3.5 3.0 0.0 0.0 0.0 1.0 115 113 143 144 145 114 83 84 85
204 24.5 6.5 3.0 0.0 0.0 0.0 1.0 203 233 234 235 204 205 174 173 175
207 27.5 6.5 3.0 0.0 0.0 0.0 1.0 176 236 237 206 207 208 177 178 238
297 27.5 9.5 3.0 0.0 0.0 0.0 1.0 326 327 296 297 266 267 268 328 298
387 27.5 12.5 3.0 0.0 0.0 0.0 1.0 416 417 386 387 388 357 358 418 356
384 24.5 12.5 3.0 0.0 0.0 0.0 1.0 384 353 354 355 385 383 413 414 415
381 21.5 12.5 3.0 0.0 0.0 0.0 1.0 352 412 382 410 411 380 381 350 351
291 21.5 9.5 3.0 0.0 0.0 0.0 1.0 320 321 290 291 292 261 262 322 260
288 18.5 9.5 3.0 0.0 0.0 0.0 1.0 288 257 258 259 289 287 317 318 319
378 18.5 12.5 3.0 0.0 0.0 0.0 1.0 379 407 377 408 409 378 347 348 349
468 18.5 15.5 3.0 0.0 0.0 0.0 1.0 467 497 498 499 468 469 438 439 437
465 15.5 15.5 3.0 0.0 0.0 0.0 1.0 464 434 494 495 496 465 466 435 436
375 15.5 12.5 3.0 0.0 0.0 0.0 1.0 406 344 404 405 374 375 376 345 346
285 15.5 9.5 3.0 0.0 0.0 0.0 1.0 256 316 286 314 315 284 285 254 255
282 12.5 9.5 3.0 0.0 0.0 0.0 1.0 283 311 281 312 313 282 251 252 253
279 9.5 9.5 3.0 0.0 0.0 0.0 1.0 310 248 308 309 278 279 280 249 250
276 6.5 9.5 3.0 0.0 0.0 0.0 1.0 307 305 306 275 276 277 246 247 245
366 6.5 12.5 3.0 0.0 0.0 0.0 1.0 395 396 365 366 367 336 337 397 335
369 9.5 12.5 3.0 0.0 0.0 0.0 1.0 368 338 398 399 400 369 370 339 340
459 9.5 15.5 3.0 0.0 0.0 0.0 1.0 488 428 458 459 460 429 430 489 490
462 12.5 15.5 3.0 0.0 0.0 0.0 1.0 491 492 493 462 463 432 433 461 431
552 12.5 18.5 3.0 0.0 0.0 0.0 1.0 581 582 551 552 521 522 523 583 553
555 15.5 18.5 3.0 0.0 0.0 0.0 1.0 584 524 554 555 556 525 526 585 586
558 18.5 18.5 3.0 0.0 0.0 0.0 1.0 587 588 557 558 559 528 529 527 589
561 21.5 18.5 3.0 0.0 0.0 0.0 1.0 560 530 590 591 592 561 562 531 532
564 24.5 18.5 3.0 0.0 0.0 0.0 1.0 593 594 563 564 565 534 535 595 533
474 24.5 15.5 3.0 0.0 0.0 0.0 1.0 443 503 473 504 505 474 475 444 445
477 27.5 15.5 3.0 0.0 0.0 0.0 1.0 448 508 478 506 507 476 477 446 447
567 27.5 18.5 3.0 0.0 0.0 0.0 1.0 598 536 596 597 566 567 568 537 538
657 27.5 21.5 3.0 0.0 0.0 0.0 1.0 656 626 686 687 688 657 658 627 628
747 27.5 24.5 3.0 0.0 0.0 0.0 1.0 776 716 746 747 748 717 718 777 778
837 27.5 27.5 3.0 0.0 0.0 0.0 1.0 866 867 836 837 838 807 808 806 868
834 24.5 27.5 3.0 0.0 0.0 0.0 1.0 864 833 834 835 804 805 865 803 863
744 24.5 24.5 3.0 0.0 0.0 0.0 1.0 773 774 743 744 713 714 715 775 745
654 24.5 21.5 3.0 0.0 0.0 0.0 1.0 653 683 684 685 654 655 624 625 623
651 21.5 21.5 3.0 0.0 0.0 0.0 1.0 680 620 650 651 652 621 622 681 682
648 18.5 21.5 3.0 0.0 0.0 0.0 1.0 677 678 647 648 617 618 619 679 649
645 15.5 21.5 3.0 0.0 0.0 0.0 1.0 674 675 644 645 646 615 616 614 676
642 12.5 21.5 3.0 0.0 0.0 0.0 1.0 672 641 642 643 612 613 673 611 671
639 9.5 21.5 3.0 0.0 0.0 0.0 1.0 608 609 610 638 640 668 669 670 639
729 9.5 24.5 3.0 0.0 0.0 0.0 1.0 728 758 759 760 729 698 699 700 730
732 12.5 24.5 3.0 0.0 0.0 0.0 1.0 731 733 761 762 763 732 701 702 703
735 15.5 24.5 3.0 0.0 0.0 0.0 1.0 704 705 706 736 734 764 765 766 735
738 18.5 24.5 3.0 0.0 0.0 0.0 1.0 768 737 738 707 708 709 769 739 767
741 21.5 24.5 3.0 0.0 0.0 0.0 1.0 770 771 740 741 742 711 712 710 772
831 21.5 27.5 3.0 0.0 0.0 0.0 1.0 800 801 802 832 830 860 861 862 831
828 18.5 27.5 3.0 0.0 0.0 0.0 1.0 827 829 857 858 859 828 797 798 799
825 15.5 27.5 3.0 0.0 0.0 0.0 1.0 824 854 855 856 825 794 795 796 826
822 12.5 27.5 3.0 0.0 0.0 0.0 1.0 791 851 852 821 822 823 792 793 853
819 9.5 27.5 3.0 0.0 0.0 0.0 1.0 818 848 849 850 819 820 789 790 788
816 6.5 27.5 3.0 0.0 0.0 0.0 1.0 785 845 846 815 816 817 786 787 847
726 6.5 24.5 3.0 0.0 0.0 0.0 1.0 695 755 756 725 726 727 696 697 757
723 3.5 24.5 3.0 0.0 0.0 0.0 1.0 722 752 753 754 723 724 693 694 692
633 3.5 21.5 3.0 0.0 0.0 0.0 1.0 632 662 663 664 633 602 603 604 634
630 0.5 21.5 3.0 0.0 0.0 0.0 1.0 660 661 630 631 600 601
540 0.5 18.5 3.0 0.0 0.0 0.0 1.0 570 571 540 541 510 511
450 0.5 15.5 3.0 0.0 0.0 0.0 1.0 480 481 450 451 420 421
360 0.5 12.5 3.0 0.0 0.0 0.0 1.0 390 391 360 361 330 331
270 0.5 9.5 3.0 0.0 0.0 0.0 1.0 300 301 270 271 240 241
273 3.5 9.5 3.0 0.0 0.0 0.0 1.0 272 242 302 303 304 273 274 243 244
363 3.5 12.5 3.0 0.0 0.0 0.0 1.0 392 332 362 363 364 333 334 393 394
453 3.5 15.5 3.0 0.0 0.0 0.0 1.0 482 483 452 453 454 422 424 423 484
543 3.5 18.5 3.0 0.0 0.0 0.0 1.0 512 513 514 542 544 572 573 574 543
546 6.5 18.5 3.0 0.0 0.0 0.0 1.0 576 545 546 515 516 517 577 547 575
636 6.5 21.5 3.0 0.0 0.0 0.0 1.0 667 637 665 666 635 636 605 606 607
