0 0.5 0.5 3.0 0 0 0 1 0 1 30 31
1 1.5 0.5 3.0 0 0 0 1 0 1 2 32 30 31
2 2.5 0.5 3.0 0 0 0 1 32 1 2 3 33 31
3 3.5 0.5 3.0 0 0 0 1 32 33 2 3 4 34
4 4.5 0.5 3.0 0 0 0 1 33 34 3 4 5 35
5 5.5 0.5 3.0 0 0 0 1 34 35 36 5 6 4
6 6.5 0.5 3.0 0 0 0 1 35 36 37 6 7 5
7 7.5 0.5 3.0 0 0 0 1 36 37 38 7 8 6
8 8.5 0.5 3.0 0 0 0 1 37 38 39 8 9 7
9 9.5 0.5 3.0 0 0 0 1 38 39 8 9 10 40
10 10.5 0.5 3.0 0 0 0 1 39 40 9 10 11 41
11 11.5 0.5 3.0 0 0 0 1 40 41 10 11 12 42
12 12.5 0.5 3.0 0 0 0 1 43 41 42 11 12 13
13 13.5 0.5 3.0 0 0 0 1 12 42 43 44 13 14
14 14.5 0.5 3.0 0 0 0 1 43 44 45 14 13 15
15 15.5 0.5 3.0 0 0 0 1 44 45 46 15 16 14
16 16.5 0.5 3.0 0 0 0 1 45 46 47 16 17 15
17 17.5 0.5 3.0 0 0 0 1 48 46 47 16 17 18
18 18.5 0.5 3.0 0 0 0 1 49 47 48 17 18 19
19 19.5 0.5 3.0 0 0 0 1 50 48 49 18 19 20
20 20.5 0.5 3.0 0 0 0 1 51 49 50 19 20 21
21 21.5 0.5 3.0 0 0 0 1 50 51 52 21 22 20
22 22.5 0.5 3.0 0 0 0 1 51 52 53 22 23 21
23 23.5 0.5 3.0 0 0 0 1 22 52 53 54 23 24
24 24.5 0.5 3.0 0 0 0 1 23 53 54 55 24 25
25 25.5 0.5 3.0 0 0 0 1 56 54 55 24 25 26
26 26.5 0.5 3.0 0 0 0 1 55 57 56 25 26 27
27 27.5 0.5 3.0 0 0 0 1 56 57 26 27 28 58
28 28.5 0.5 3.0 0 0 0 1 59 57 58 27 28 29
29 29.5 0.5 3.0 0 0 0 1 58 59 28 29
30 0.5 1.5 3.0 0 0 0 1 0 1 60 61 30 31
31 1.5 1.5 3.0 0 0 0 1 0 1 2 32 62 60 61 30 31
32 2.5 1.5 3.0 0 0 0 1 32 1 2 3 33 63 61 62 31
33 3.5 1.5 3.0 0 0 0 1 32 33 2 3 4 64 34 62 63
34 4.5 1.5 3.0 0 0 0 1 64 33 34 3 4 5 65 35 63
35 5.5 1.5 3.0 0 0 0 1 64 65 34 35 36 5 6 66 4
36 6.5 1.5 3.0 0 0 0 1 65 66 35 36 37 6 7 67 5
37 7.5 1.5 3.0 0 0 0 1 66 67 36 37 38 7 8 68 6
38 8.5 1.5 3.0 0 0 0 1 67 68 37 38 39 8 9 7 69
39 9.5 1.5 3.0 0 0 0 1 68 69 38 39 8 9 10 40 70
40 10.5 1.5 3.0 0 0 0 1 69 70 39 40 9 10 11 41 71
41 11.5 1.5 3.0 0 0 0 1 70 71 40 41 10 11 12 72 42
42 12.5 1.5 3.0 0 0 0 1 43 71 72 41 42 11 12 13 73
43 13.5 1.5 3.0 0 0 0 1 72 12 42 43 44 13 14 73 74
44 14.5 1.5 3.0 0 0 0 1 75 73 74 43 44 45 14 13 15
45 15.5 1.5 3.0 0 0 0 1 76 74 75 44 45 46 15 16 14
46 16.5 1.5 3.0 0 0 0 1 77 75 76 45 46 47 16 17 15
47 17.5 1.5 3.0 0 0 0 1 48 76 77 46 47 16 17 18 78
48 18.5 1.5 3.0 0 0 0 1 49 77 78 47 48 17 18 19 79
49 19.5 1.5 3.0 0 0 0 1 80 50 78 79 48 49 18 19 20
50 20.5 1.5 3.0 0 0 0 1 51 81 79 80 49 50 19 20 21
51 21.5 1.5 3.0 0 0 0 1 82 80 81 50 51 52 21 22 20
52 22.5 1.5 3.0 0 0 0 1 83 81 82 51 52 53 22 23 21
53 23.5 1.5 3.0 0 0 0 1 22 82 83 52 53 54 23 24 84
54 24.5 1.5 3.0 0 0 0 1 23 83 84 53 54 55 24 25 85
55 25.5 1.5 3.0 0 0 0 1 86 56 84 85 54 55 24 25 26
56 26.5 1.5 3.0 0 0 0 1 87 55 85 86 57 56 25 26 27
57 27.5 1.5 3.0 0 0 0 1 88 86 87 56 57 26 27 28 58
58 28.5 1.5 3.0 0 0 0 1 59 89 87 88 57 58 27 28 29
59 29.5 1.5 3.0 0 0 0 1 88 89 58 59 28 29
60 0.5 2.5 3.0 0 0 0 1 90 91 60 61 30 31
61 1.5 2.5 3.0 0 0 0 1 32 92 30 90 91 60 61 62 31
62 2.5 2.5 3.0 0 0 0 1 32 33 91 93 31 92 61 62 63
63 3.5 2.5 3.0 0 0 0 1 32 33 34 64 94 92 93 62 63
64 4.5 2.5 3.0 0 0 0 1 64 33 34 35 65 95 93 94 63
65 5.5 2.5 3.0 0 0 0 1 64 65 34 35 36 96 66 94 95
66 6.5 2.5 3.0 0 0 0 1 96 65 66 67 36 37 97 35 95
67 7.5 2.5 3.0 0 0 0 1 96 97 66 67 68 37 38 98 36
68 8.5 2.5 3.0 0 0 0 1 97 98 67 68 69 38 39 99 37
69 9.5 2.5 3.0 0 0 0 1 98 99 68 69 70 39 40 100 38
70 10.5 2.5 3.0 0 0 0 1 99 100 69 70 71 40 41 39 101
71 11.5 2.5 3.0 0 0 0 1 100 101 70 71 40 41 42 72 102
72 12.5 2.5 3.0 0 0 0 1 101 102 71 72 41 42 43 73 103
73 13.5 2.5 3.0 0 0 0 1 102 103 72 73 42 43 44 104 74
74 14.5 2.5 3.0 0 0 0 1 43 103 104 73 74 75 44 45 105
75 15.5 2.5 3.0 0 0 0 1 104 44 74 75 76 45 46 105 106
76 16.5 2.5 3.0 0 0 0 1 107 105 106 75 76 77 46 45 47
77 17.5 2.5 3.0 0 0 0 1 108 106 107 76 77 78 47 48 46
78 18.5 2.5 3.0 0 0 0 1 107 108 77 78 79 48 49 47 109
79 19.5 2.5 3.0 0 0 0 1 80 108 109 78 79 48 49 50 110
80 20.5 2.5 3.0 0 0 0 1 81 109 110 79 80 49 50 51 111
81 21.5 2.5 3.0 0 0 0 1 112 82 110 111 80 81 50 51 52
82 22.5 2.5 3.0 0 0 0 1 51 113 111 112 81 82 83 52 53
83 23.5 2.5 3.0 0 0 0 1 114 112 113 82 83 84 53 54 52
84 24.5 2.5 3.0 0 0 0 1 115 113 114 83 84 85 54 55 53
85 25.5 2.5 3.0 0 0 0 1 54 114 115 84 85 86 55 56 116
86 26.5 2.5 3.0 0 0 0 1 55 115 116 85 86 87 56 57 117
87 27.5 2.5 3.0 0 0 0 1 118 88 116 117 86 87 56 57 58
88 28.5 2.5 3.0 0 0 0 1 119 87 117 118 89 88 57 58 59
89 29.5 2.5 3.0 0 0 0 1 118 119 88 89 58 59
90 0.5 3.5 3.0 0 0 0 1 120 121 90 91 60 61
91 1.5 3.5 3.0 0 0 0 1 60 122 120 121 90 91 92 61 62
92 2.5 3.5 3.0 0 0 0 1 123 61 121 122 91 92 93 62 63
93 3.5 3.5 3.0 0 0 0 1 64 124 62 122 123 92 93 94 63
94 4.5 3.5 3.0 0 0 0 1 64 65 123 125 63 124 93 94 95
95 5.5 3.5 3.0 0 0 0 1 64 65 66 96 126 124 125 94 95
96 6.5 3.5 3.0 0 0 0 1 96 65 66 67 97 127 125 126 95
97 7.5 3.5 3.0 0 0 0 1 96 97 66 67 68 128 98 126 127
98 8.5 3.5 3.0 0 0 0 1 128 97 98 99 68 69 129 67 127
99 9.5 3.5 3.0 0 0 0 1 128 129 98 99 100 69 70 130 68
100 10.5 3.5 3.0 0 0 0 1 129 130 99 100 101 70 71 131 69
101 11.5 3.5 3.0 0 0 0 1 130 131 100 101 102 71 72 132 70
102 12.5 3.5 3.0 0 0 0 1 131 132 101 102 103 72 73 71 133
103 13.5 3.5 3.0 0 0 0 1 132 133 102 103 72 73 74 104 134
104 14.5 3.5 3.0 0 0 0 1 133 134 103 104 73 74 75 105 135
105 15.5 3.5 3.0 0 0 0 1 134 135 104 105 74 75 76 136 106
106 16.5 3.5 3.0 0 0 0 1 75 135 136 105 106 107 76 77 137
107 17.5 3.5 3.0 0 0 0 1 136 76 106 107 108 77 78 137 138
108 18.5 3.5 3.0 0 0 0 1 139 137 138 107 108 109 78 77 79
109 19.5 3.5 3.0 0 0 0 1 140 138 139 108 109 110 79 80 78
110 20.5 3.5 3.0 0 0 0 1 139 140 109 110 111 80 81 141 79
111 21.5 3.5 3.0 0 0 0 1 112 140 141 110 111 80 81 82 142
112 22.5 3.5 3.0 0 0 0 1 113 141 142 111 112 81 82 83 143
113 23.5 3.5 3.0 0 0 0 1 144 114 142 143 112 113 82 83 84
114 24.5 3.5 3.0 0 0 0 1 83 145 143 144 113 114 115 84 85
115 25.5 3.5 3.0 0 0 0 1 146 144 145 114 115 116 85 86 84
116 26.5 3.5 3.0 0 0 0 1 147 145 146 115 116 117 86 87 85
117 27.5 3.5 3.0 0 0 0 1 86 146 147 116 117 118 87 88 148
118 28.5 3.5 3.0 0 0 0 1 87 147 148 117 118 119 88 89 149
119 29.5 3.5 3.0 0 0 0 1 148 149 118 119 88 89
120 0.5 4.5 3.0 0 0 0 1 150 151 120 121 90 91
121 1.5 4.5 3.0 0 0 0 1 152 150 151 120 121 90 91 92 122
122 2.5 4.5 3.0 0 0 0 1 91 151 152 121 122 123 92 93 153
123 3.5 4.5 3.0 0 0 0 1 92 154 152 153 122 123 124 93 94
124 4.5 4.5 3.0 0 0 0 1 155 93 153 154 123 124 125 94 95
125 5.5 4.5 3.0 0 0 0 1 96 156 94 154 155 124 125 126 95
126 6.5 4.5 3.0 0 0 0 1 96 97 155 157 95 156 125 126 127
127 7.5 4.5 3.0 0 0 0 1 96 97 98 128 158 156 157 126 127
128 8.5 4.5 3.0 0 0 0 1 128 97 98 99 129 159 157 158 127
129 9.5 4.5 3.0 0 0 0 1 128 129 98 99 100 160 130 158 159
130 10.5 4.5 3.0 0 0 0 1 160 129 130 131 100 101 161 99 159
131 11.5 4.5 3.0 0 0 0 1 160 161 130 131 132 101 102 162 100
132 12.5 4.5 3.0 0 0 0 1 161 162 131 132 133 102 103 163 101
133 13.5 4.5 3.0 0 0 0 1 162 163 132 133 134 103 104 164 102
134 14.5 4.5 3.0 0 0 0 1 163 164 133 134 135 104 105 103 165
135 15.5 4.5 3.0 0 0 0 1 164 165 134 135 104 105 106 136 166
136 16.5 4.5 3.0 0 0 0 1 165 166 135 136 105 106 107 137 167
137 17.5 4.5 3.0 0 0 0 1 166 167 136 137 106 107 108 168 138
138 18.5 4.5 3.0 0 0 0 1 107 167 168 137 138 139 108 109 169
139 19.5 4.5 3.0 0 0 0 1 168 108 138 139 140 109 110 169 170
140 20.5 4.5 3.0 0 0 0 1 171 169 170 139 140 141 110 109 111
141 21.5 4.5 3.0 0 0 0 1 172 170 171 140 141 142 111 112 110
142 22.5 4.5 3.0 0 0 0 1 171 172 141 142 143 112 113 173 111
143 23.5 4.5 3.0 0 0 0 1 144 172 173 142 143 112 113 114 174
144 24.5 4.5 3.0 0 0 0 1 145 173 174 143 144 113 114 115 175
145 25.5 4.5 3.0 0 0 0 1 176 146 174 175 144 145 114 115 116
146 26.5 4.5 3.0 0 0 0 1 115 177 175 176 145 146 147 116 117
147 27.5 4.5 3.0 0 0 0 1 178 176 177 146 147 148 117 118 116
148 28.5 4.5 3.0 0 0 0 1 179 177 178 147 148 149 118 119 117
149 29.5 4.5 3.0 0 0 0 1 178 179 148 149 118 119
150 0.5 5.5 3.0 0 0 0 1 180 181 150 151 120 121
151 1.5 5.5 3.0 0 0 0 1 182 152 180 181 150 151 120 121 122
152 2.5 5.5 3.0 0 0 0 1 151 181 182 153 152 121 122 123 183
153 3.5 5.5 3.0 0 0 0 1 184 182 183 152 153 122 123 124 154
154 4.5 5.5 3.0 0 0 0 1 123 183 184 153 154 155 124 125 185
155 5.5 5.5 3.0 0 0 0 1 124 186 184 185 154 155 156 125 126
156 6.5 5.5 3.0 0 0 0 1 187 125 185 186 155 156 157 126 127
157 7.5 5.5 3.0 0 0 0 1 128 188 126 186 187 156 157 158 127
158 8.5 5.5 3.0 0 0 0 1 128 129 187 189 127 188 157 158 159
159 9.5 5.5 3.0 0 0 0 1 128 129 130 160 190 188 189 158 159
160 10.5 5.5 3.0 0 0 0 1 160 129 130 131 161 191 189 190 159
161 11.5 5.5 3.0 0 0 0 1 160 161 130 131 132 192 162 190 191
162 12.5 5.5 3.0 0 0 0 1 192 161 162 163 132 133 193 131 191
163 13.5 5.5 3.0 0 0 0 1 192 193 162 163 164 133 134 194 132
164 14.5 5.5 3.0 0 0 0 1 193 194 163 164 165 134 135 195 133
165 15.5 5.5 3.0 0 0 0 1 194 195 164 165 166 135 136 196 134
166 16.5 5.5 3.0 0 0 0 1 195 196 165 166 167 136 137 135 197
167 17.5 5.5 3.0 0 0 0 1 198 196 197 166 167 136 137 138 168
168 18.5 5.5 3.0 0 0 0 1 197 198 167 168 137 138 139 169 199
169 19.5 5.5 3.0 0 0 0 1 198 199 168 169 138 139 140 200 170
170 20.5 5.5 3.0 0 0 0 1 139 199 200 169 170 171 140 141 201
171 21.5 5.5 3.0 0 0 0 1 200 140 170 171 172 141 142 201 202
172 22.5 5.5 3.0 0 0 0 1 203 201 202 171 172 173 142 141 143
173 23.5 5.5 3.0 0 0 0 1 204 202 203 172 173 174 143 144 142
174 24.5 5.5 3.0 0 0 0 1 203 204 173 174 175 144 145 205 143
175 25.5 5.5 3.0 0 0 0 1 176 204 205 174 175 144 145 146 206
176 26.5 5.5 3.0 0 0 0 1 177 205 206 175 176 145 146 147 207
177 27.5 5.5 3.0 0 0 0 1 208 178 206 207 176 177 146 147 148
178 28.5 5.5 3.0 0 0 0 1 147 209 207 208 177 178 179 148 149
179 29.5 5.5 3.0 0 0 0 1 208 209 178 179 148 149
180 0.5 6.5 3.0 0 0 0 1 210 211 180 181 150 151
181 1.5 6.5 3.0 0 0 0 1 150 210 211 180 181 182 151 152 212
182 2.5 6.5 3.0 0 0 0 1 151 211 212 181 182 183 152 153 213
183 3.5 6.5 3.0 0 0 0 1 214 184 212 213 182 183 152 153 154
184 4.5 6.5 3.0 0 0 0 1 183 213 214 185 184 153 154 155 215
185 5.5 6.5 3.0 0 0 0 1 216 214 215 184 185 154 155 156 186
186 6.5 6.5 3.0 0 0 0 1 155 217 215 216 185 186 187 156 157
187 7.5 6.5 3.0 0 0 0 1 156 218 216 217 186 187 188 157 158
188 8.5 6.5 3.0 0 0 0 1 219 157 217 218 187 188 189 158 159
189 9.5 6.5 3.0 0 0 0 1 160 220 158 218 219 188 189 190 159
190 10.5 6.5 3.0 0 0 0 1 160 161 219 221 159 220 189 190 191
191 11.5 6.5 3.0 0 0 0 1 160 161 162 192 222 220 221 190 191
192 12.5 6.5 3.0 0 0 0 1 192 161 162 163 193 223 221 222 191
193 13.5 6.5 3.0 0 0 0 1 192 193 162 163 164 224 194 222 223
194 14.5 6.5 3.0 0 0 0 1 224 193 194 163 164 165 225 195 223
195 15.5 6.5 3.0 0 0 0 1 224 225 194 195 196 165 166 226 164
196 16.5 6.5 3.0 0 0 0 1 225 226 195 196 197 166 167 227 165
197 17.5 6.5 3.0 0 0 0 1 226 227 196 197 198 167 168 228 166
198 18.5 6.5 3.0 0 0 0 1 227 228 197 198 199 168 169 167 229
199 19.5 6.5 3.0 0 0 0 1 230 228 229 198 199 168 169 170 200
200 20.5 6.5 3.0 0 0 0 1 229 230 199 200 169 170 171 201 231
201 21.5 6.5 3.0 0 0 0 1 230 231 200 201 170 171 172 232 202
202 22.5 6.5 3.0 0 0 0 1 203 231 232 201 202 171 172 173 233
203 23.5 6.5 3.0 0 0 0 1 232 172 202 203 204 173 174 233 234
204 24.5 6.5 3.0 0 0 0 1 235 233 234 203 204 205 174 173 175
205 25.5 6.5 3.0 0 0 0 1 236 234 235 204 205 206 175 176 174
206 26.5 6.5 3.0 0 0 0 1 235 236 205 206 207 176 177 237 175
207 27.5 6.5 3.0 0 0 0 1 208 236 237 206 207 176 177 178 238
208 28.5 6.5 3.0 0 0 0 1 209 237 238 207 208 177 178 179 239
209 29.5 6.5 3.0 0 0 0 1 238 239 208 209 178 179
210 0.5 7.5 3.0 0 0 0 1 240 241 210 211 180 181
211 1.5 7.5 3.0 0 0 0 1 242 240 241 210 211 212 181 182 180
212 2.5 7.5 3.0 0 0 0 1 243 241 242 211 212 213 182 183 181
213 3.5 7.5 3.0 0 0 0 1 182 242 243 212 213 214 183 184 244
214 4.5 7.5 3.0 0 0 0 1 183 243 244 213 214 215 184 185 245
215 5.5 7.5 3.0 0 0 0 1 246 216 244 245 214 215 184 185 186
216 6.5 7.5 3.0 0 0 0 1 215 245 246 217 216 185 186 187 247
217 7.5 7.5 3.0 0 0 0 1 248 246 247 216 217 186 187 188 218
218 8.5 7.5 3.0 0 0 0 1 219 249 247 248 217 218 187 188 189
219 9.5 7.5 3.0 0 0 0 1 188 250 248 249 218 219 220 189 190
220 10.5 7.5 3.0 0 0 0 1 251 189 249 250 219 220 221 190 191
221 11.5 7.5 3.0 0 0 0 1 192 252 190 250 251 220 221 222 191
222 12.5 7.5 3.0 0 0 0 1 192 193 251 253 191 252 221 222 223
223 13.5 7.5 3.0 0 0 0 1 192 193 194 224 254 252 253 222 223
224 14.5 7.5 3.0 0 0 0 1 224 193 194 195 225 255 253 254 223
225 15.5 7.5 3.0 0 0 0 1 224 225 194 195 196 226 256 254 255
226 16.5 7.5 3.0 0 0 0 1 256 225 226 195 196 197 257 227 255
227 17.5 7.5 3.0 0 0 0 1 256 257 226 227 228 197 198 258 196
228 18.5 7.5 3.0 0 0 0 1 257 258 227 228 229 198 199 259 197
229 19.5 7.5 3.0 0 0 0 1 198 258 259 228 229 230 199 200 260
230 20.5 7.5 3.0 0 0 0 1 259 260 229 230 231 200 201 199 261
231 21.5 7.5 3.0 0 0 0 1 262 260 261 230 231 200 201 202 232
232 22.5 7.5 3.0 0 0 0 1 263 261 262 231 232 201 202 203 233
233 23.5 7.5 3.0 0 0 0 1 262 263 232 233 202 203 204 264 234
234 24.5 7.5 3.0 0 0 0 1 235 263 264 233 234 203 204 205 265
235 25.5 7.5 3.0 0 0 0 1 264 204 234 235 236 205 206 265 266
236 26.5 7.5 3.0 0 0 0 1 267 265 266 235 236 237 206 205 207
237 27.5 7.5 3.0 0 0 0 1 268 266 267 236 237 238 207 208 206
238 28.5 7.5 3.0 0 0 0 1 267 268 237 238 239 208 209 269 207
239 29.5 7.5 3.0 0 0 0 1 268 269 238 239 208 209
240 0.5 8.5 3.0 0 0 0 1 270 271 240 241 210 211
241 1.5 8.5 3.0 0 0 0 1 272 242 270 271 240 241 210 211 212
242 2.5 8.5 3.0 0 0 0 1 243 273 271 272 241 242 211 212 213
243 3.5 8.5 3.0 0 0 0 1 274 272 273 242 243 244 213 214 212
244 4.5 8.5 3.0 0 0 0 1 275 273 274 243 244 245 214 215 213
245 5.5 8.5 3.0 0 0 0 1 214 274 275 244 245 246 215 216 276
246 6.5 8.5 3.0 0 0 0 1 215 275 276 245 246 247 216 217 277
247 7.5 8.5 3.0 0 0 0 1 278 248 276 277 246 247 216 217 218
248 8.5 8.5 3.0 0 0 0 1 279 247 277 278 249 248 217 218 219
249 9.5 8.5 3.0 0 0 0 1 280 278 279 248 249 218 219 220 250
250 10.5 8.5 3.0 0 0 0 1 251 281 279 280 249 250 219 220 221
251 11.5 8.5 3.0 0 0 0 1 282 220 280 281 250 251 252 221 222
252 12.5 8.5 3.0 0 0 0 1 283 221 281 282 251 252 253 222 223
253 13.5 8.5 3.0 0 0 0 1 224 284 222 282 283 252 253 254 223
254 14.5 8.5 3.0 0 0 0 1 224 225 283 285 223 284 253 254 255
255 15.5 8.5 3.0 0 0 0 1 224 225 226 256 286 284 285 254 255
256 16.5 8.5 3.0 0 0 0 1 256 225 226 227 257 287 285 286 255
257 17.5 8.5 3.0 0 0 0 1 256 257 226 227 228 258 288 286 287
258 18.5 8.5 3.0 0 0 0 1 288 257 258 259 228 229 289 227 287
259 19.5 8.5 3.0 0 0 0 1 288 289 258 259 260 229 230 290 228
260 20.5 8.5 3.0 0 0 0 1 289 290 259 260 261 230 231 291 229
261 21.5 8.5 3.0 0 0 0 1 230 290 291 260 261 262 231 232 292
262 22.5 8.5 3.0 0 0 0 1 291 292 261 262 263 232 233 231 293
263 23.5 8.5 3.0 0 0 0 1 294 292 293 262 263 232 233 234 264
264 24.5 8.5 3.0 0 0 0 1 295 293 294 263 264 233 234 235 265
265 25.5 8.5 3.0 0 0 0 1 294 295 264 265 234 235 236 296 266
266 26.5 8.5 3.0 0 0 0 1 235 295 296 265 266 267 236 237 297
267 27.5 8.5 3.0 0 0 0 1 296 236 266 267 268 237 238 297 298
268 28.5 8.5 3.0 0 0 0 1 299 297 298 267 268 269 238 237 239
269 29.5 8.5 3.0 0 0 0 1 298 299 268 269 238 239
270 0.5 9.5 3.0 0 0 0 1 300 301 270 271 240 241
271 1.5 9.5 3.0 0 0 0 1 272 300 301 270 271 240 241 242 302
272 2.5 9.5 3.0 0 0 0 1 273 301 302 271 272 241 242 243 303
273 3.5 9.5 3.0 0 0 0 1 304 274 302 303 272 273 242 243 244
274 4.5 9.5 3.0 0 0 0 1 243 305 303 304 273 274 275 244 245
275 5.5 9.5 3.0 0 0 0 1 306 304 305 274 275 276 245 246 244
276 6.5 9.5 3.0 0 0 0 1 307 305 306 275 276 277 246 247 245
277 7.5 9.5 3.0 0 0 0 1 246 306 307 276 277 278 247 248 308
278 8.5 9.5 3.0 0 0 0 1 247 307 308 277 278 279 248 249 309
279 9.5 9.5 3.0 0 0 0 1 310 280 308 309 278 279 248 249 250
280 10.5 9.5 3.0 0 0 0 1 311 279 309 310 281 280 249 250 251
281 11.5 9.5 3.0 0 0 0 1 312 310 311 280 281 250 251 252 282
282 12.5 9.5 3.0 0 0 0 1 251 313 311 312 281 282 283 252 253
283 13.5 9.5 3.0 0 0 0 1 314 252 312 313 282 283 284 253 254
284 14.5 9.5 3.0 0 0 0 1 315 253 313 314 283 284 285 254 255
285 15.5 9.5 3.0 0 0 0 1 256 316 254 314 315 284 285 286 255
286 16.5 9.5 3.0 0 0 0 1 256 257 315 317 255 316 285 286 287
287 17.5 9.5 3.0 0 0 0 1 256 257 258 288 318 316 317 286 287
288 18.5 9.5 3.0 0 0 0 1 288 257 258 259 289 319 317 318 287
289 19.5 9.5 3.0 0 0 0 1 288 289 258 259 260 290 320 318 319
290 20.5 9.5 3.0 0 0 0 1 320 289 290 259 260 261 321 291 319
291 21.5 9.5 3.0 0 0 0 1 320 321 290 291 292 261 262 322 260
292 22.5 9.5 3.0 0 0 0 1 321 322 291 292 293 262 263 323 261
293 23.5 9.5 3.0 0 0 0 1 262 323 292 293 294 263 264 322 324
294 24.5 9.5 3.0 0 0 0 1 323 324 293 294 295 264 265 263 325
295 25.5 9.5 3.0 0 0 0 1 324 325 294 295 264 265 266 296 326
296 26.5 9.5 3.0 0 0 0 1 327 325 326 295 296 265 266 267 297
297 27.5 9.5 3.0 0 0 0 1 326 327 296 297 266 267 268 328 298
298 28.5 9.5 3.0 0 0 0 1 299 327 328 297 298 267 268 269 329
299 29.5 9.5 3.0 0 0 0 1 328 329 298 299 268 269
300 0.5 10.5 3.0 0 0 0 1 330 331 300 301 270 271
301 1.5 10.5 3.0 0 0 0 1 332 330 331 300 301 302 271 272 270
302 2.5 10.5 3.0 0 0 0 1 331 332 301 302 303 272 273 333 271
303 3.5 10.5 3.0 0 0 0 1 304 332 333 302 303 272 273 274 334
304 4.5 10.5 3.0 0 0 0 1 305 333 334 303 304 273 274 275 335
305 5.5 10.5 3.0 0 0 0 1 336 306 334 335 304 305 274 275 276
306 6.5 10.5 3.0 0 0 0 1 337 307 335 336 305 306 275 276 277
307 7.5 10.5 3.0 0 0 0 1 338 336 337 306 307 308 277 278 276
308 8.5 10.5 3.0 0 0 0 1 339 337 338 307 308 309 278 279 277
309 9.5 10.5 3.0 0 0 0 1 278 338 339 308 309 310 279 280 340
310 10.5 10.5 3.0 0 0 0 1 279 339 340 309 310 311 280 281 341
311 11.5 10.5 3.0 0 0 0 1 342 312 340 341 310 311 280 281 282
312 12.5 10.5 3.0 0 0 0 1 343 311 341 342 313 312 281 282 283
313 13.5 10.5 3.0 0 0 0 1 344 342 343 312 313 282 283 284 314
314 14.5 10.5 3.0 0 0 0 1 315 343 344 313 314 283 284 285 345
315 15.5 10.5 3.0 0 0 0 1 284 346 344 345 314 315 316 285 286
316 16.5 10.5 3.0 0 0 0 1 347 285 345 346 315 316 317 286 287
317 17.5 10.5 3.0 0 0 0 1 288 348 286 346 347 316 317 318 287
318 18.5 10.5 3.0 0 0 0 1 288 289 347 349 287 348 317 318 319
319 19.5 10.5 3.0 0 0 0 1 288 289 290 320 350 348 349 318 319
320 20.5 10.5 3.0 0 0 0 1 320 289 290 291 321 351 349 350 319
321 21.5 10.5 3.0 0 0 0 1 320 321 290 291 292 322 352 350 351
322 22.5 10.5 3.0 0 0 0 1 352 321 322 323 292 293 353 291 351
323 23.5 10.5 3.0 0 0 0 1 352 353 322 323 324 293 294 354 292
324 24.5 10.5 3.0 0 0 0 1 353 354 323 324 325 294 295 355 293
325 25.5 10.5 3.0 0 0 0 1 354 294 324 325 326 295 296 355 356
326 26.5 10.5 3.0 0 0 0 1 355 356 325 326 327 296 297 295 357
327 27.5 10.5 3.0 0 0 0 1 356 357 326 327 296 297 298 328 358
328 28.5 10.5 3.0 0 0 0 1 359 357 358 327 328 297 298 299 329
329 29.5 10.5 3.0 0 0 0 1 358 359 328 329 298 299
330 0.5 11.5 3.0 0 0 0 1 360 361 330 331 300 301
331 1.5 11.5 3.0 0 0 0 1 360 300 330 331 332 301 302 361 362
332 2.5 11.5 3.0 0 0 0 1 363 361 362 331 332 333 302 301 303
333 3.5 11.5 3.0 0 0 0 1 364 362 363 332 333 334 303 304 302
334 4.5 11.5 3.0 0 0 0 1 363 364 333 334 335 304 305 365 303
335 5.5 11.5 3.0 0 0 0 1 336 364 365 334 335 304 305 306 366
336 6.5 11.5 3.0 0 0 0 1 337 365 366 335 336 305 306 307 367
337 7.5 11.5 3.0 0 0 0 1 368 338 366 367 336 337 306 307 308
338 8.5 11.5 3.0 0 0 0 1 369 307 367 368 337 338 339 308 309
339 9.5 11.5 3.0 0 0 0 1 370 368 369 338 339 340 309 310 308
340 10.5 11.5 3.0 0 0 0 1 371 369 370 339 340 341 310 311 309
341 11.5 11.5 3.0 0 0 0 1 310 370 371 340 341 342 311 312 372
342 12.5 11.5 3.0 0 0 0 1 311 371 372 341 342 343 312 313 373
343 13.5 11.5 3.0 0 0 0 1 374 344 372 373 342 343 312 313 314
344 14.5 11.5 3.0 0 0 0 1 375 343 373 374 345 344 313 314 315
345 15.5 11.5 3.0 0 0 0 1 376 374 375 344 345 314 315 316 346
346 16.5 11.5 3.0 0 0 0 1 315 375 376 345 346 347 316 317 377
347 17.5 11.5 3.0 0 0 0 1 316 378 376 377 346 347 348 317 318
348 18.5 11.5 3.0 0 0 0 1 379 317 377 378 347 348 349 318 319
349 19.5 11.5 3.0 0 0 0 1 320 380 318 378 379 348 349 350 319
350 20.5 11.5 3.0 0 0 0 1 320 321 379 381 319 380 349 350 351
351 21.5 11.5 3.0 0 0 0 1 320 321 322 352 382 380 381 350 351
352 22.5 11.5 3.0 0 0 0 1 352 321 322 323 353 383 381 382 351
353 23.5 11.5 3.0 0 0 0 1 352 353 322 323 324 354 384 382 383
354 24.5 11.5 3.0 0 0 0 1 384 353 354 355 324 325 385 323 383
355 25.5 11.5 3.0 0 0 0 1 384 385 354 355 356 325 326 386 324
356 26.5 11.5 3.0 0 0 0 1 385 386 355 356 357 326 327 387 325
357 27.5 11.5 3.0 0 0 0 1 386 387 356 357 358 327 328 326 388
358 28.5 11.5 3.0 0 0 0 1 387 388 357 358 359 328 329 327 389
359 29.5 11.5 3.0 0 0 0 1 388 389 358 359 328 329
360 0.5 12.5 3.0 0 0 0 1 390 391 360 361 330 331
361 1.5 12.5 3.0 0 0 0 1 390 391 360 361 330 331 332 392 362
362 2.5 12.5 3.0 0 0 0 1 331 391 392 361 362 363 332 333 393
363 3.5 12.5 3.0 0 0 0 1 392 332 362 363 364 333 334 393 394
364 4.5 12.5 3.0 0 0 0 1 395 393 394 363 364 365 334 333 335
365 5.5 12.5 3.0 0 0 0 1 396 394 395 364 365 366 335 336 334
366 6.5 12.5 3.0 0 0 0 1 395 396 365 366 367 336 337 397 335
367 7.5 12.5 3.0 0 0 0 1 368 396 397 366 367 336 337 338 398
368 8.5 12.5 3.0 0 0 0 1 369 397 398 367 368 337 338 339 399
369 9.5 12.5 3.0 0 0 0 1 400 370 398 399 368 369 338 339 340
370 10.5 12.5 3.0 0 0 0 1 401 339 399 400 369 370 371 340 341
371 11.5 12.5 3.0 0 0 0 1 402 400 401 370 371 372 341 342 340
372 12.5 12.5 3.0 0 0 0 1 403 401 402 371 372 373 342 343 341
373 13.5 12.5 3.0 0 0 0 1 342 402 403 372 373 374 343 344 404
374 14.5 12.5 3.0 0 0 0 1 343 403 404 373 374 375 344 345 405
375 15.5 12.5 3.0 0 0 0 1 406 376 404 405 374 375 344 345 346
376 16.5 12.5 3.0 0 0 0 1 407 375 405 406 377 376 345 346 347
377 17.5 12.5 3.0 0 0 0 1 408 406 407 376 377 346 347 348 378
378 18.5 12.5 3.0 0 0 0 1 409 347 407 408 377 378 379 348 349
379 19.5 12.5 3.0 0 0 0 1 348 410 408 409 378 379 380 349 350
380 20.5 12.5 3.0 0 0 0 1 411 349 409 410 379 380 381 350 351
381 21.5 12.5 3.0 0 0 0 1 352 412 350 410 411 380 381 382 351
382 22.5 12.5 3.0 0 0 0 1 352 353 411 413 351 412 381 382 383
383 23.5 12.5 3.0 0 0 0 1 352 353 354 384 414 412 413 382 383
384 24.5 12.5 3.0 0 0 0 1 384 353 354 355 385 415 413 414 383
385 25.5 12.5 3.0 0 0 0 1 384 385 354 355 356 386 416 414 415
386 26.5 12.5 3.0 0 0 0 1 416 385 386 387 356 357 417 355 415
387 27.5 12.5 3.0 0 0 0 1 416 417 386 387 388 357 358 418 356
388 28.5 12.5 3.0 0 0 0 1 417 418 387 388 389 358 359 419 357
389 29.5 12.5 3.0 0 0 0 1 418 419 388 389 358 359
390 0.5 13.5 3.0 0 0 0 1 420 421 390 391 360 361
391 1.5 13.5 3.0 0 0 0 1 420 421 390 391 360 361 362 392 422
392 2.5 13.5 3.0 0 0 0 1 421 422 391 392 361 362 363 393 423
393 3.5 13.5 3.0 0 0 0 1 422 423 392 393 362 363 364 424 394
394 4.5 13.5 3.0 0 0 0 1 363 423 424 393 394 395 364 365 425
395 5.5 13.5 3.0 0 0 0 1 424 364 394 395 396 365 366 425 426
396 6.5 13.5 3.0 0 0 0 1 427 425 426 395 396 397 366 365 367
397 7.5 13.5 3.0 0 0 0 1 428 426 427 396 397 398 367 368 366
398 8.5 13.5 3.0 0 0 0 1 427 428 397 398 399 368 369 429 367
399 9.5 13.5 3.0 0 0 0 1 400 428 429 398 399 368 369 370 430
400 10.5 13.5 3.0 0 0 0 1 401 429 430 399 400 369 370 371 431
401 11.5 13.5 3.0 0 0 0 1 432 402 430 431 400 401 370 371 372
402 12.5 13.5 3.0 0 0 0 1 433 371 431 432 401 402 403 372 373
403 13.5 13.5 3.0 0 0 0 1 434 432 433 402 403 404 373 374 372
404 14.5 13.5 3.0 0 0 0 1 435 433 434 403 404 405 374 375 373
405 15.5 13.5 3.0 0 0 0 1 374 434 435 404 405 406 375 376 436
406 16.5 13.5 3.0 0 0 0 1 375 435 436 405 406 407 376 377 437
407 17.5 13.5 3.0 0 0 0 1 438 408 436 437 406 407 376 377 378
408 18.5 13.5 3.0 0 0 0 1 439 407 437 438 409 408 377 378 379
409 19.5 13.5 3.0 0 0 0 1 440 438 439 408 409 378 379 380 410
410 20.5 13.5 3.0 0 0 0 1 441 379 439 440 409 410 411 380 381
411 21.5 13.5 3.0 0 0 0 1 380 440 441 410 411 412 381 382 442
412 22.5 13.5 3.0 0 0 0 1 443 381 441 442 411 412 413 382 383
413 23.5 13.5 3.0 0 0 0 1 384 444 382 442 443 412 413 414 383
414 24.5 13.5 3.0 0 0 0 1 384 385 443 445 383 444 413 414 415
415 25.5 13.5 3.0 0 0 0 1 384 385 386 416 446 444 445 414 415
416 26.5 13.5 3.0 0 0 0 1 416 385 386 387 417 447 445 446 415
417 27.5 13.5 3.0 0 0 0 1 416 417 386 387 388 418 448 446 447
418 28.5 13.5 3.0 0 0 0 1 448 417 418 419 388 389 449 387 447
419 29.5 13.5 3.0 0 0 0 1 448 449 418 419 388 389
420 0.5 14.5 3.0 0 0 0 1 450 451 420 421 390 391
421 1.5 14.5 3.0 0 0 0 1 450 451 420 421 422 391 392 452 390
422 2.5 14.5 3.0 0 0 0 1 451 452 421 422 423 392 393 391 453
423 3.5 14.5 3.0 0 0 0 1 452 453 422 423 392 393 394 454 424
424 4.5 14.5 3.0 0 0 0 1 453 454 423 424 393 394 395 425 455
425 5.5 14.5 3.0 0 0 0 1 454 455 424 425 394 395 396 456 426
426 6.5 14.5 3.0 0 0 0 1 395 455 456 425 426 427 396 397 457
427 7.5 14.5 3.0 0 0 0 1 456 396 426 427 428 397 398 457 458
428 8.5 14.5 3.0 0 0 0 1 459 457 458 427 428 429 398 397 399
429 9.5 14.5 3.0 0 0 0 1 460 458 459 428 429 430 399 400 398
430 10.5 14.5 3.0 0 0 0 1 459 460 429 430 431 400 401 461 399
431 11.5 14.5 3.0 0 0 0 1 432 460 461 430 431 400 401 402 462
432 12.5 14.5 3.0 0 0 0 1 433 461 462 431 432 401 402 403 463
433 13.5 14.5 3.0 0 0 0 1 464 434 462 463 432 433 402 403 404
434 14.5 14.5 3.0 0 0 0 1 465 403 463 464 433 434 435 404 405
435 15.5 14.5 3.0 0 0 0 1 466 464 465 434 435 436 405 406 404
436 16.5 14.5 3.0 0 0 0 1 467 465 466 435 436 437 406 407 405
437 17.5 14.5 3.0 0 0 0 1 406 466 467 436 437 438 407 408 468
438 18.5 14.5 3.0 0 0 0 1 407 467 468 437 438 439 408 409 469
439 19.5 14.5 3.0 0 0 0 1 470 440 468 469 438 439 408 409 410
440 20.5 14.5 3.0 0 0 0 1 471 439 469 470 441 440 409 410 411
441 21.5 14.5 3.0 0 0 0 1 472 470 471 440 441 410 411 412 442
442 22.5 14.5 3.0 0 0 0 1 473 411 471 472 441 442 443 412 413
443 23.5 14.5 3.0 0 0 0 1 474 412 472 473 442 443 444 413 414
444 24.5 14.5 3.0 0 0 0 1 475 413 473 474 443 444 445 414 415
445 25.5 14.5 3.0 0 0 0 1 416 476 414 474 475 444 445 446 415
446 26.5 14.5 3.0 0 0 0 1 416 417 475 477 415 476 445 446 447
447 27.5 14.5 3.0 0 0 0 1 416 417 418 448 478 476 477 446 447
448 28.5 14.5 3.0 0 0 0 1 448 417 418 419 449 479 477 478 447
449 29.5 14.5 3.0 0 0 0 1 448 449 418 419 478 479
450 0.5 15.5 3.0 0 0 0 1 480 481 450 451 420 421
451 1.5 15.5 3.0 0 0 0 1 480 481 450 451 452 421 422 482 420
452 2.5 15.5 3.0 0 0 0 1 481 482 451 452 453 422 423 483 421
453 3.5 15.5 3.0 0 0 0 1 482 483 452 453 454 422 424 423 484
454 4.5 15.5 3.0 0 0 0 1 483 484 453 454 455 424 425 423 485
455 5.5 15.5 3.0 0 0 0 1 484 485 454 455 424 425 426 486 456
456 6.5 15.5 3.0 0 0 0 1 487 485 486 455 456 425 426 427 457
457 7.5 15.5 3.0 0 0 0 1 486 487 456 457 426 427 428 488 458
458 8.5 15.5 3.0 0 0 0 1 459 487 488 457 458 427 428 429 489
459 9.5 15.5 3.0 0 0 0 1 488 428 458 459 460 429 430 489 490
460 10.5 15.5 3.0 0 0 0 1 491 489 490 459 460 461 430 429 431
461 11.5 15.5 3.0 0 0 0 1 492 490 491 460 461 462 431 432 430
462 12.5 15.5 3.0 0 0 0 1 493 491 492 461 462 463 432 433 431
463 13.5 15.5 3.0 0 0 0 1 464 492 493 462 463 432 433 434 494
464 14.5 15.5 3.0 0 0 0 1 465 493 494 463 464 433 434 435 495
465 15.5 15.5 3.0 0 0 0 1 496 466 494 495 464 465 434 435 436
466 16.5 15.5 3.0 0 0 0 1 497 467 495 496 465 466 435 436 437
467 17.5 15.5 3.0 0 0 0 1 498 496 497 466 467 468 437 438 436
468 18.5 15.5 3.0 0 0 0 1 499 497 498 467 468 469 438 439 437
469 19.5 15.5 3.0 0 0 0 1 438 498 499 468 469 470 439 440 500
470 20.5 15.5 3.0 0 0 0 1 439 499 500 469 470 471 440 441 501
471 21.5 15.5 3.0 0 0 0 1 502 472 500 501 470 471 440 441 442
472 22.5 15.5 3.0 0 0 0 1 503 471 501 502 473 472 441 442 443
473 23.5 15.5 3.0 0 0 0 1 504 502 503 472 473 442 443 444 474
474 24.5 15.5 3.0 0 0 0 1 475 505 503 504 473 474 443 444 445
475 25.5 15.5 3.0 0 0 0 1 506 444 504 505 474 475 476 445 446
476 26.5 15.5 3.0 0 0 0 1 507 445 505 506 475 476 477 446 447
477 27.5 15.5 3.0 0 0 0 1 448 508 446 506 507 476 477 478 447
478 28.5 15.5 3.0 0 0 0 1 448 449 507 509 447 508 477 478 479
479 29.5 15.5 3.0 0 0 0 1 448 449 508 509 478 479
480 0.5 16.5 3.0 0 0 0 1 480 481 450 451 510 511
481 1.5 16.5 3.0 0 0 0 1 480 481 450 451 452 482 512 510 511
482 2.5 16.5 3.0 0 0 0 1 512 481 482 451 452 453 513 483 511
483 3.5 16.5 3.0 0 0 0 1 512 513 482 483 484 453 454 514 452
484 4.5 16.5 3.0 0 0 0 1 513 514 483 484 485 454 455 515 453
485 5.5 16.5 3.0 0 0 0 1 514 515 484 485 486 455 456 454 516
486 6.5 16.5 3.0 0 0 0 1 515 516 485 486 487 456 457 455 517
487 7.5 16.5 3.0 0 0 0 1 516 517 486 487 456 457 458 488 518
488 8.5 16.5 3.0 0 0 0 1 517 518 487 488 457 458 459 519 489
489 9.5 16.5 3.0 0 0 0 1 518 519 488 489 458 459 460 520 490
490 10.5 16.5 3.0 0 0 0 1 491 519 520 489 490 459 460 461 521
491 11.5 16.5 3.0 0 0 0 1 520 460 490 491 492 461 462 521 522
492 12.5 16.5 3.0 0 0 0 1 523 521 522 491 492 493 462 461 463
493 13.5 16.5 3.0 0 0 0 1 524 522 523 492 493 494 463 464 462
494 14.5 16.5 3.0 0 0 0 1 523 524 493 494 495 464 465 463 525
495 15.5 16.5 3.0 0 0 0 1 496 524 525 494 495 464 465 466 526
496 16.5 16.5 3.0 0 0 0 1 497 525 526 495 496 465 466 467 527
497 17.5 16.5 3.0 0 0 0 1 528 498 526 527 496 497 466 467 468
498 18.5 16.5 3.0 0 0 0 1 529 499 528 497 498 467 468 469 527
499 19.5 16.5 3.0 0 0 0 1 530 528 529 498 499 500 469 470 468
500 20.5 16.5 3.0 0 0 0 1 531 529 530 499 500 501 470 471 469
501 21.5 16.5 3.0 0 0 0 1 470 530 531 500 501 502 471 472 532
502 22.5 16.5 3.0 0 0 0 1 471 531 532 501 502 503 472 473 533
503 23.5 16.5 3.0 0 0 0 1 534 504 532 533 502 503 472 473 474
504 24.5 16.5 3.0 0 0 0 1 535 503 533 534 505 504 473 474 475
505 25.5 16.5 3.0 0 0 0 1 536 534 535 504 505 474 475 476 506
506 26.5 16.5 3.0 0 0 0 1 507 537 535 536 505 506 475 476 477
507 27.5 16.5 3.0 0 0 0 1 538 476 536 537 506 507 508 477 478
508 28.5 16.5 3.0 0 0 0 1 539 477 537 538 507 508 509 478 479
509 29.5 16.5 3.0 0 0 0 1 538 539 508 509 478 479
510 0.5 17.5 3.0 0 0 0 1 480 481 540 541 510 511
511 1.5 17.5 3.0 0 0 0 1 480 481 482 542 512 540 541 510 511
512 2.5 17.5 3.0 0 0 0 1 512 481 482 483 513 543 541 542 511
513 3.5 17.5 3.0 0 0 0 1 512 513 482 483 484 514 544 542 543
514 4.5 17.5 3.0 0 0 0 1 544 513 514 515 484 485 545 483 543
515 5.5 17.5 3.0 0 0 0 1 544 545 514 515 516 485 486 546 484
516 6.5 17.5 3.0 0 0 0 1 545 546 515 516 517 486 487 547 485
517 7.5 17.5 3.0 0 0 0 1 546 547 516 517 518 487 488 486 548
518 8.5 17.5 3.0 0 0 0 1 547 548 517 518 519 488 489 487 549
519 9.5 17.5 3.0 0 0 0 1 548 549 518 519 488 489 490 550 520
520 10.5 17.5 3.0 0 0 0 1 549 550 519 520 489 490 491 551 521
521 11.5 17.5 3.0 0 0 0 1 550 551 520 521 490 491 492 552 522
522 12.5 17.5 3.0 0 0 0 1 491 551 552 521 522 523 492 493 553
523 13.5 17.5 3.0 0 0 0 1 552 492 522 523 524 493 494 553 554
524 14.5 17.5 3.0 0 0 0 1 555 553 554 523 524 525 494 493 495
525 15.5 17.5 3.0 0 0 0 1 556 554 555 524 525 526 495 496 494
526 16.5 17.5 3.0 0 0 0 1 555 556 525 526 527 496 497 495 557
527 17.5 17.5 3.0 0 0 0 1 528 556 557 526 527 496 497 498 558
528 18.5 17.5 3.0 0 0 0 1 529 557 558 527 528 497 498 499 559
529 19.5 17.5 3.0 0 0 0 1 560 530 558 559 528 529 498 499 500
530 20.5 17.5 3.0 0 0 0 1 561 499 560 529 530 531 500 501 559
531 21.5 17.5 3.0 0 0 0 1 562 560 561 530 531 532 501 502 500
532 22.5 17.5 3.0 0 0 0 1 563 561 562 531 532 533 502 503 501
533 23.5 17.5 3.0 0 0 0 1 502 562 563 532 533 534 503 504 564
534 24.5 17.5 3.0 0 0 0 1 503 563 564 533 534 535 504 505 565
535 25.5 17.5 3.0 0 0 0 1 566 536 564 565 534 535 504 505 506
536 26.5 17.5 3.0 0 0 0 1 567 535 565 566 537 536 505 506 507
537 27.5 17.5 3.0 0 0 0 1 568 566 567 536 537 506 507 508 538
538 28.5 17.5 3.0 0 0 0 1 507 569 567 568 537 538 539 508 509
539 29.5 17.5 3.0 0 0 0 1 568 569 538 539 508 509
540 0.5 18.5 3.0 0 0 0 1 570 571 540 541 510 511
541 1.5 18.5 3.0 0 0 0 1 512 572 510 570 571 540 541 542 511
542 2.5 18.5 3.0 0 0 0 1 512 513 571 573 511 572 541 542 543
543 3.5 18.5 3.0 0 0 0 1 512 513 514 574 544 572 573 542 543
544 4.5 18.5 3.0 0 0 0 1 544 513 514 515 545 575 573 574 543
545 5.5 18.5 3.0 0 0 0 1 544 545 514 515 516 546 576 574 575
546 6.5 18.5 3.0 0 0 0 1 576 545 546 515 516 517 577 547 575
547 7.5 18.5 3.0 0 0 0 1 576 577 546 547 548 517 518 578 516
548 8.5 18.5 3.0 0 0 0 1 577 578 547 548 549 518 519 579 517
549 9.5 18.5 3.0 0 0 0 1 578 579 548 549 550 519 520 518 580
550 10.5 18.5 3.0 0 0 0 1 579 580 549 550 551 520 521 519 581
551 11.5 18.5 3.0 0 0 0 1 580 581 550 551 520 521 522 582 552
552 12.5 18.5 3.0 0 0 0 1 581 582 551 552 521 522 523 583 553
553 13.5 18.5 3.0 0 0 0 1 582 583 552 553 522 523 524 584 554
554 14.5 18.5 3.0 0 0 0 1 555 583 584 553 554 523 524 525 585
555 15.5 18.5 3.0 0 0 0 1 584 524 554 555 556 525 526 585 586
556 16.5 18.5 3.0 0 0 0 1 587 585 586 555 556 557 526 525 527
557 17.5 18.5 3.0 0 0 0 1 588 586 587 556 557 558 527 528 526
558 18.5 18.5 3.0 0 0 0 1 587 588 557 558 559 528 529 527 589
559 19.5 18.5 3.0 0 0 0 1 560 588 589 558 559 528 529 530 590
560 20.5 18.5 3.0 0 0 0 1 561 589 590 559 560 529 530 531 591
561 21.5 18.5 3.0 0 0 0 1 592 562 590 591 560 561 530 531 532
562 22.5 18.5 3.0 0 0 0 1 593 591 592 561 562 531 532 533 563
563 23.5 18.5 3.0 0 0 0 1 594 592 593 562 563 564 533 534 532
564 24.5 18.5 3.0 0 0 0 1 593 594 563 564 565 534 535 595 533
565 25.5 18.5 3.0 0 0 0 1 534 594 595 564 565 566 535 536 596
566 26.5 18.5 3.0 0 0 0 1 535 595 596 565 566 567 536 537 597
567 27.5 18.5 3.0 0 0 0 1 598 568 596 597 566 567 536 537 538
568 28.5 18.5 3.0 0 0 0 1 599 567 597 598 569 568 537 538 539
569 29.5 18.5 3.0 0 0 0 1 598 599 568 569 538 539
570 0.5 19.5 3.0 0 0 0 1 600 601 570 571 540 541
571 1.5 19.5 3.0 0 0 0 1 602 540 600 601 570 571 572 541 542
572 2.5 19.5 3.0 0 0 0 1 603 541 601 602 571 572 573 542 543
573 3.5 19.5 3.0 0 0 0 1 544 604 542 602 603 572 573 574 543
574 4.5 19.5 3.0 0 0 0 1 544 545 603 605 543 604 573 574 575
575 5.5 19.5 3.0 0 0 0 1 544 545 546 606 576 604 605 574 575
576 6.5 19.5 3.0 0 0 0 1 576 545 546 547 577 607 605 606 575
577 7.5 19.5 3.0 0 0 0 1 576 577 546 547 548 578 608 606 607
578 8.5 19.5 3.0 0 0 0 1 608 577 578 579 548 549 609 547 607
579 9.5 19.5 3.0 0 0 0 1 608 609 578 579 580 549 550 610 548
580 10.5 19.5 3.0 0 0 0 1 609 610 579 580 581 550 551 611 549
581 11.5 19.5 3.0 0 0 0 1 610 611 580 581 582 551 552 550 612
582 12.5 19.5 3.0 0 0 0 1 611 612 581 582 583 552 553 551 613
583 13.5 19.5 3.0 0 0 0 1 612 613 582 583 552 553 554 614 584
584 14.5 19.5 3.0 0 0 0 1 613 614 583 584 553 554 555 585 615
585 15.5 19.5 3.0 0 0 0 1 614 615 584 585 554 555 556 616 586
586 16.5 19.5 3.0 0 0 0 1 555 615 616 585 586 587 556 557 617
587 17.5 19.5 3.0 0 0 0 1 616 556 586 587 588 557 558 617 618
588 18.5 19.5 3.0 0 0 0 1 619 617 618 587 588 589 558 557 559
589 19.5 19.5 3.0 0 0 0 1 620 618 619 588 589 590 559 560 558
590 20.5 19.5 3.0 0 0 0 1 619 620 589 590 591 560 561 559 621
591 21.5 19.5 3.0 0 0 0 1 592 620 621 590 591 560 561 562 622
592 22.5 19.5 3.0 0 0 0 1 593 621 622 591 592 561 562 563 623
593 23.5 19.5 3.0 0 0 0 1 624 594 622 623 592 593 562 563 564
594 24.5 19.5 3.0 0 0 0 1 625 623 624 593 594 595 564 565 563
595 25.5 19.5 3.0 0 0 0 1 626 624 625 594 595 596 565 566 564
596 26.5 19.5 3.0 0 0 0 1 627 625 626 595 596 597 566 567 565
597 27.5 19.5 3.0 0 0 0 1 566 626 627 596 597 598 567 568 628
598 28.5 19.5 3.0 0 0 0 1 567 627 628 597 598 599 568 569 629
599 29.5 19.5 3.0 0 0 0 1 628 629 598 599 568 569
600 0.5 20.5 3.0 0 0 0 1 630 631 600 601 570 571
601 1.5 20.5 3.0 0 0 0 1 632 630 631 600 601 570 571 572 602
602 2.5 20.5 3.0 0 0 0 1 571 633 631 632 601 602 603 572 573
603 3.5 20.5 3.0 0 0 0 1 634 572 632 633 602 603 604 573 574
604 4.5 20.5 3.0 0 0 0 1 635 573 633 634 603 604 605 574 575
605 5.5 20.5 3.0 0 0 0 1 576 636 574 634 635 604 605 606 575
606 6.5 20.5 3.0 0 0 0 1 576 577 635 637 575 636 605 606 607
607 7.5 20.5 3.0 0 0 0 1 576 577 578 638 608 636 637 606 607
608 8.5 20.5 3.0 0 0 0 1 608 577 578 579 609 639 637 638 607
609 9.5 20.5 3.0 0 0 0 1 608 609 578 579 580 610 640 638 639
610 10.5 20.5 3.0 0 0 0 1 640 609 610 611 580 581 641 579 639
611 11.5 20.5 3.0 0 0 0 1 640 641 610 611 612 581 582 642 580
612 12.5 20.5 3.0 0 0 0 1 641 642 611 612 613 582 583 643 581
613 13.5 20.5 3.0 0 0 0 1 642 643 612 613 614 583 584 582 644
614 14.5 20.5 3.0 0 0 0 1 643 644 613 614 615 584 585 583 645
615 15.5 20.5 3.0 0 0 0 1 644 645 614 615 584 585 586 646 616
616 16.5 20.5 3.0 0 0 0 1 645 646 615 616 585 586 587 647 617
617 17.5 20.5 3.0 0 0 0 1 646 647 616 617 586 587 588 648 618
618 18.5 20.5 3.0 0 0 0 1 587 647 648 617 618 619 588 589 649
619 19.5 20.5 3.0 0 0 0 1 648 588 618 619 620 589 590 649 650
620 20.5 20.5 3.0 0 0 0 1 651 649 650 619 620 621 590 589 591
621 21.5 20.5 3.0 0 0 0 1 652 650 651 620 621 622 591 592 590
622 22.5 20.5 3.0 0 0 0 1 653 651 652 621 622 623 592 593 591
623 23.5 20.5 3.0 0 0 0 1 624 652 653 622 623 592 593 594 654
624 24.5 20.5 3.0 0 0 0 1 625 653 654 623 624 593 594 595 655
625 25.5 20.5 3.0 0 0 0 1 656 626 654 655 624 625 594 595 596
626 26.5 20.5 3.0 0 0 0 1 657 655 656 625 626 627 596 597 595
627 27.5 20.5 3.0 0 0 0 1 658 656 657 626 627 628 597 598 596
628 28.5 20.5 3.0 0 0 0 1 659 657 658 627 628 629 598 599 597
629 29.5 20.5 3.0 0 0 0 1 658 659 628 629 598 599
630 0.5 21.5 3.0 0 0 0 1 660 661 630 631 600 601
631 1.5 21.5 3.0 0 0 0 1 662 632 660 661 630 631 600 601 602
632 2.5 21.5 3.0 0 0 0 1 631 663 661 662 633 632 601 602 603
633 3.5 21.5 3.0 0 0 0 1 664 662 663 632 633 602 603 604 634
634 4.5 21.5 3.0 0 0 0 1 603 665 663 664 633 634 635 604 605
635 5.5 21.5 3.0 0 0 0 1 666 604 664 665 634 635 636 605 606
636 6.5 21.5 3.0 0 0 0 1 667 605 665 666 635 636 637 606 607
637 7.5 21.5 3.0 0 0 0 1 608 668 606 666 667 636 637 638 607
638 8.5 21.5 3.0 0 0 0 1 608 609 667 669 607 668 637 638 639
639 9.5 21.5 3.0 0 0 0 1 608 609 610 670 640 668 669 638 639
640 10.5 21.5 3.0 0 0 0 1 640 609 610 611 641 671 669 670 639
641 11.5 21.5 3.0 0 0 0 1 640 641 610 611 612 642 672 670 671
642 12.5 21.5 3.0 0 0 0 1 672 641 642 643 612 613 673 611 671
643 13.5 21.5 3.0 0 0 0 1 672 673 642 643 644 613 614 674 612
644 14.5 21.5 3.0 0 0 0 1 673 674 643 644 645 614 615 675 613
645 15.5 21.5 3.0 0 0 0 1 674 675 644 645 646 615 616 614 676
646 16.5 21.5 3.0 0 0 0 1 675 676 645 646 647 616 617 615 677
647 17.5 21.5 3.0 0 0 0 1 676 677 646 647 616 617 618 678 648
648 18.5 21.5 3.0 0 0 0 1 677 678 647 648 617 618 619 679 649
649 19.5 21.5 3.0 0 0 0 1 678 679 648 649 618 619 620 680 650
650 20.5 21.5 3.0 0 0 0 1 619 679 680 649 650 651 620 621 681
651 21.5 21.5 3.0 0 0 0 1 680 620 650 651 652 621 622 681 682
652 22.5 21.5 3.0 0 0 0 1 683 681 682 651 652 653 622 621 623
653 23.5 21.5 3.0 0 0 0 1 684 682 683 652 653 654 623 624 622
654 24.5 21.5 3.0 0 0 0 1 685 683 684 653 654 655 624 625 623
655 25.5 21.5 3.0 0 0 0 1 656 684 685 654 655 624 625 626 686
656 26.5 21.5 3.0 0 0 0 1 657 685 686 655 656 625 626 627 687
657 27.5 21.5 3.0 0 0 0 1 688 658 686 687 656 657 626 627 628
658 28.5 21.5 3.0 0 0 0 1 627 689 687 688 657 658 659 628 629
659 29.5 21.5 3.0 0 0 0 1 688 689 658 659 628 629
660 0.5 22.5 3.0 0 0 0 1 690 691 660 661 630 631
661 1.5 22.5 3.0 0 0 0 1 630 690 691 660 661 662 631 632 692
662 2.5 22.5 3.0 0 0 0 1 631 691 692 661 662 663 632 633 693
663 3.5 22.5 3.0 0 0 0 1 694 664 692 693 662 663 632 633 634
664 4.5 22.5 3.0 0 0 0 1 663 695 693 694 665 664 633 634 635
665 5.5 22.5 3.0 0 0 0 1 696 694 695 664 665 634 635 636 666
666 6.5 22.5 3.0 0 0 0 1 635 697 695 696 665 666 667 636 637
667 7.5 22.5 3.0 0 0 0 1 698 636 696 697 666 667 668 637 638
668 8.5 22.5 3.0 0 0 0 1 699 637 697 698 667 668 669 638 639
669 9.5 22.5 3.0 0 0 0 1 640 700 638 698 699 668 669 670 639
670 10.5 22.5 3.0 0 0 0 1 640 641 699 701 639 700 669 670 671
671 11.5 22.5 3.0 0 0 0 1 640 641 642 702 672 700 701 670 671
672 12.5 22.5 3.0 0 0 0 1 672 641 642 643 673 703 701 702 671
673 13.5 22.5 3.0 0 0 0 1 672 673 642 643 644 674 704 702 703
674 14.5 22.5 3.0 0 0 0 1 704 673 674 675 644 645 705 643 703
675 15.5 22.5 3.0 0 0 0 1 704 705 674 675 676 645 646 706 644
676 16.5 22.5 3.0 0 0 0 1 705 706 675 676 677 646 647 707 645
677 17.5 22.5 3.0 0 0 0 1 706 707 676 677 678 647 648 646 708
678 18.5 22.5 3.0 0 0 0 1 707 708 677 678 679 648 649 647 709
679 19.5 22.5 3.0 0 0 0 1 708 709 678 679 648 649 650 710 680
680 20.5 22.5 3.0 0 0 0 1 709 710 679 680 649 650 651 711 681
681 21.5 22.5 3.0 0 0 0 1 710 711 680 681 650 651 652 712 682
682 22.5 22.5 3.0 0 0 0 1 651 711 712 681 682 683 652 653 713
683 23.5 22.5 3.0 0 0 0 1 712 652 682 683 684 653 654 713 714
684 24.5 22.5 3.0 0 0 0 1 715 713 714 683 684 685 654 653 655
685 25.5 22.5 3.0 0 0 0 1 716 714 715 684 685 686 655 656 654
686 26.5 22.5 3.0 0 0 0 1 717 715 716 685 686 687 656 657 655
687 27.5 22.5 3.0 0 0 0 1 688 716 717 686 687 656 657 658 718
688 28.5 22.5 3.0 0 0 0 1 689 717 718 687 688 657 658 659 719
689 29.5 22.5 3.0 0 0 0 1 718 719 688 689 658 659
690 0.5 23.5 3.0 0 0 0 1 720 721 690 691 660 661
691 1.5 23.5 3.0 0 0 0 1 722 720 721 690 691 692 661 662 660
692 2.5 23.5 3.0 0 0 0 1 723 721 722 691 692 693 662 663 661
693 3.5 23.5 3.0 0 0 0 1 662 722 723 692 693 694 663 664 724
694 4.5 23.5 3.0 0 0 0 1 663 723 724 693 694 695 664 665 725
695 5.5 23.5 3.0 0 0 0 1 726 696 724 725 694 695 664 665 666
696 6.5 23.5 3.0 0 0 0 1 695 727 725 726 697 696 665 666 667
697 7.5 23.5 3.0 0 0 0 1 728 726 727 696 697 666 667 668 698
698 8.5 23.5 3.0 0 0 0 1 667 729 727 728 697 698 699 668 669
699 9.5 23.5 3.0 0 0 0 1 730 668 728 729 698 699 700 669 670
700 10.5 23.5 3.0 0 0 0 1 731 669 729 730 699 700 701 670 671
701 11.5 23.5 3.0 0 0 0 1 672 732 670 730 731 700 701 702 671
702 12.5 23.5 3.0 0 0 0 1 672 673 731 733 671 732 701 702 703
703 13.5 23.5 3.0 0 0 0 1 672 673 674 732 734 704 733 702 703
704 14.5 23.5 3.0 0 0 0 1 704 673 674 675 705 735 733 734 703
705 15.5 23.5 3.0 0 0 0 1 704 705 674 675 676 706 736 734 735
706 16.5 23.5 3.0 0 0 0 1 736 705 706 675 676 677 737 707 735
707 17.5 23.5 3.0 0 0 0 1 736 737 706 707 708 677 678 738 676
708 18.5 23.5 3.0 0 0 0 1 737 738 707 708 709 678 679 739 677
709 19.5 23.5 3.0 0 0 0 1 738 739 708 709 710 679 680 678 740
710 20.5 23.5 3.0 0 0 0 1 739 740 709 710 711 680 681 679 741
711 21.5 23.5 3.0 0 0 0 1 740 741 710 711 680 681 682 712 742
712 22.5 23.5 3.0 0 0 0 1 741 742 711 712 681 682 683 743 713
713 23.5 23.5 3.0 0 0 0 1 742 743 712 713 682 683 684 744 714
714 24.5 23.5 3.0 0 0 0 1 715 743 744 713 714 683 684 685 745
715 25.5 23.5 3.0 0 0 0 1 744 684 714 715 716 685 686 745 746
716 26.5 23.5 3.0 0 0 0 1 747 745 746 715 716 717 686 685 687
717 27.5 23.5 3.0 0 0 0 1 748 746 747 716 717 718 687 688 686
718 28.5 23.5 3.0 0 0 0 1 749 747 748 717 718 719 688 689 687
719 29.5 23.5 3.0 0 0 0 1 748 749 718 719 688 689
720 0.5 24.5 3.0 0 0 0 1 750 751 720 721 690 691
721 1.5 24.5 3.0 0 0 0 1 752 722 750 751 720 721 690 691 692
722 2.5 24.5 3.0 0 0 0 1 753 751 752 721 722 691 692 693 723
723 3.5 24.5 3.0 0 0 0 1 754 752 753 722 723 724 693 694 692
724 4.5 24.5 3.0 0 0 0 1 755 753 754 723 724 725 694 695 693
725 5.5 24.5 3.0 0 0 0 1 694 754 755 724 725 726 695 696 756
726 6.5 24.5 3.0 0 0 0 1 695 755 756 725 726 727 696 697 757
727 7.5 24.5 3.0 0 0 0 1 758 728 756 757 726 727 696 697 698
728 8.5 24.5 3.0 0 0 0 1 727 759 757 758 729 728 697 698 699
729 9.5 24.5 3.0 0 0 0 1 760 758 759 728 729 698 699 700 730
730 10.5 24.5 3.0 0 0 0 1 731 761 759 760 729 730 699 700 701
731 11.5 24.5 3.0 0 0 0 1 700 762 760 761 730 731 732 701 702
732 12.5 24.5 3.0 0 0 0 1 763 701 761 762 731 732 733 702 703
733 13.5 24.5 3.0 0 0 0 1 704 764 702 762 763 732 733 734 703
734 14.5 24.5 3.0 0 0 0 1 704 705 763 765 703 764 733 734 735
735 15.5 24.5 3.0 0 0 0 1 704 705 706 765 766 764 736 734 735
736 16.5 24.5 3.0 0 0 0 1 736 705 706 707 737 767 765 766 735
737 17.5 24.5 3.0 0 0 0 1 736 737 706 707 708 738 768 766 767
738 18.5 24.5 3.0 0 0 0 1 768 737 738 707 708 709 769 739 767
739 19.5 24.5 3.0 0 0 0 1 768 769 738 739 740 709 710 770 708
740 20.5 24.5 3.0 0 0 0 1 769 770 739 740 741 710 711 771 709
741 21.5 24.5 3.0 0 0 0 1 770 771 740 741 742 711 712 710 772
742 22.5 24.5 3.0 0 0 0 1 771 772 741 742 743 712 713 711 773
743 23.5 24.5 3.0 0 0 0 1 772 773 742 743 712 713 714 744 774
744 24.5 24.5 3.0 0 0 0 1 773 774 743 744 713 714 715 775 745
745 25.5 24.5 3.0 0 0 0 1 774 775 744 745 714 715 716 776 746
746 26.5 24.5 3.0 0 0 0 1 747 775 776 745 746 715 716 717 777
747 27.5 24.5 3.0 0 0 0 1 776 716 746 747 748 717 718 777 778
748 28.5 24.5 3.0 0 0 0 1 779 777 778 747 748 749 718 717 719
749 29.5 24.5 3.0 0 0 0 1 778 779 748 749 718 719
750 0.5 25.5 3.0 0 0 0 1 780 781 750 751 720 721
751 1.5 25.5 3.0 0 0 0 1 752 780 781 750 751 720 721 722 782
752 2.5 25.5 3.0 0 0 0 1 753 781 782 751 752 721 722 723 783
753 3.5 25.5 3.0 0 0 0 1 784 754 782 783 752 753 722 723 724
754 4.5 25.5 3.0 0 0 0 1 785 783 784 753 754 723 724 725 755
755 5.5 25.5 3.0 0 0 0 1 786 784 785 754 755 756 725 726 724
756 6.5 25.5 3.0 0 0 0 1 785 786 755 756 757 726 727 787 725
757 7.5 25.5 3.0 0 0 0 1 726 786 787 756 757 758 727 728 788
758 8.5 25.5 3.0 0 0 0 1 727 787 788 757 758 759 728 729 789
759 9.5 25.5 3.0 0 0 0 1 790 760 788 789 758 759 728 729 730
760 10.5 25.5 3.0 0 0 0 1 759 791 789 790 761 760 729 730 731
761 11.5 25.5 3.0 0 0 0 1 792 790 791 760 761 730 731 732 762
762 12.5 25.5 3.0 0 0 0 1 763 793 791 792 761 762 731 732 733
763 13.5 25.5 3.0 0 0 0 1 732 794 792 793 762 763 764 733 734
764 14.5 25.5 3.0 0 0 0 1 795 733 793 794 763 764 765 734 735
765 15.5 25.5 3.0 0 0 0 1 736 796 734 794 795 764 765 766 735
766 16.5 25.5 3.0 0 0 0 1 736 737 795 797 735 796 765 766 767
767 17.5 25.5 3.0 0 0 0 1 736 737 738 798 766 796 797 768 767
768 18.5 25.5 3.0 0 0 0 1 768 737 738 739 769 799 797 798 767
769 19.5 25.5 3.0 0 0 0 1 768 769 738 739 740 770 800 798 799
770 20.5 25.5 3.0 0 0 0 1 800 769 770 771 740 741 801 739 799
771 21.5 25.5 3.0 0 0 0 1 800 801 770 771 772 741 742 802 740
772 22.5 25.5 3.0 0 0 0 1 801 802 771 772 773 742 743 803 741
773 23.5 25.5 3.0 0 0 0 1 802 803 772 773 774 743 744 742 804
774 24.5 25.5 3.0 0 0 0 1 803 804 773 774 775 744 745 743 805
775 25.5 25.5 3.0 0 0 0 1 804 805 774 775 744 745 746 776 806
776 26.5 25.5 3.0 0 0 0 1 805 806 775 776 745 746 747 807 777
777 27.5 25.5 3.0 0 0 0 1 806 807 776 777 746 747 748 808 778
778 28.5 25.5 3.0 0 0 0 1 747 807 808 777 778 779 748 749 809
779 29.5 25.5 3.0 0 0 0 1 808 809 778 779 748 749
780 0.5 26.5 3.0 0 0 0 1 810 811 780 781 750 751
781 1.5 26.5 3.0 0 0 0 1 812 810 811 780 781 782 751 752 750
782 2.5 26.5 3.0 0 0 0 1 813 811 812 781 782 783 752 753 751
783 3.5 26.5 3.0 0 0 0 1 784 812 813 782 783 752 753 754 814
784 4.5 26.5 3.0 0 0 0 1 785 813 814 783 784 753 754 755 815
785 5.5 26.5 3.0 0 0 0 1 816 786 814 815 784 785 754 755 756
786 6.5 26.5 3.0 0 0 0 1 817 815 816 785 786 787 756 757 755
787 7.5 26.5 3.0 0 0 0 1 818 816 817 786 787 788 757 758 756
788 8.5 26.5 3.0 0 0 0 1 817 818 787 788 789 758 759 819 757
789 9.5 26.5 3.0 0 0 0 1 758 818 819 788 789 790 759 760 820
790 10.5 26.5 3.0 0 0 0 1 759 819 820 789 790 791 760 761 821
791 11.5 26.5 3.0 0 0 0 1 822 792 820 821 790 791 760 761 762
792 12.5 26.5 3.0 0 0 0 1 791 823 821 822 793 792 761 762 763
793 13.5 26.5 3.0 0 0 0 1 824 822 823 792 793 762 763 764 794
794 14.5 26.5 3.0 0 0 0 1 763 825 823 824 793 794 795 764 765
795 15.5 26.5 3.0 0 0 0 1 764 826 824 825 794 795 796 765 766
796 16.5 26.5 3.0 0 0 0 1 827 765 825 826 795 796 797 766 767
797 17.5 26.5 3.0 0 0 0 1 768 828 766 826 827 796 797 798 767
798 18.5 26.5 3.0 0 0 0 1 768 769 827 829 767 828 797 798 799
799 19.5 26.5 3.0 0 0 0 1 768 769 770 830 799 828 829 798 800
800 20.5 26.5 3.0 0 0 0 1 800 769 770 771 801 831 829 830 799
801 21.5 26.5 3.0 0 0 0 1 800 801 770 771 772 832 802 830 831
802 22.5 26.5 3.0 0 0 0 1 832 801 802 771 772 773 833 803 831
803 23.5 26.5 3.0 0 0 0 1 832 833 802 803 804 773 774 834 772
804 24.5 26.5 3.0 0 0 0 1 833 834 803 804 805 774 775 835 773
805 25.5 26.5 3.0 0 0 0 1 834 835 804 805 806 775 776 774 836
806 26.5 26.5 3.0 0 0 0 1 835 836 805 806 807 776 777 775 837
807 27.5 26.5 3.0 0 0 0 1 836 837 806 807 776 777 778 808 838
808 28.5 26.5 3.0 0 0 0 1 837 838 807 808 777 778 779 839 809
809 29.5 26.5 3.0 0 0 0 1 838 839 808 809 778 779
810 0.5 27.5 3.0 0 0 0 1 840 841 810 811 780 781
811 1.5 27.5 3.0 0 0 0 1 840 780 810 811 812 781 782 841 842
812 2.5 27.5 3.0 0 0 0 1 843 841 842 811 812 813 782 781 783
813 3.5 27.5 3.0 0 0 0 1 844 842 843 812 813 814 783 784 782
814 4.5 27.5 3.0 0 0 0 1 845 843 844 813 814 815 784 785 783
815 5.5 27.5 3.0 0 0 0 1 816 844 845 814 815 784 785 786 846
816 6.5 27.5 3.0 0 0 0 1 817 845 846 815 816 785 786 787 847
817 7.5 27.5 3.0 0 0 0 1 848 818 846 847 816 817 786 787 788
818 8.5 27.5 3.0 0 0 0 1 849 847 848 817 818 787 788 789 819
819 9.5 27.5 3.0 0 0 0 1 850 848 849 818 819 820 789 790 788
820 10.5 27.5 3.0 0 0 0 1 849 850 819 820 821 790 791 851 789
821 11.5 27.5 3.0 0 0 0 1 790 850 851 820 821 822 791 792 852
822 12.5 27.5 3.0 0 0 0 1 791 851 852 821 822 823 792 793 853
823 13.5 27.5 3.0 0 0 0 1 854 824 852 853 822 823 792 793 794
824 14.5 27.5 3.0 0 0 0 1 823 855 853 854 825 824 793 794 795
825 15.5 27.5 3.0 0 0 0 1 856 854 855 824 825 794 795 796 826
826 16.5 27.5 3.0 0 0 0 1 827 857 855 856 825 826 795 796 797
827 17.5 27.5 3.0 0 0 0 1 796 858 856 857 826 827 828 797 798
828 18.5 27.5 3.0 0 0 0 1 859 797 857 858 827 828 829 798 799
829 19.5 27.5 3.0 0 0 0 1 800 860 798 858 859 828 829 830 799
830 20.5 27.5 3.0 0 0 0 1 800 801 859 861 799 860 829 830 831
831 21.5 27.5 3.0 0 0 0 1 800 801 802 832 862 860 861 830 831
832 22.5 27.5 3.0 0 0 0 1 832 801 802 803 833 863 861 862 831
833 23.5 27.5 3.0 0 0 0 1 832 833 802 803 804 864 834 862 863
834 24.5 27.5 3.0 0 0 0 1 864 833 834 835 804 805 865 803 863
835 25.5 27.5 3.0 0 0 0 1 864 865 834 835 836 805 806 866 804
836 26.5 27.5 3.0 0 0 0 1 865 866 835 836 837 806 807 867 805
837 27.5 27.5 3.0 0 0 0 1 866 867 836 837 838 807 808 806 868
838 28.5 27.5 3.0 0 0 0 1 867 868 837 838 839 808 809 807 869
839 29.5 27.5 3.0 0 0 0 1 868 869 838 839 808 809
840 0.5 28.5 3.0 0 0 0 1 870 871 840 841 810 811
841 1.5 28.5 3.0 0 0 0 1 870 871 840 841 810 811 812 872 842
842 2.5 28.5 3.0 0 0 0 1 811 871 872 841 842 843 812 813 873
843 3.5 28.5 3.0 0 0 0 1 872 812 842 843 844 813 814 873 874
844 4.5 28.5 3.0 0 0 0 1 875 873 874 843 844 845 814 813 815
845 5.5 28.5 3.0 0 0 0 1 876 874 875 844 845 846 815 816 814
846 6.5 28.5 3.0 0 0 0 1 877 875 876 845 846 847 816 817 815
847 7.5 28.5 3.0 0 0 0 1 848 876 877 846 847 816 817 818 878
848 8.5 28.5 3.0 0 0 0 1 849 877 878 847 848 817 818 819 879
849 9.5 28.5 3.0 0 0 0 1 880 850 878 879 848 849 818 819 820
850 10.5 28.5 3.0 0 0 0 1 881 879 880 849 850 851 820 821 819
851 11.5 28.5 3.0 0 0 0 1 882 880 881 850 851 852 821 822 820
852 12.5 28.5 3.0 0 0 0 1 881 882 851 852 853 822 823 883 821
853 13.5 28.5 3.0 0 0 0 1 822 882 883 852 853 854 823 824 884
854 14.5 28.5 3.0 0 0 0 1 823 883 884 853 854 855 824 825 885
855 15.5 28.5 3.0 0 0 0 1 886 856 884 885 854 855 824 825 826
856 16.5 28.5 3.0 0 0 0 1 855 887 885 886 857 856 825 826 827
857 17.5 28.5 3.0 0 0 0 1 888 886 887 856 857 826 827 828 858
858 18.5 28.5 3.0 0 0 0 1 827 889 887 888 857 858 859 828 829
859 19.5 28.5 3.0 0 0 0 1 828 890 888 889 858 859 860 829 830
860 20.5 28.5 3.0 0 0 0 1 891 829 889 890 859 860 861 830 831
861 21.5 28.5 3.0 0 0 0 1 832 892 830 890 891 860 861 862 831
862 22.5 28.5 3.0 0 0 0 1 832 833 891 893 831 892 861 862 863
863 23.5 28.5 3.0 0 0 0 1 832 833 834 864 894 892 893 862 863
864 24.5 28.5 3.0 0 0 0 1 864 833 834 835 865 895 893 894 863
865 25.5 28.5 3.0 0 0 0 1 864 865 834 835 836 896 866 894 895
866 26.5 28.5 3.0 0 0 0 1 896 865 866 867 836 837 897 835 895
867 27.5 28.5 3.0 0 0 0 1 896 897 866 867 868 837 838 898 836
868 28.5 28.5 3.0 0 0 0 1 897 898 867 868 869 838 839 899 837
869 29.5 28.5 3.0 0 0 0 1 898 899 868 869 838 839
870 0.5 29.5 3.0 0 0 0 1 840 841 870 871
871 1.5 29.5 3.0 0 0 0 1 870 871 840 841 842 872
872 2.5 29.5 3.0 0 0 0 1 871 872 841 842 843 873
873 3.5 29.5 3.0 0 0 0 1 872 873 842 843 844 874
874 4.5 29.5 3.0 0 0 0 1 843 873 874 875 844 845
875 5.5 29.5 3.0 0 0 0 1 844 874 875 876 845 846
876 6.5 29.5 3.0 0 0 0 1 875 876 877 846 845 847
877 7.5 29.5 3.0 0 0 0 1 876 877 878 847 848 846
878 8.5 29.5 3.0 0 0 0 1 877 878 879 848 849 847
879 9.5 29.5 3.0 0 0 0 1 880 878 879 848 849 850
880 10.5 29.5 3.0 0 0 0 1 881 879 880 849 850 851
881 11.5 29.5 3.0 0 0 0 1 882 880 881 850 851 852
882 12.5 29.5 3.0 0 0 0 1 881 882 883 852 853 851
883 13.5 29.5 3.0 0 0 0 1 882 883 884 853 854 852
884 14.5 29.5 3.0 0 0 0 1 883 884 885 854 855 853
885 15.5 29.5 3.0 0 0 0 1 854 884 885 886 855 856
886 16.5 29.5 3.0 0 0 0 1 855 885 886 887 856 857
887 17.5 29.5 3.0 0 0 0 1 888 886 887 856 857 858
888 18.5 29.5 3.0 0 0 0 1 887 889 888 857 858 859
889 19.5 29.5 3.0 0 0 0 1 888 889 858 859 860 890
890 20.5 29.5 3.0 0 0 0 1 859 889 890 891 860 861
891 21.5 29.5 3.0 0 0 0 1 860 890 891 892 861 862
892 22.5 29.5 3.0 0 0 0 1 861 891 892 893 862 863
893 23.5 29.5 3.0 0 0 0 1 864 862 892 893 894 863
894 24.5 29.5 3.0 0 0 0 1 864 865 863 893 894 895
895 25.5 29.5 3.0 0 0 0 1 864 865 866 896 894 895
896 26.5 29.5 3.0 0 0 0 1 896 865 866 867 897 895
897 27.5 29.5 3.0 0 0 0 1 896 897 866 867 868 898
898 28.5 29.5 3.0 0 0 0 1 897 898 899 868 869 867
899 29.5 29.5 3.0 0 0 0 1 898 899 868 869
