0 0.5 0.5 3.0 0 0 0 1 0 1 2 32 30 31
1 1.5 0.5 3.0 0 0 0 1 0 1 2 3 33 32 30 31
2 2.5 0.5 3.0 0 0 0 1 0 1 2 3 4 33 32 34 30 31
3 3.5 0.5 3.0 0 0 0 1 32 1 2 3 4 5 33 34 35 31
4 4.5 0.5 3.0 0 0 0 1 32 33 2 3 4 5 6 34 35 36
5 5.5 0.5 3.0 0 0 0 1 33 34 3 4 5 6 7 35 36 37
6 6.5 0.5 3.0 0 0 0 1 34 35 4 5 6 7 8 36 38 37
7 7.5 0.5 3.0 0 0 0 1 35 36 5 6 7 8 9 39 38 37
8 8.5 0.5 3.0 0 0 0 1 36 37 6 7 8 9 10 39 40 38
9 9.5 0.5 3.0 0 0 0 1 37 38 7 8 9 10 11 40 41 39
10 10.5 0.5 3.0 0 0 0 1 38 39 8 9 10 11 12 40 41 42
11 11.5 0.5 3.0 0 0 0 1 43 39 40 9 10 11 12 13 41 42
12 12.5 0.5 3.0 0 0 0 1 43 40 41 10 11 12 13 14 44 42
13 13.5 0.5 3.0 0 0 0 1 45 43 41 42 11 12 13 14 15 44
14 14.5 0.5 3.0 0 0 0 1 45 44 42 43 12 13 14 15 16 46
15 15.5 0.5 3.0 0 0 0 1 45 43 44 13 14 15 16 17 46 47
16 16.5 0.5 3.0 0 0 0 1 48 44 45 14 15 16 17 18 46 47
17 17.5 0.5 3.0 0 0 0 1 48 49 45 46 15 16 17 18 19 47
18 18.5 0.5 3.0 0 0 0 1 48 49 50 46 47 16 17 18 19 20
19 19.5 0.5 3.0 0 0 0 1 51 49 50 47 48 17 18 19 20 21
20 20.5 0.5 3.0 0 0 0 1 51 50 48 49 18 19 20 21 22 52
21 21.5 0.5 3.0 0 0 0 1 51 49 50 19 20 21 22 23 52 53
22 22.5 0.5 3.0 0 0 0 1 54 50 51 20 21 22 23 24 52 53
23 23.5 0.5 3.0 0 0 0 1 54 55 51 52 21 22 23 24 25 53
24 24.5 0.5 3.0 0 0 0 1 54 55 56 52 53 22 23 24 25 26
25 25.5 0.5 3.0 0 0 0 1 57 55 56 53 54 23 24 25 26 27
26 26.5 0.5 3.0 0 0 0 1 56 57 54 55 24 25 26 27 28 58
27 27.5 0.5 3.0 0 0 0 1 59 58 57 55 56 25 26 27 28 29
28 28.5 0.5 3.0 0 0 0 1 59 58 56 57 26 27 28 29
29 29.5 0.5 3.0 0 0 0 1 59 57 58 27 28 29
30 0.5 1.5 3.0 0 0 0 1 0 1 2 32 62 60 61 30 31
31 1.5 1.5 3.0 0 0 0 1 0 1 2 3 33 32 62 63 60 61 30 31
32 2.5 1.5 3.0 0 0 0 1 0 1 2 3 4 33 32 64 34 62 63 60 61 30 31
33 3.5 1.5 3.0 0 0 0 1 32 1 2 3 4 5 65 33 64 34 35 63 61 62 31
34 4.5 1.5 3.0 0 0 0 1 32 33 2 3 4 5 6 65 64 34 35 66 36 62 63
35 5.5 1.5 3.0 0 0 0 1 64 33 34 3 4 5 6 7 67 66 35 36 63 65 37
36 6.5 1.5 3.0 0 0 0 1 64 65 34 35 4 5 6 7 8 66 67 36 38 68 37
37 7.5 1.5 3.0 0 0 0 1 65 66 35 36 5 6 7 8 9 39 67 68 38 69 37
38 8.5 1.5 3.0 0 0 0 1 66 67 36 37 6 7 8 9 10 39 40 68 38 70 69
39 9.5 1.5 3.0 0 0 0 1 67 68 37 38 7 8 9 10 11 40 41 39 71 70 69
40 10.5 1.5 3.0 0 0 0 1 68 69 38 39 8 9 10 11 12 40 41 72 71 70 42
41 11.5 1.5 3.0 0 0 0 1 43 69 70 39 40 9 10 11 12 13 72 73 41 71 42
42 12.5 1.5 3.0 0 0 0 1 43 70 71 40 41 10 11 12 13 14 44 72 74 73 42
43 13.5 1.5 3.0 0 0 0 1 45 43 71 72 41 42 11 12 13 14 15 75 74 73 44
44 14.5 1.5 3.0 0 0 0 1 45 75 72 44 42 43 12 13 14 15 16 76 46 73 74
45 15.5 1.5 3.0 0 0 0 1 45 75 77 73 74 43 44 13 14 15 16 17 46 76 47
46 16.5 1.5 3.0 0 0 0 1 48 77 76 74 75 44 45 14 15 16 17 18 46 47 78
47 17.5 1.5 3.0 0 0 0 1 48 77 49 79 75 76 45 46 15 16 17 18 19 78 47
48 18.5 1.5 3.0 0 0 0 1 48 77 49 80 76 50 46 47 16 17 18 19 20 78 79
49 19.5 1.5 3.0 0 0 0 1 51 81 49 80 78 50 77 47 48 17 18 19 20 21 79
50 20.5 1.5 3.0 0 0 0 1 51 82 81 80 50 78 79 48 49 18 19 20 21 22 52
51 21.5 1.5 3.0 0 0 0 1 51 83 81 82 79 80 49 50 19 20 21 22 23 52 53
52 22.5 1.5 3.0 0 0 0 1 84 83 54 82 80 81 50 51 20 21 22 23 24 52 53
53 23.5 1.5 3.0 0 0 0 1 84 83 54 55 81 82 51 52 21 22 23 24 25 85 53
54 24.5 1.5 3.0 0 0 0 1 84 54 55 56 82 83 52 53 22 23 24 25 26 86 85
55 25.5 1.5 3.0 0 0 0 1 87 86 57 55 56 83 84 53 54 23 24 25 26 27 85
56 26.5 1.5 3.0 0 0 0 1 86 87 56 84 57 54 55 24 25 26 27 28 58 88 85
57 27.5 1.5 3.0 0 0 0 1 59 87 89 88 58 57 86 55 56 25 26 27 28 29 85
58 28.5 1.5 3.0 0 0 0 1 59 89 88 58 86 87 56 57 26 27 28 29
59 29.5 1.5 3.0 0 0 0 1 59 89 87 88 57 58 27 28 29
60 0.5 2.5 3.0 0 0 0 1 32 92 30 90 91 60 61 62 31
61 1.5 2.5 3.0 0 0 0 1 32 33 91 92 93 62 90 63 60 61 30 31
62 2.5 2.5 3.0 0 0 0 1 32 33 34 91 64 92 94 93 62 90 63 60 61 30 31
63 3.5 2.5 3.0 0 0 0 1 32 33 34 35 65 64 95 93 91 94 63 92 61 62 31
64 4.5 2.5 3.0 0 0 0 1 32 33 34 35 36 65 64 96 66 94 95 92 93 62 63
65 5.5 2.5 3.0 0 0 0 1 64 33 34 35 36 37 65 96 66 67 97 95 93 94 63
66 6.5 2.5 3.0 0 0 0 1 64 65 34 35 36 37 38 97 96 66 67 68 98 94 95
67 7.5 2.5 3.0 0 0 0 1 96 65 66 35 36 37 38 39 98 99 67 97 68 95 69
68 8.5 2.5 3.0 0 0 0 1 96 97 66 67 36 37 38 39 40 100 98 99 68 70 69
69 9.5 2.5 3.0 0 0 0 1 97 98 67 68 37 38 39 40 41 71 101 99 100 70 69
70 10.5 2.5 3.0 0 0 0 1 98 99 68 69 38 39 40 41 42 71 72 100 70 102 101
71 11.5 2.5 3.0 0 0 0 1 99 100 69 70 39 40 41 42 43 72 73 71 103 102 101
72 12.5 2.5 3.0 0 0 0 1 100 101 70 71 40 41 42 43 44 72 102 73 104 103 74
73 13.5 2.5 3.0 0 0 0 1 75 101 102 71 72 41 42 43 44 45 104 105 73 103 74
74 14.5 2.5 3.0 0 0 0 1 75 102 103 72 73 42 43 44 45 46 76 104 106 105 74
75 15.5 2.5 3.0 0 0 0 1 75 77 104 73 74 43 44 45 46 47 76 107 105 103 106
76 16.5 2.5 3.0 0 0 0 1 107 77 104 76 74 75 44 45 46 47 48 108 78 105 106
77 17.5 2.5 3.0 0 0 0 1 107 77 105 106 75 76 45 46 47 48 49 78 108 79 109
78 18.5 2.5 3.0 0 0 0 1 80 110 108 106 107 76 77 46 47 48 49 50 78 79 109
79 19.5 2.5 3.0 0 0 0 1 80 81 107 108 77 78 47 48 49 50 51 110 111 79 109
80 20.5 2.5 3.0 0 0 0 1 80 81 112 108 82 78 79 48 49 50 51 52 110 111 109
81 21.5 2.5 3.0 0 0 0 1 112 83 113 81 109 82 110 79 80 49 50 51 52 53 111
82 22.5 2.5 3.0 0 0 0 1 112 83 114 113 82 110 111 80 81 50 51 52 53 54 84
83 23.5 2.5 3.0 0 0 0 1 83 115 113 114 111 112 81 82 51 52 53 54 55 84 85
84 24.5 2.5 3.0 0 0 0 1 116 115 86 114 112 113 82 83 52 53 54 55 56 84 85
85 25.5 2.5 3.0 0 0 0 1 116 115 86 87 113 114 83 84 53 54 55 56 57 117 85
86 26.5 2.5 3.0 0 0 0 1 116 86 87 88 114 115 84 85 54 55 56 57 58 118 117
87 27.5 2.5 3.0 0 0 0 1 118 119 87 89 88 115 116 85 86 55 56 57 58 59 117
88 28.5 2.5 3.0 0 0 0 1 118 119 89 88 116 117 86 87 56 57 58 59
89 29.5 2.5 3.0 0 0 0 1 119 87 117 118 89 88 57 58 59
90 0.5 3.5 3.0 0 0 0 1 60 122 120 121 90 91 92 61 62
91 1.5 3.5 3.0 0 0 0 1 123 92 93 122 120 121 90 91 60 61 62 63
92 2.5 3.5 3.0 0 0 0 1 64 123 92 122 93 124 94 120 121 90 91 60 61 62 63
93 3.5 3.5 3.0 0 0 0 1 64 65 123 124 95 125 93 94 121 122 91 92 61 62 63
94 4.5 3.5 3.0 0 0 0 1 64 65 66 123 96 126 125 124 94 122 95 92 93 62 63
95 5.5 3.5 3.0 0 0 0 1 64 65 66 67 97 96 127 125 123 126 95 124 93 94 63
96 6.5 3.5 3.0 0 0 0 1 64 65 66 67 68 97 96 128 98 126 127 124 125 94 95
97 7.5 3.5 3.0 0 0 0 1 96 65 66 67 68 69 97 129 128 98 99 127 125 126 95
98 8.5 3.5 3.0 0 0 0 1 96 97 66 67 68 69 70 129 128 98 99 100 130 126 127
99 9.5 3.5 3.0 0 0 0 1 128 97 98 67 68 69 70 71 129 130 99 131 100 127 101
100 10.5 3.5 3.0 0 0 0 1 128 129 98 99 68 69 70 71 72 132 130 131 100 102 101
101 11.5 3.5 3.0 0 0 0 1 133 129 130 99 100 69 70 71 72 73 103 131 132 102 101
102 12.5 3.5 3.0 0 0 0 1 130 131 100 101 70 71 72 73 74 103 104 132 102 134 133
103 13.5 3.5 3.0 0 0 0 1 131 132 101 102 71 72 73 74 75 104 105 103 135 134 133
104 14.5 3.5 3.0 0 0 0 1 132 133 102 103 72 73 74 75 76 104 105 136 135 106 134
105 15.5 3.5 3.0 0 0 0 1 107 133 134 103 104 73 74 75 76 77 136 105 137 135 106
106 16.5 3.5 3.0 0 0 0 1 107 134 135 104 105 74 75 76 77 78 108 138 137 136 106
107 17.5 3.5 3.0 0 0 0 1 107 135 136 105 106 75 76 77 78 79 108 139 138 137 109
108 18.5 3.5 3.0 0 0 0 1 139 136 108 106 107 76 77 78 79 80 140 110 138 137 109
109 19.5 3.5 3.0 0 0 0 1 139 137 138 107 108 77 78 79 80 81 140 110 141 111 109
110 20.5 3.5 3.0 0 0 0 1 112 142 140 138 139 108 109 78 79 80 81 82 110 141 111
111 21.5 3.5 3.0 0 0 0 1 112 113 139 140 109 110 79 80 81 82 83 142 141 111 143
112 22.5 3.5 3.0 0 0 0 1 112 113 144 140 114 110 111 80 81 82 83 84 142 141 143
113 23.5 3.5 3.0 0 0 0 1 144 115 113 145 114 142 111 112 81 82 83 84 85 141 143
114 24.5 3.5 3.0 0 0 0 1 144 115 146 145 114 142 143 112 113 82 83 84 85 86 116
115 25.5 3.5 3.0 0 0 0 1 115 147 145 146 143 144 113 114 83 84 85 86 87 116 117
116 26.5 3.5 3.0 0 0 0 1 148 147 118 146 144 145 114 115 84 85 86 87 88 116 117
117 27.5 3.5 3.0 0 0 0 1 149 148 147 118 119 145 146 115 116 85 86 87 88 89 117
118 28.5 3.5 3.0 0 0 0 1 148 118 119 146 147 116 117 86 87 88 89 149
119 29.5 3.5 3.0 0 0 0 1 87 147 148 117 118 119 88 89 149
120 0.5 4.5 3.0 0 0 0 1 152 150 151 120 121 90 91 92 122
121 1.5 4.5 3.0 0 0 0 1 123 152 122 150 151 120 121 90 91 92 93 153
122 2.5 4.5 3.0 0 0 0 1 123 124 154 152 153 122 150 151 120 121 90 91 92 93 94
123 3.5 4.5 3.0 0 0 0 1 123 155 124 125 153 154 151 152 121 122 91 92 93 94 95
124 4.5 4.5 3.0 0 0 0 1 96 155 124 125 156 126 154 152 153 122 123 92 93 94 95
125 5.5 4.5 3.0 0 0 0 1 96 97 155 156 127 125 157 126 153 154 123 124 93 94 95
126 6.5 4.5 3.0 0 0 0 1 96 97 98 155 156 128 158 157 126 154 127 124 125 94 95
127 7.5 4.5 3.0 0 0 0 1 96 97 98 99 129 128 159 157 155 158 127 156 125 126 95
128 8.5 4.5 3.0 0 0 0 1 96 97 98 99 100 129 128 160 130 158 159 156 157 126 127
129 9.5 4.5 3.0 0 0 0 1 128 97 98 99 100 101 129 161 160 130 131 159 157 158 127
130 10.5 4.5 3.0 0 0 0 1 128 129 98 99 100 101 102 161 160 130 131 162 132 158 159
131 11.5 4.5 3.0 0 0 0 1 160 129 130 99 100 101 102 103 161 162 131 132 163 159 133
132 12.5 4.5 3.0 0 0 0 1 160 161 130 131 100 101 102 103 104 162 164 163 132 134 133
133 13.5 4.5 3.0 0 0 0 1 161 162 131 132 101 102 103 104 105 135 163 164 165 134 133
134 14.5 4.5 3.0 0 0 0 1 162 163 132 133 102 103 104 105 106 135 136 164 166 134 165
135 15.5 4.5 3.0 0 0 0 1 163 164 133 134 103 104 105 106 107 166 136 137 135 167 165
136 16.5 4.5 3.0 0 0 0 1 164 165 134 135 104 105 106 107 108 136 167 137 168 138 166
137 17.5 4.5 3.0 0 0 0 1 139 165 166 135 136 105 106 107 108 109 168 167 137 169 138
138 18.5 4.5 3.0 0 0 0 1 139 166 167 136 137 106 107 108 109 110 168 140 170 169 138
139 19.5 4.5 3.0 0 0 0 1 139 167 168 137 138 107 108 109 110 111 141 140 171 169 170
140 20.5 4.5 3.0 0 0 0 1 171 168 140 138 139 108 109 110 111 112 141 172 142 169 170
141 21.5 4.5 3.0 0 0 0 1 171 169 170 139 140 109 110 111 112 113 172 142 141 143 173
142 22.5 4.5 3.0 0 0 0 1 144 172 170 171 140 141 110 111 112 113 114 142 173 143 174
143 23.5 4.5 3.0 0 0 0 1 144 175 145 171 172 141 142 111 112 113 114 115 174 173 143
144 24.5 4.5 3.0 0 0 0 1 144 145 176 172 146 142 143 112 113 114 115 116 174 173 175
145 25.5 4.5 3.0 0 0 0 1 176 147 145 177 146 174 143 144 113 114 115 116 117 173 175
146 26.5 4.5 3.0 0 0 0 1 176 147 177 178 146 174 175 144 145 114 115 116 117 118 148
147 27.5 4.5 3.0 0 0 0 1 147 179 177 178 175 176 145 146 115 116 117 118 119 148 149
148 28.5 4.5 3.0 0 0 0 1 179 178 176 177 146 147 116 117 118 119 148 149
149 29.5 4.5 3.0 0 0 0 1 179 177 178 147 148 149 118 119 117
150 0.5 5.5 3.0 0 0 0 1 182 152 180 181 150 151 120 121 122
151 1.5 5.5 3.0 0 0 0 1 182 183 152 180 181 150 151 120 121 122 123 153
152 2.5 5.5 3.0 0 0 0 1 182 184 183 152 180 181 150 151 120 121 122 123 124 154 153
153 3.5 5.5 3.0 0 0 0 1 155 182 183 184 185 181 154 151 152 121 122 123 124 125 153
154 4.5 5.5 3.0 0 0 0 1 155 182 156 186 184 185 154 183 152 153 122 123 124 125 126
155 5.5 5.5 3.0 0 0 0 1 155 186 156 157 185 187 183 184 153 154 123 124 125 126 127
156 6.5 5.5 3.0 0 0 0 1 128 187 156 157 188 158 186 184 185 154 155 124 125 126 127
157 7.5 5.5 3.0 0 0 0 1 128 129 187 188 159 157 189 158 185 186 155 156 125 126 127
158 8.5 5.5 3.0 0 0 0 1 128 129 130 187 188 160 190 189 158 186 159 156 157 126 127
159 9.5 5.5 3.0 0 0 0 1 128 129 130 131 161 160 190 191 189 187 159 188 157 158 127
160 10.5 5.5 3.0 0 0 0 1 128 129 130 131 132 161 160 192 162 190 191 188 189 158 159
161 11.5 5.5 3.0 0 0 0 1 160 129 130 131 132 133 161 193 192 162 163 191 189 190 159
162 12.5 5.5 3.0 0 0 0 1 160 161 130 131 132 133 134 193 194 192 162 163 164 190 191
163 13.5 5.5 3.0 0 0 0 1 192 161 162 131 132 133 134 135 193 194 163 164 191 195 165
164 14.5 5.5 3.0 0 0 0 1 192 193 162 163 132 133 134 135 136 194 195 196 164 166 165
165 15.5 5.5 3.0 0 0 0 1 193 194 163 164 133 134 135 136 137 167 195 197 196 166 165
166 16.5 5.5 3.0 0 0 0 1 198 194 195 164 165 134 135 136 137 138 167 168 197 196 166
167 17.5 5.5 3.0 0 0 0 1 198 195 196 165 166 135 136 137 138 139 168 169 167 199 197
168 18.5 5.5 3.0 0 0 0 1 198 196 197 166 167 136 137 138 139 140 168 169 200 170 199
169 19.5 5.5 3.0 0 0 0 1 171 197 198 167 168 137 138 139 140 141 200 169 201 170 199
170 20.5 5.5 3.0 0 0 0 1 171 198 199 168 169 138 139 140 141 142 200 172 201 202 170
171 21.5 5.5 3.0 0 0 0 1 171 199 200 169 170 139 140 141 142 143 173 172 203 201 202
172 22.5 5.5 3.0 0 0 0 1 203 200 172 170 171 140 141 142 143 144 173 204 174 201 202
173 23.5 5.5 3.0 0 0 0 1 203 201 202 171 172 141 142 143 144 145 205 204 174 173 175
174 24.5 5.5 3.0 0 0 0 1 176 205 204 202 203 172 173 142 143 144 145 146 174 206 175
175 25.5 5.5 3.0 0 0 0 1 176 207 177 205 203 204 173 174 143 144 145 146 147 206 175
176 26.5 5.5 3.0 0 0 0 1 176 207 177 204 178 174 175 144 145 146 147 148 206 205 208
177 27.5 5.5 3.0 0 0 0 1 208 207 179 177 209 178 206 175 176 145 146 147 148 149 205
178 28.5 5.5 3.0 0 0 0 1 208 179 209 178 206 207 176 177 146 147 148 149
179 29.5 5.5 3.0 0 0 0 1 147 209 207 208 177 178 179 148 149
180 0.5 6.5 3.0 0 0 0 1 150 210 211 180 181 182 151 152 212
181 1.5 6.5 3.0 0 0 0 1 212 182 183 210 211 180 181 150 151 152 153 213
182 2.5 6.5 3.0 0 0 0 1 214 212 182 183 184 210 211 180 181 150 151 152 153 154 213
183 3.5 6.5 3.0 0 0 0 1 215 214 183 184 211 212 181 182 151 152 153 154 155 185 213
184 4.5 6.5 3.0 0 0 0 1 214 215 216 184 212 213 182 183 152 153 154 155 156 186 185
185 5.5 6.5 3.0 0 0 0 1 187 215 217 216 186 213 214 183 184 153 154 155 156 157 185
186 6.5 6.5 3.0 0 0 0 1 187 188 215 217 216 218 214 186 184 185 154 155 156 157 158
187 7.5 6.5 3.0 0 0 0 1 187 188 189 217 218 219 215 216 185 186 155 156 157 158 159
188 8.5 6.5 3.0 0 0 0 1 160 219 188 189 220 190 218 216 217 186 187 156 157 158 159
189 9.5 6.5 3.0 0 0 0 1 160 161 219 220 191 189 221 190 217 218 187 188 157 158 159
190 10.5 6.5 3.0 0 0 0 1 160 161 162 219 220 192 221 222 190 218 191 188 189 158 159
191 11.5 6.5 3.0 0 0 0 1 160 161 162 163 193 192 223 221 222 219 191 220 189 190 159
192 12.5 6.5 3.0 0 0 0 1 160 161 162 163 164 193 224 192 194 222 223 220 221 190 191
193 13.5 6.5 3.0 0 0 0 1 192 161 162 163 164 165 193 224 194 195 225 223 221 222 191
194 14.5 6.5 3.0 0 0 0 1 192 193 162 163 164 165 166 225 226 224 194 195 196 222 223
195 15.5 6.5 3.0 0 0 0 1 224 193 194 163 164 165 166 167 225 226 195 227 196 223 197
196 16.5 6.5 3.0 0 0 0 1 198 224 194 195 164 165 166 167 168 225 226 227 196 228 197
197 17.5 6.5 3.0 0 0 0 1 198 225 226 195 196 165 166 167 168 169 199 229 227 228 197
198 18.5 6.5 3.0 0 0 0 1 198 230 226 227 196 197 166 167 168 169 170 199 200 228 229
199 19.5 6.5 3.0 0 0 0 1 230 227 228 197 198 167 168 169 170 171 200 201 231 199 229
200 20.5 6.5 3.0 0 0 0 1 230 228 229 198 199 168 169 170 171 172 200 232 201 202 231
201 21.5 6.5 3.0 0 0 0 1 203 229 230 199 200 169 170 171 172 173 232 201 233 202 231
202 22.5 6.5 3.0 0 0 0 1 203 230 231 200 201 170 171 172 173 174 232 204 233 234 202
203 23.5 6.5 3.0 0 0 0 1 203 235 231 232 201 202 171 172 173 174 175 205 204 233 234
204 24.5 6.5 3.0 0 0 0 1 235 232 204 202 203 172 173 174 175 176 205 236 206 233 234
205 25.5 6.5 3.0 0 0 0 1 237 235 233 234 203 204 173 174 175 176 177 205 236 206 207
206 26.5 6.5 3.0 0 0 0 1 208 236 234 235 204 205 174 175 176 177 178 237 206 238 207
207 27.5 6.5 3.0 0 0 0 1 237 208 209 235 236 205 206 175 176 177 178 179 238 207 239
208 28.5 6.5 3.0 0 0 0 1 208 209 236 237 206 207 176 177 178 179 238 239
209 29.5 6.5 3.0 0 0 0 1 209 237 238 207 208 177 178 179 239
210 0.5 7.5 3.0 0 0 0 1 242 240 241 210 211 212 181 182 180
211 1.5 7.5 3.0 0 0 0 1 243 242 240 241 210 211 180 181 182 183 212 213
212 2.5 7.5 3.0 0 0 0 1 214 243 242 240 241 210 211 180 181 182 183 184 212 244 213
213 3.5 7.5 3.0 0 0 0 1 245 214 243 215 241 242 211 212 181 182 183 184 185 244 213
214 4.5 7.5 3.0 0 0 0 1 246 244 214 215 216 242 243 212 213 182 183 184 185 186 245
215 5.5 7.5 3.0 0 0 0 1 217 246 215 216 243 244 213 214 183 184 185 186 187 247 245
216 6.5 7.5 3.0 0 0 0 1 217 246 247 216 248 244 245 214 215 184 185 186 187 188 218
217 7.5 7.5 3.0 0 0 0 1 217 246 249 247 248 245 219 215 216 185 186 187 188 189 218
218 8.5 7.5 3.0 0 0 0 1 219 249 220 247 248 250 246 218 216 217 186 187 188 189 190
219 9.5 7.5 3.0 0 0 0 1 219 251 249 220 221 250 247 248 217 218 187 188 189 190 191
220 10.5 7.5 3.0 0 0 0 1 192 251 220 252 221 222 250 248 249 218 219 188 189 190 191
221 11.5 7.5 3.0 0 0 0 1 192 193 251 252 223 221 253 222 249 250 219 220 189 190 191
222 12.5 7.5 3.0 0 0 0 1 192 193 194 251 252 224 253 254 222 250 223 220 221 190 191
223 13.5 7.5 3.0 0 0 0 1 192 193 194 195 225 255 224 253 254 251 223 252 221 222 191
224 14.5 7.5 3.0 0 0 0 1 192 193 194 195 196 225 226 224 256 254 255 252 253 222 223
225 15.5 7.5 3.0 0 0 0 1 224 193 194 195 196 197 225 257 226 256 227 255 253 254 223
226 16.5 7.5 3.0 0 0 0 1 224 225 194 195 196 197 198 257 258 226 256 227 228 254 255
227 17.5 7.5 3.0 0 0 0 1 256 225 226 195 196 197 198 199 259 257 258 227 228 255 229
228 18.5 7.5 3.0 0 0 0 1 256 230 226 227 196 197 198 199 200 257 258 259 228 260 229
229 19.5 7.5 3.0 0 0 0 1 230 258 227 228 197 198 199 200 201 231 257 259 261 260 229
230 20.5 7.5 3.0 0 0 0 1 230 258 259 228 229 198 199 200 201 202 231 232 262 260 261
231 21.5 7.5 3.0 0 0 0 1 263 262 259 260 229 230 199 200 201 202 203 232 261 233 231
232 22.5 7.5 3.0 0 0 0 1 263 262 260 261 230 231 200 201 202 203 204 232 233 234 264
233 23.5 7.5 3.0 0 0 0 1 263 235 261 262 231 232 201 202 203 204 205 264 233 265 234
234 24.5 7.5 3.0 0 0 0 1 235 262 263 232 233 202 203 204 205 206 264 236 265 266 234
235 25.5 7.5 3.0 0 0 0 1 235 263 264 233 234 203 204 205 206 207 237 236 265 267 266
236 26.5 7.5 3.0 0 0 0 1 267 264 236 234 235 204 205 206 207 208 237 238 268 265 266
237 27.5 7.5 3.0 0 0 0 1 267 265 266 235 236 205 206 207 208 209 237 269 238 268 239
238 28.5 7.5 3.0 0 0 0 1 268 266 267 236 237 206 207 208 209 269 238 239
239 29.5 7.5 3.0 0 0 0 1 267 268 237 238 239 208 209 269 207
240 0.5 8.5 3.0 0 0 0 1 272 242 270 271 240 241 210 211 212
241 1.5 8.5 3.0 0 0 0 1 272 243 273 242 270 271 240 241 210 211 212 213
242 2.5 8.5 3.0 0 0 0 1 272 243 274 273 242 270 271 240 241 210 211 212 213 214 244
243 3.5 8.5 3.0 0 0 0 1 243 275 273 274 271 272 241 242 211 212 213 214 215 244 245
244 4.5 8.5 3.0 0 0 0 1 246 276 275 274 272 273 242 243 212 213 214 215 216 244 245
245 5.5 8.5 3.0 0 0 0 1 277 246 276 275 247 273 274 243 244 213 214 215 216 217 245
246 6.5 8.5 3.0 0 0 0 1 278 246 276 247 248 274 275 244 245 214 215 216 217 218 277
247 7.5 8.5 3.0 0 0 0 1 279 278 249 247 248 275 276 245 246 215 216 217 218 219 277
248 8.5 8.5 3.0 0 0 0 1 278 249 279 248 276 277 246 247 216 217 218 219 220 250 280
249 9.5 8.5 3.0 0 0 0 1 251 249 279 281 280 277 278 247 248 217 218 219 220 221 250
250 10.5 8.5 3.0 0 0 0 1 251 252 279 281 282 280 278 250 248 249 218 219 220 221 222
251 11.5 8.5 3.0 0 0 0 1 251 252 281 253 282 283 279 280 249 250 219 220 221 222 223
252 12.5 8.5 3.0 0 0 0 1 224 282 252 253 254 284 283 280 281 250 251 220 221 222 223
253 13.5 8.5 3.0 0 0 0 1 224 225 283 284 255 253 285 254 281 282 251 252 221 222 223
254 14.5 8.5 3.0 0 0 0 1 224 225 226 283 284 256 285 286 254 282 255 252 253 222 223
255 15.5 8.5 3.0 0 0 0 1 224 225 226 227 257 256 285 287 286 283 255 284 253 254 223
256 16.5 8.5 3.0 0 0 0 1 224 225 226 227 228 257 258 256 288 286 287 284 285 254 255
257 17.5 8.5 3.0 0 0 0 1 256 225 226 227 228 229 257 289 258 288 259 287 285 286 255
258 18.5 8.5 3.0 0 0 0 1 256 257 226 227 228 229 230 289 290 258 288 259 260 286 287
259 19.5 8.5 3.0 0 0 0 1 288 257 258 227 228 229 230 231 291 290 289 259 260 287 261
260 20.5 8.5 3.0 0 0 0 1 288 289 258 259 228 229 230 231 232 262 290 291 292 260 261
261 21.5 8.5 3.0 0 0 0 1 289 262 259 260 229 230 231 232 233 263 290 291 292 293 261
262 22.5 8.5 3.0 0 0 0 1 262 291 260 261 230 231 232 233 234 263 290 294 264 292 293
263 23.5 8.5 3.0 0 0 0 1 263 295 291 292 261 262 231 232 233 234 235 294 264 265 293
264 24.5 8.5 3.0 0 0 0 1 295 294 292 293 262 263 232 233 234 235 236 264 265 266 296
265 25.5 8.5 3.0 0 0 0 1 295 267 293 294 263 264 233 234 235 236 237 296 297 265 266
266 26.5 8.5 3.0 0 0 0 1 267 294 295 264 265 234 235 236 237 238 296 268 297 298 266
267 27.5 8.5 3.0 0 0 0 1 267 295 296 265 266 235 236 237 238 239 269 268 297 299 298
268 28.5 8.5 3.0 0 0 0 1 299 296 268 266 267 236 237 238 239 269 297 298
269 29.5 8.5 3.0 0 0 0 1 299 297 298 267 268 269 238 237 239
270 0.5 9.5 3.0 0 0 0 1 272 300 301 270 271 240 241 242 302
271 1.5 9.5 3.0 0 0 0 1 272 273 300 301 270 271 240 241 242 243 302 303
272 2.5 9.5 3.0 0 0 0 1 302 272 273 300 274 270 271 240 241 242 243 244 301 303 304
273 3.5 9.5 3.0 0 0 0 1 304 305 273 275 301 274 302 271 272 241 242 243 244 245 303
274 4.5 9.5 3.0 0 0 0 1 304 305 275 306 274 302 303 272 273 242 243 244 245 246 276
275 5.5 9.5 3.0 0 0 0 1 305 275 307 306 303 304 273 274 243 244 245 246 247 276 277
276 6.5 9.5 3.0 0 0 0 1 278 308 307 306 304 305 274 275 244 245 246 247 248 276 277
277 7.5 9.5 3.0 0 0 0 1 278 308 307 279 305 306 275 276 245 246 247 248 249 309 277
278 8.5 9.5 3.0 0 0 0 1 310 278 308 279 280 306 307 276 277 246 247 248 249 250 309
279 9.5 9.5 3.0 0 0 0 1 311 310 279 280 307 308 277 278 247 248 249 250 251 281 309
280 10.5 9.5 3.0 0 0 0 1 310 311 281 280 308 309 278 279 248 249 250 251 252 282 312
281 11.5 9.5 3.0 0 0 0 1 282 311 281 312 313 309 310 279 280 249 250 251 252 253 283
282 12.5 9.5 3.0 0 0 0 1 282 314 284 311 312 313 310 283 280 281 250 251 252 253 254
283 13.5 9.5 3.0 0 0 0 1 283 314 284 285 313 315 311 312 281 282 251 252 253 254 255
284 14.5 9.5 3.0 0 0 0 1 256 315 314 284 285 286 316 312 313 282 283 252 253 254 255
285 15.5 9.5 3.0 0 0 0 1 256 257 315 316 317 285 287 286 313 314 283 284 253 254 255
286 16.5 9.5 3.0 0 0 0 1 256 257 258 315 316 317 288 318 286 314 287 284 285 254 255
287 17.5 9.5 3.0 0 0 0 1 256 257 258 259 289 288 319 318 317 315 287 316 285 286 255
288 18.5 9.5 3.0 0 0 0 1 256 257 258 259 260 289 290 288 320 318 319 316 317 286 287
289 19.5 9.5 3.0 0 0 0 1 288 257 258 259 260 261 289 290 321 320 291 319 317 318 287
290 20.5 9.5 3.0 0 0 0 1 288 289 258 259 260 261 262 321 322 290 320 291 292 318 319
291 21.5 9.5 3.0 0 0 0 1 320 289 290 259 260 261 262 263 323 322 321 291 292 319 293
292 22.5 9.5 3.0 0 0 0 1 320 321 290 291 260 261 262 263 264 324 322 294 323 292 293
293 23.5 9.5 3.0 0 0 0 1 321 322 291 292 261 262 263 264 265 295 294 323 324 325 293
294 24.5 9.5 3.0 0 0 0 1 322 294 292 293 262 263 264 265 266 295 296 323 326 324 325
295 25.5 9.5 3.0 0 0 0 1 295 327 323 324 293 294 263 264 265 266 267 296 326 297 325
296 26.5 9.5 3.0 0 0 0 1 328 327 324 325 294 295 264 265 266 267 268 296 326 297 298
297 27.5 9.5 3.0 0 0 0 1 327 299 325 326 295 296 265 266 267 268 269 328 297 298 329
298 28.5 9.5 3.0 0 0 0 1 299 326 327 296 297 266 267 268 269 328 329 298
299 29.5 9.5 3.0 0 0 0 1 299 327 328 297 298 267 268 269 329
300 0.5 10.5 3.0 0 0 0 1 332 330 331 300 301 302 271 272 270
301 1.5 10.5 3.0 0 0 0 1 332 330 331 300 301 270 271 272 273 302 333 303
302 2.5 10.5 3.0 0 0 0 1 304 332 330 331 300 301 270 271 272 273 274 334 302 333 303
303 3.5 10.5 3.0 0 0 0 1 304 305 335 331 332 301 302 271 272 273 274 275 334 333 303
304 4.5 10.5 3.0 0 0 0 1 304 305 332 306 302 303 272 273 274 275 276 334 333 335 336
305 5.5 10.5 3.0 0 0 0 1 336 337 305 307 306 334 303 304 273 274 275 276 277 333 335
306 6.5 10.5 3.0 0 0 0 1 336 337 307 338 306 334 335 304 305 274 275 276 277 278 308
307 7.5 10.5 3.0 0 0 0 1 337 307 339 338 335 336 305 306 275 276 277 278 279 308 309
308 8.5 10.5 3.0 0 0 0 1 310 340 339 338 336 337 306 307 276 277 278 279 280 308 309
309 9.5 10.5 3.0 0 0 0 1 310 341 340 339 311 337 338 307 308 277 278 279 280 281 309
310 10.5 10.5 3.0 0 0 0 1 342 310 340 311 312 338 339 308 309 278 279 280 281 282 341
311 11.5 10.5 3.0 0 0 0 1 343 342 311 312 339 340 309 310 279 280 281 282 283 313 341
312 12.5 10.5 3.0 0 0 0 1 344 342 314 343 312 340 341 310 311 280 281 282 283 284 313
313 13.5 10.5 3.0 0 0 0 1 315 314 343 344 313 341 342 311 312 281 282 283 284 285 345
314 14.5 10.5 3.0 0 0 0 1 315 314 316 346 344 345 342 343 312 313 282 283 284 285 286
315 15.5 10.5 3.0 0 0 0 1 315 316 346 317 347 345 343 344 313 314 283 284 285 286 287
316 16.5 10.5 3.0 0 0 0 1 288 347 316 346 317 318 348 344 345 314 315 284 285 286 287
317 17.5 10.5 3.0 0 0 0 1 288 289 347 348 317 319 318 349 345 346 315 316 285 286 287
318 18.5 10.5 3.0 0 0 0 1 288 289 290 347 348 349 320 350 318 346 319 316 317 286 287
319 19.5 10.5 3.0 0 0 0 1 288 289 290 291 321 349 320 351 350 347 319 348 317 318 287
320 20.5 10.5 3.0 0 0 0 1 288 289 290 291 292 321 322 320 352 350 351 348 349 318 319
321 21.5 10.5 3.0 0 0 0 1 320 289 290 291 292 293 321 322 353 352 323 351 349 350 319
322 22.5 10.5 3.0 0 0 0 1 320 321 290 291 292 293 294 353 354 322 352 323 324 350 351
323 23.5 10.5 3.0 0 0 0 1 352 321 322 291 292 293 294 295 355 354 353 323 324 351 325
324 24.5 10.5 3.0 0 0 0 1 352 353 322 323 292 293 294 295 296 356 354 355 326 324 325
325 25.5 10.5 3.0 0 0 0 1 353 354 323 324 293 294 295 296 297 357 327 355 326 356 325
326 26.5 10.5 3.0 0 0 0 1 354 355 324 325 294 295 296 297 298 327 328 326 356 358 357
327 27.5 10.5 3.0 0 0 0 1 327 355 356 325 326 295 296 297 298 299 359 328 329 358 357
328 28.5 10.5 3.0 0 0 0 1 359 356 357 326 327 296 297 298 299 328 329 358
329 29.5 10.5 3.0 0 0 0 1 359 357 358 327 328 297 298 299 329
330 0.5 11.5 3.0 0 0 0 1 360 300 330 331 332 301 302 361 362
331 1.5 11.5 3.0 0 0 0 1 363 360 332 330 331 300 301 302 303 333 361 362
332 2.5 11.5 3.0 0 0 0 1 363 360 332 330 331 300 301 302 303 304 334 333 361 364 362
333 3.5 11.5 3.0 0 0 0 1 363 361 362 331 332 301 302 303 304 305 334 333 365 364 335
334 4.5 11.5 3.0 0 0 0 1 336 364 362 363 332 333 302 303 304 305 306 366 334 365 335
335 5.5 11.5 3.0 0 0 0 1 367 336 337 363 364 333 334 303 304 305 306 307 366 365 335
336 6.5 11.5 3.0 0 0 0 1 336 337 364 338 334 335 304 305 306 307 308 366 368 365 367
337 7.5 11.5 3.0 0 0 0 1 368 337 339 369 338 366 335 336 305 306 307 308 309 365 367
338 8.5 11.5 3.0 0 0 0 1 368 370 369 339 338 366 367 336 337 306 307 308 309 310 340
339 9.5 11.5 3.0 0 0 0 1 369 339 371 370 367 368 337 338 307 308 309 310 311 340 341
340 10.5 11.5 3.0 0 0 0 1 342 372 371 370 368 369 338 339 308 309 310 311 312 340 341
341 11.5 11.5 3.0 0 0 0 1 342 373 372 343 369 370 339 340 309 310 311 312 313 371 341
342 12.5 11.5 3.0 0 0 0 1 374 342 372 343 344 370 371 340 341 310 311 312 313 314 373
343 13.5 11.5 3.0 0 0 0 1 375 374 343 344 371 372 341 342 311 312 313 314 315 345 373
344 14.5 11.5 3.0 0 0 0 1 376 374 375 344 372 373 342 343 312 313 314 315 316 346 345
345 15.5 11.5 3.0 0 0 0 1 347 375 346 376 373 374 343 344 313 314 315 316 317 345 377
346 16.5 11.5 3.0 0 0 0 1 347 348 346 376 378 374 375 344 345 314 315 316 317 318 377
347 17.5 11.5 3.0 0 0 0 1 347 379 348 377 349 378 375 376 345 346 315 316 317 318 319
348 18.5 11.5 3.0 0 0 0 1 320 379 348 349 378 350 380 376 377 346 347 316 317 318 319
349 19.5 11.5 3.0 0 0 0 1 320 321 379 380 349 351 350 381 377 378 347 348 317 318 319
350 20.5 11.5 3.0 0 0 0 1 320 321 322 379 380 382 381 352 350 378 351 348 349 318 319
351 21.5 11.5 3.0 0 0 0 1 320 321 322 323 353 379 381 352 383 382 351 380 349 350 319
352 22.5 11.5 3.0 0 0 0 1 320 321 322 323 324 353 354 352 384 382 383 380 381 350 351
353 23.5 11.5 3.0 0 0 0 1 352 321 322 323 324 325 353 354 385 384 355 383 381 382 351
354 24.5 11.5 3.0 0 0 0 1 352 353 322 323 324 325 326 385 354 386 384 355 356 382 383
355 25.5 11.5 3.0 0 0 0 1 384 353 354 323 324 325 326 327 387 386 385 355 356 383 357
356 26.5 11.5 3.0 0 0 0 1 384 385 354 355 324 325 326 327 328 388 386 387 356 358 357
357 27.5 11.5 3.0 0 0 0 1 385 386 355 356 325 326 327 328 329 359 389 387 388 358 357
358 28.5 11.5 3.0 0 0 0 1 386 387 356 357 326 327 328 329 359 388 358 389
359 29.5 11.5 3.0 0 0 0 1 387 388 357 358 359 328 329 327 389
360 0.5 12.5 3.0 0 0 0 1 390 391 360 361 330 331 332 392 362
361 1.5 12.5 3.0 0 0 0 1 363 390 391 360 361 330 331 332 333 392 393 362
362 2.5 12.5 3.0 0 0 0 1 363 390 391 360 361 330 331 332 333 334 392 393 364 362 394
363 3.5 12.5 3.0 0 0 0 1 393 363 391 392 361 362 331 332 333 334 335 365 364 395 394
364 4.5 12.5 3.0 0 0 0 1 393 395 392 364 362 363 332 333 334 335 336 366 365 396 394
365 5.5 12.5 3.0 0 0 0 1 395 393 394 363 364 333 334 335 336 337 366 365 397 396 367
366 6.5 12.5 3.0 0 0 0 1 368 396 394 395 364 365 334 335 336 337 338 366 398 397 367
367 7.5 12.5 3.0 0 0 0 1 368 369 395 396 365 366 335 336 337 338 339 399 398 397 367
368 8.5 12.5 3.0 0 0 0 1 368 369 400 396 370 366 367 336 337 338 339 340 398 397 399
369 9.5 12.5 3.0 0 0 0 1 400 369 371 370 398 367 368 337 338 339 340 341 401 397 399
370 10.5 12.5 3.0 0 0 0 1 400 402 401 371 370 398 399 368 369 338 339 340 341 342 372
371 11.5 12.5 3.0 0 0 0 1 401 371 403 402 399 400 369 370 339 340 341 342 343 372 373
372 12.5 12.5 3.0 0 0 0 1 374 404 403 402 400 401 370 371 340 341 342 343 344 372 373
373 13.5 12.5 3.0 0 0 0 1 374 405 404 375 403 401 402 371 372 341 342 343 344 345 373
374 14.5 12.5 3.0 0 0 0 1 374 406 404 375 376 402 403 372 373 342 343 344 345 346 405
375 15.5 12.5 3.0 0 0 0 1 407 406 405 375 376 403 404 373 374 343 344 345 346 347 377
376 16.5 12.5 3.0 0 0 0 1 408 406 407 376 404 405 374 375 344 345 346 347 348 378 377
377 17.5 12.5 3.0 0 0 0 1 409 379 407 408 378 405 406 375 376 345 346 347 348 349 377
378 18.5 12.5 3.0 0 0 0 1 409 379 380 408 378 410 406 407 376 377 346 347 348 349 350
379 19.5 12.5 3.0 0 0 0 1 409 379 380 411 381 410 407 408 377 378 347 348 349 350 351
380 20.5 12.5 3.0 0 0 0 1 352 411 380 381 412 382 410 408 409 378 379 348 349 350 351
381 21.5 12.5 3.0 0 0 0 1 352 353 411 412 381 383 382 413 409 410 379 380 349 350 351
382 22.5 12.5 3.0 0 0 0 1 352 353 354 411 412 413 384 382 414 410 383 380 381 350 351
383 23.5 12.5 3.0 0 0 0 1 352 353 354 355 385 412 413 384 415 414 383 411 381 382 351
384 24.5 12.5 3.0 0 0 0 1 352 353 354 355 356 385 386 384 416 414 415 412 413 382 383
385 25.5 12.5 3.0 0 0 0 1 384 353 354 355 356 357 416 385 386 417 387 415 413 414 383
386 26.5 12.5 3.0 0 0 0 1 384 385 354 355 356 357 358 417 386 418 387 388 416 414 415
387 27.5 12.5 3.0 0 0 0 1 416 385 386 355 356 357 358 359 419 418 417 387 388 415 389
388 28.5 12.5 3.0 0 0 0 1 416 417 386 387 356 357 358 359 418 419 388 389
389 29.5 12.5 3.0 0 0 0 1 417 418 387 388 389 358 359 419 357
390 0.5 13.5 3.0 0 0 0 1 420 421 390 391 360 361 362 392 422
391 1.5 13.5 3.0 0 0 0 1 420 421 390 391 360 361 362 363 392 422 393 423
392 2.5 13.5 3.0 0 0 0 1 424 420 421 390 391 360 361 362 363 364 392 422 393 423 394
393 3.5 13.5 3.0 0 0 0 1 425 395 421 422 391 392 361 362 363 364 365 424 393 423 394
394 4.5 13.5 3.0 0 0 0 1 395 422 423 392 393 362 363 364 365 366 424 425 396 394 426
395 5.5 13.5 3.0 0 0 0 1 395 423 424 393 394 363 364 365 366 367 427 425 397 396 426
396 6.5 13.5 3.0 0 0 0 1 427 424 396 394 395 364 365 366 367 368 398 425 397 428 426
397 7.5 13.5 3.0 0 0 0 1 427 428 425 426 395 396 365 366 367 368 369 398 397 429 399
398 8.5 13.5 3.0 0 0 0 1 400 428 426 427 396 397 366 367 368 369 370 398 430 429 399
399 9.5 13.5 3.0 0 0 0 1 400 401 431 427 428 397 398 367 368 369 370 371 430 429 399
400 10.5 13.5 3.0 0 0 0 1 432 400 401 428 402 398 399 368 369 370 371 372 430 429 431
401 11.5 13.5 3.0 0 0 0 1 432 401 403 402 430 399 400 369 370 371 372 373 433 429 431
402 12.5 13.5 3.0 0 0 0 1 432 433 403 402 430 431 400 401 370 371 372 373 374 404 434
403 13.5 13.5 3.0 0 0 0 1 435 433 403 434 431 432 401 402 371 372 373 374 375 404 405
404 14.5 13.5 3.0 0 0 0 1 435 406 436 434 432 433 402 403 372 373 374 375 376 404 405
405 15.5 13.5 3.0 0 0 0 1 406 437 407 435 433 434 403 404 373 374 375 376 377 436 405
406 16.5 13.5 3.0 0 0 0 1 406 438 407 408 434 435 404 405 374 375 376 377 378 436 437
407 17.5 13.5 3.0 0 0 0 1 409 439 438 407 408 435 436 405 406 375 376 377 378 379 437
408 18.5 13.5 3.0 0 0 0 1 409 440 438 439 408 436 437 406 407 376 377 378 379 380 410
409 19.5 13.5 3.0 0 0 0 1 409 441 411 439 440 437 438 407 408 377 378 379 380 381 410
410 20.5 13.5 3.0 0 0 0 1 441 411 412 439 440 438 410 408 409 378 379 380 381 382 442
411 21.5 13.5 3.0 0 0 0 1 441 411 412 442 413 443 439 440 409 410 379 380 381 382 383
412 22.5 13.5 3.0 0 0 0 1 384 443 444 412 442 413 414 440 441 410 411 380 381 382 383
413 23.5 13.5 3.0 0 0 0 1 384 385 443 444 413 415 414 445 441 442 411 412 381 382 383
414 24.5 13.5 3.0 0 0 0 1 384 385 386 443 444 445 416 414 446 442 415 412 413 382 383
415 25.5 13.5 3.0 0 0 0 1 384 385 386 387 417 447 445 443 416 446 415 444 413 414 383
416 26.5 13.5 3.0 0 0 0 1 384 385 386 387 388 417 418 416 448 446 447 444 445 414 415
417 27.5 13.5 3.0 0 0 0 1 416 385 386 387 388 389 417 418 449 419 448 447 445 446 415
418 28.5 13.5 3.0 0 0 0 1 416 417 386 387 388 389 449 418 419 448 446 447
419 29.5 13.5 3.0 0 0 0 1 448 417 418 419 388 389 449 387 447
420 0.5 14.5 3.0 0 0 0 1 450 451 420 421 422 391 392 452 390
421 1.5 14.5 3.0 0 0 0 1 450 451 420 421 390 391 392 393 423 422 452 453
422 2.5 14.5 3.0 0 0 0 1 450 451 420 421 390 391 392 393 394 423 454 424 422 452 453
423 3.5 14.5 3.0 0 0 0 1 451 452 421 422 391 392 393 394 395 454 424 425 423 455 453
424 4.5 14.5 3.0 0 0 0 1 452 453 422 423 392 393 394 395 396 454 424 456 425 426 455
425 5.5 14.5 3.0 0 0 0 1 457 427 453 454 423 424 393 394 395 396 397 456 425 426 455
426 6.5 14.5 3.0 0 0 0 1 458 427 454 455 424 425 394 395 396 397 398 456 457 428 426
427 7.5 14.5 3.0 0 0 0 1 427 455 456 425 426 395 396 397 398 399 457 429 428 458 459
428 8.5 14.5 3.0 0 0 0 1 459 456 428 426 427 396 397 398 399 400 430 457 429 460 458
429 9.5 14.5 3.0 0 0 0 1 459 457 458 427 428 397 398 399 400 401 430 429 461 431 460
430 10.5 14.5 3.0 0 0 0 1 432 460 458 459 428 429 398 399 400 401 402 430 462 461 431
431 11.5 14.5 3.0 0 0 0 1 432 433 459 460 429 430 399 400 401 402 403 462 463 461 431
432 12.5 14.5 3.0 0 0 0 1 432 464 433 460 434 430 431 400 401 402 403 404 462 461 463
433 13.5 14.5 3.0 0 0 0 1 464 435 433 465 434 462 431 432 401 402 403 404 405 461 463
434 14.5 14.5 3.0 0 0 0 1 464 435 465 466 434 462 463 432 433 402 403 404 405 406 436
435 15.5 14.5 3.0 0 0 0 1 465 466 435 467 463 464 433 434 403 404 405 406 407 436 437
436 16.5 14.5 3.0 0 0 0 1 438 468 466 467 464 465 434 435 404 405 406 407 408 436 437
437 17.5 14.5 3.0 0 0 0 1 438 469 439 468 467 465 466 435 436 405 406 407 408 409 437
438 18.5 14.5 3.0 0 0 0 1 438 470 439 468 440 466 467 436 437 406 407 408 409 410 469
439 19.5 14.5 3.0 0 0 0 1 441 470 471 439 440 467 468 437 438 407 408 409 410 411 469
440 20.5 14.5 3.0 0 0 0 1 441 472 470 471 440 468 469 438 439 408 409 410 411 412 442
441 21.5 14.5 3.0 0 0 0 1 441 473 443 471 472 469 470 439 440 409 410 411 412 413 442
442 22.5 14.5 3.0 0 0 0 1 474 473 443 444 472 470 471 440 441 410 411 412 413 414 442
443 23.5 14.5 3.0 0 0 0 1 474 473 443 444 445 475 471 472 441 442 411 412 413 414 415
444 24.5 14.5 3.0 0 0 0 1 416 474 475 444 476 445 446 472 473 442 443 412 413 414 415
445 25.5 14.5 3.0 0 0 0 1 416 417 475 476 447 445 477 446 473 474 443 444 413 414 415
446 26.5 14.5 3.0 0 0 0 1 416 417 418 475 476 477 448 446 478 474 447 444 445 414 415
447 27.5 14.5 3.0 0 0 0 1 416 417 418 419 449 477 448 478 479 475 447 476 445 446 415
448 28.5 14.5 3.0 0 0 0 1 416 417 418 419 449 448 478 479 476 477 446 447
449 29.5 14.5 3.0 0 0 0 1 448 417 418 419 449 479 477 478 447
450 0.5 15.5 3.0 0 0 0 1 480 481 450 451 452 421 422 482 420
451 1.5 15.5 3.0 0 0 0 1 480 481 450 451 420 421 422 423 482 483 452 453
452 2.5 15.5 3.0 0 0 0 1 480 481 450 451 420 421 422 423 424 454 484 482 483 452 453
453 3.5 15.5 3.0 0 0 0 1 481 482 451 452 421 422 423 424 425 455 454 483 485 484 453
454 4.5 15.5 3.0 0 0 0 1 482 483 452 453 422 423 424 425 426 455 454 456 486 484 485
455 5.5 15.5 3.0 0 0 0 1 483 484 453 454 423 424 425 426 427 486 456 487 457 485 455
456 6.5 15.5 3.0 0 0 0 1 484 485 454 455 424 425 426 427 428 486 456 487 457 488 458
457 7.5 15.5 3.0 0 0 0 1 459 487 485 486 455 456 425 426 427 428 429 489 488 457 458
458 8.5 15.5 3.0 0 0 0 1 490 459 486 487 456 457 426 427 428 429 430 488 489 460 458
459 9.5 15.5 3.0 0 0 0 1 459 487 488 457 458 427 428 429 430 431 489 461 460 490 491
460 10.5 15.5 3.0 0 0 0 1 491 488 460 458 459 428 429 430 431 432 492 462 489 461 490
461 11.5 15.5 3.0 0 0 0 1 491 493 489 490 459 460 429 430 431 432 433 462 461 463 492
462 12.5 15.5 3.0 0 0 0 1 464 493 492 490 491 460 461 430 431 432 433 434 462 494 463
463 13.5 15.5 3.0 0 0 0 1 464 465 493 491 492 461 462 431 432 433 434 435 494 495 463
464 14.5 15.5 3.0 0 0 0 1 464 465 496 492 466 462 463 432 433 434 435 436 494 495 493
465 15.5 15.5 3.0 0 0 0 1 497 496 465 466 467 463 464 433 434 435 436 437 495 494 493
466 16.5 15.5 3.0 0 0 0 1 496 497 498 466 467 495 464 465 434 435 436 437 438 468 494
467 17.5 15.5 3.0 0 0 0 1 497 499 498 467 495 496 465 466 435 436 437 438 439 468 469
468 18.5 15.5 3.0 0 0 0 1 500 470 498 499 496 497 466 467 436 437 438 439 440 468 469
469 19.5 15.5 3.0 0 0 0 1 470 471 500 499 497 498 467 468 437 438 439 440 441 501 469
470 20.5 15.5 3.0 0 0 0 1 470 502 471 500 472 498 499 468 469 438 439 440 441 442 501
471 21.5 15.5 3.0 0 0 0 1 473 502 503 471 472 499 500 469 470 439 440 441 442 443 501
472 22.5 15.5 3.0 0 0 0 1 473 504 502 503 472 500 501 470 471 440 441 442 443 444 474
473 23.5 15.5 3.0 0 0 0 1 474 473 475 503 505 504 501 502 471 472 441 442 443 444 445
474 24.5 15.5 3.0 0 0 0 1 474 506 475 476 505 504 502 503 472 473 442 443 444 445 446
475 25.5 15.5 3.0 0 0 0 1 506 475 476 507 477 505 503 504 473 474 443 444 445 446 447
476 26.5 15.5 3.0 0 0 0 1 448 506 507 476 477 508 478 504 505 474 475 444 445 446 447
477 27.5 15.5 3.0 0 0 0 1 448 449 507 509 508 477 478 479 505 506 475 476 445 446 447
478 28.5 15.5 3.0 0 0 0 1 448 449 507 508 509 478 506 479 476 477 446 447
479 29.5 15.5 3.0 0 0 0 1 448 449 507 509 447 508 477 478 479
480 0.5 16.5 3.0 0 0 0 1 480 481 450 451 452 482 512 510 511
481 1.5 16.5 3.0 0 0 0 1 480 481 450 451 452 453 513 482 483 512 510 511
482 2.5 16.5 3.0 0 0 0 1 480 481 450 451 452 453 454 513 482 514 483 512 484 510 511
483 3.5 16.5 3.0 0 0 0 1 512 481 482 451 452 453 454 455 514 515 483 513 484 511 485
484 4.5 16.5 3.0 0 0 0 1 512 513 482 483 452 453 454 455 456 486 514 516 515 484 485
485 5.5 16.5 3.0 0 0 0 1 513 514 483 484 453 454 455 456 457 487 517 486 515 516 485
486 6.5 16.5 3.0 0 0 0 1 514 515 484 485 454 455 456 457 458 487 486 488 518 516 517
487 7.5 16.5 3.0 0 0 0 1 515 487 485 486 455 456 457 458 459 519 488 518 489 516 517
488 8.5 16.5 3.0 0 0 0 1 516 517 486 487 456 457 458 459 460 519 488 518 489 490 520
489 9.5 16.5 3.0 0 0 0 1 491 521 517 518 487 488 457 458 459 460 461 519 520 489 490
490 10.5 16.5 3.0 0 0 0 1 522 491 518 519 488 489 458 459 460 461 462 520 492 521 490
491 11.5 16.5 3.0 0 0 0 1 523 522 491 519 520 489 490 459 460 461 462 463 521 493 492
492 12.5 16.5 3.0 0 0 0 1 523 520 492 490 491 460 461 462 463 464 494 521 493 522 524
493 13.5 16.5 3.0 0 0 0 1 523 521 522 491 492 461 462 463 464 465 494 495 493 525 524
494 14.5 16.5 3.0 0 0 0 1 496 524 522 523 492 493 462 463 464 465 466 494 526 495 525
495 15.5 16.5 3.0 0 0 0 1 496 497 523 524 493 494 463 464 465 466 467 526 527 495 525
496 16.5 16.5 3.0 0 0 0 1 496 497 524 498 494 495 464 465 466 467 468 526 528 527 525
497 17.5 16.5 3.0 0 0 0 1 528 529 497 499 498 526 495 496 465 466 467 468 469 527 525
498 18.5 16.5 3.0 0 0 0 1 528 529 530 498 526 499 496 497 466 467 468 469 470 500 527
499 19.5 16.5 3.0 0 0 0 1 529 531 530 499 528 497 498 467 468 469 470 471 500 527 501
500 20.5 16.5 3.0 0 0 0 1 502 530 532 531 528 529 498 499 468 469 470 471 472 500 501
501 21.5 16.5 3.0 0 0 0 1 502 503 533 532 531 529 530 499 500 469 470 471 472 473 501
502 22.5 16.5 3.0 0 0 0 1 502 534 503 532 504 530 531 500 501 470 471 472 473 474 533
503 23.5 16.5 3.0 0 0 0 1 505 534 535 503 504 531 532 501 502 471 472 473 474 475 533
504 24.5 16.5 3.0 0 0 0 1 505 534 536 535 504 532 533 502 503 472 473 474 475 476 506
505 25.5 16.5 3.0 0 0 0 1 506 505 537 535 536 533 534 503 504 473 474 475 476 477 507
506 26.5 16.5 3.0 0 0 0 1 506 538 507 537 508 536 534 535 504 505 474 475 476 477 478
507 27.5 16.5 3.0 0 0 0 1 539 538 507 537 508 509 535 536 505 506 475 476 477 478 479
508 28.5 16.5 3.0 0 0 0 1 538 539 508 509 536 537 506 507 476 477 478 479
509 29.5 16.5 3.0 0 0 0 1 539 477 537 538 507 508 509 478 479
510 0.5 17.5 3.0 0 0 0 1 480 481 482 542 512 540 541 510 511
511 1.5 17.5 3.0 0 0 0 1 480 481 482 483 513 542 512 543 540 541 510 511
512 2.5 17.5 3.0 0 0 0 1 480 481 482 483 484 513 514 542 512 544 543 540 541 510 511
513 3.5 17.5 3.0 0 0 0 1 512 481 482 483 484 485 513 514 515 545 544 543 541 542 511
514 4.5 17.5 3.0 0 0 0 1 512 513 482 483 484 485 486 545 514 515 544 516 546 542 543
515 5.5 17.5 3.0 0 0 0 1 544 513 514 483 484 485 486 487 546 547 515 545 516 543 517
516 6.5 17.5 3.0 0 0 0 1 544 545 514 515 484 485 486 487 488 518 546 548 547 516 517
517 7.5 17.5 3.0 0 0 0 1 545 546 515 516 485 486 487 488 489 518 519 549 547 548 517
518 8.5 17.5 3.0 0 0 0 1 546 547 516 517 486 487 488 489 490 519 520 518 550 548 549
519 9.5 17.5 3.0 0 0 0 1 547 548 517 518 487 488 489 490 491 519 520 551 521 550 549
520 10.5 17.5 3.0 0 0 0 1 548 549 518 519 488 489 490 491 492 551 520 552 521 550 522
521 11.5 17.5 3.0 0 0 0 1 523 549 550 519 520 489 490 491 492 493 551 552 521 553 522
522 12.5 17.5 3.0 0 0 0 1 523 550 551 520 521 490 491 492 493 494 554 552 553 522 524
523 13.5 17.5 3.0 0 0 0 1 555 523 551 552 521 522 491 492 493 494 495 553 525 554 524
524 14.5 17.5 3.0 0 0 0 1 555 552 524 522 523 492 493 494 495 496 526 553 525 554 556
525 15.5 17.5 3.0 0 0 0 1 555 553 554 523 524 493 494 495 496 497 526 527 525 557 556
526 16.5 17.5 3.0 0 0 0 1 528 558 556 554 555 524 525 494 495 496 497 498 526 527 557
527 17.5 17.5 3.0 0 0 0 1 528 529 555 556 525 526 495 496 497 498 499 558 559 527 557
528 18.5 17.5 3.0 0 0 0 1 528 529 556 530 526 527 496 497 498 499 500 558 560 559 557
529 19.5 17.5 3.0 0 0 0 1 560 529 561 530 558 527 528 497 498 499 500 501 531 559 557
530 20.5 17.5 3.0 0 0 0 1 562 560 561 530 558 531 528 529 498 499 500 501 502 532 559
531 21.5 17.5 3.0 0 0 0 1 560 561 563 562 559 531 529 530 499 500 501 502 503 532 533
532 22.5 17.5 3.0 0 0 0 1 534 564 562 563 560 561 530 531 500 501 502 503 504 532 533
533 23.5 17.5 3.0 0 0 0 1 534 535 564 565 563 561 562 531 532 501 502 503 504 505 533
534 24.5 17.5 3.0 0 0 0 1 534 535 564 536 562 563 532 533 502 503 504 505 506 566 565
535 25.5 17.5 3.0 0 0 0 1 537 566 567 535 536 563 564 533 534 503 504 505 506 507 565
536 26.5 17.5 3.0 0 0 0 1 537 566 568 567 536 564 565 534 535 504 505 506 507 508 538
537 27.5 17.5 3.0 0 0 0 1 538 539 537 569 567 568 565 566 535 536 505 506 507 508 509
538 28.5 17.5 3.0 0 0 0 1 538 539 569 568 566 567 536 537 506 507 508 509
539 29.5 17.5 3.0 0 0 0 1 507 569 567 568 537 538 539 508 509
540 0.5 18.5 3.0 0 0 0 1 512 572 510 570 571 540 541 542 511
541 1.5 18.5 3.0 0 0 0 1 512 513 571 572 573 542 570 543 540 541 510 511
542 2.5 18.5 3.0 0 0 0 1 512 513 514 571 574 572 573 542 544 570 543 540 541 510 511
543 3.5 18.5 3.0 0 0 0 1 512 513 514 515 571 545 573 574 544 575 543 572 541 542 511
544 4.5 18.5 3.0 0 0 0 1 512 513 514 515 516 545 546 574 544 576 575 572 573 542 543
545 5.5 18.5 3.0 0 0 0 1 544 513 514 515 516 517 545 546 547 577 576 575 573 574 543
546 6.5 18.5 3.0 0 0 0 1 544 545 514 515 516 517 518 577 546 547 578 576 548 574 575
547 7.5 18.5 3.0 0 0 0 1 576 545 546 515 516 517 518 519 578 579 547 577 548 575 549
548 8.5 18.5 3.0 0 0 0 1 576 577 546 547 516 517 518 519 520 550 578 580 579 548 549
549 9.5 18.5 3.0 0 0 0 1 577 578 547 548 517 518 519 520 521 550 551 579 581 580 549
550 10.5 18.5 3.0 0 0 0 1 578 579 548 549 518 519 520 521 522 550 582 551 552 580 581
551 11.5 18.5 3.0 0 0 0 1 579 580 549 550 519 520 521 522 523 582 551 552 583 553 581
552 12.5 18.5 3.0 0 0 0 1 580 581 550 551 520 521 522 523 524 584 552 582 583 553 554
553 13.5 18.5 3.0 0 0 0 1 555 581 582 551 552 521 522 523 524 525 584 583 553 554 585
554 14.5 18.5 3.0 0 0 0 1 555 586 582 583 552 553 522 523 524 525 526 584 585 554 556
555 15.5 18.5 3.0 0 0 0 1 587 555 586 583 584 553 554 523 524 525 526 527 585 557 556
556 16.5 18.5 3.0 0 0 0 1 588 587 586 584 556 554 555 524 525 526 527 528 558 585 557
557 17.5 18.5 3.0 0 0 0 1 588 587 585 586 555 556 525 526 527 528 529 558 559 557 589
558 18.5 18.5 3.0 0 0 0 1 560 588 586 587 556 557 526 527 528 529 530 558 559 590 589
559 19.5 18.5 3.0 0 0 0 1 560 561 587 588 557 558 527 528 529 530 531 590 591 559 589
560 20.5 18.5 3.0 0 0 0 1 560 561 588 562 558 559 528 529 530 531 532 590 592 591 589
561 21.5 18.5 3.0 0 0 0 1 592 561 593 562 590 559 560 529 530 531 532 533 563 591 589
562 22.5 18.5 3.0 0 0 0 1 592 594 593 562 590 563 560 561 530 531 532 533 534 564 591
563 23.5 18.5 3.0 0 0 0 1 593 595 594 563 592 561 562 531 532 533 534 535 564 591 565
564 24.5 18.5 3.0 0 0 0 1 566 594 596 592 593 562 563 532 533 534 535 536 564 595 565
565 25.5 18.5 3.0 0 0 0 1 566 567 597 596 593 594 563 564 533 534 535 536 537 595 565
566 26.5 18.5 3.0 0 0 0 1 566 567 598 596 568 594 595 564 565 534 535 536 537 538 597
567 27.5 18.5 3.0 0 0 0 1 569 599 567 598 568 595 596 565 566 535 536 537 538 539 597
568 28.5 18.5 3.0 0 0 0 1 569 599 598 568 596 597 566 567 536 537 538 539
569 29.5 18.5 3.0 0 0 0 1 599 567 597 598 569 568 537 538 539
570 0.5 19.5 3.0 0 0 0 1 602 540 600 601 570 571 572 541 542
571 1.5 19.5 3.0 0 0 0 1 603 602 572 573 600 601 570 571 540 541 542 543
572 2.5 19.5 3.0 0 0 0 1 544 604 603 602 572 573 574 600 601 570 571 540 541 542 543
573 3.5 19.5 3.0 0 0 0 1 544 545 603 604 573 605 574 601 575 602 571 572 541 542 543
574 4.5 19.5 3.0 0 0 0 1 544 545 546 603 604 606 605 574 576 602 575 572 573 542 543
575 5.5 19.5 3.0 0 0 0 1 544 545 546 547 577 603 605 606 576 607 575 604 573 574 543
576 6.5 19.5 3.0 0 0 0 1 544 545 546 547 548 577 578 606 576 608 607 604 605 574 575
577 7.5 19.5 3.0 0 0 0 1 576 545 546 547 548 549 577 578 579 609 608 607 605 606 575
578 8.5 19.5 3.0 0 0 0 1 576 577 546 547 548 549 550 609 578 579 610 608 580 606 607
579 9.5 19.5 3.0 0 0 0 1 608 577 578 547 548 549 550 551 610 579 609 580 607 611 581
580 10.5 19.5 3.0 0 0 0 1 608 609 578 579 548 549 550 551 552 582 610 612 611 580 581
581 11.5 19.5 3.0 0 0 0 1 609 610 579 580 549 550 551 552 553 583 582 613 611 612 581
582 12.5 19.5 3.0 0 0 0 1 610 611 580 581 550 551 552 553 554 583 582 614 584 612 613
583 13.5 19.5 3.0 0 0 0 1 611 612 581 582 551 552 553 554 555 614 584 583 585 615 613
584 14.5 19.5 3.0 0 0 0 1 612 613 582 583 552 553 554 555 556 614 616 584 585 615 586
585 15.5 19.5 3.0 0 0 0 1 587 617 613 614 583 584 553 554 555 556 557 616 585 615 586
586 16.5 19.5 3.0 0 0 0 1 588 587 618 614 615 584 585 554 555 556 557 558 616 617 586
587 17.5 19.5 3.0 0 0 0 1 588 587 615 616 585 586 555 556 557 558 559 619 617 618 589
588 18.5 19.5 3.0 0 0 0 1 620 619 616 588 586 587 556 557 558 559 560 590 617 618 589
589 19.5 19.5 3.0 0 0 0 1 620 619 617 618 587 588 557 558 559 560 561 590 591 589 621
590 20.5 19.5 3.0 0 0 0 1 592 620 618 619 588 589 558 559 560 561 562 590 591 622 621
591 21.5 19.5 3.0 0 0 0 1 592 593 623 619 620 589 590 559 560 561 562 563 622 591 621
592 22.5 19.5 3.0 0 0 0 1 592 593 620 594 590 591 560 561 562 563 564 622 624 623 621
593 23.5 19.5 3.0 0 0 0 1 624 593 623 594 622 591 592 561 562 563 564 565 625 595 621
594 24.5 19.5 3.0 0 0 0 1 624 625 626 594 622 623 592 593 562 563 564 565 566 596 595
595 25.5 19.5 3.0 0 0 0 1 627 625 626 623 624 593 594 563 564 565 566 567 596 595 597
596 26.5 19.5 3.0 0 0 0 1 627 598 626 628 624 625 594 595 564 565 566 567 568 596 597
597 27.5 19.5 3.0 0 0 0 1 627 598 599 629 628 625 626 595 596 565 566 567 568 569 597
598 28.5 19.5 3.0 0 0 0 1 598 599 628 626 627 596 597 566 567 568 569 629
599 29.5 19.5 3.0 0 0 0 1 567 627 628 597 598 599 568 569 629
600 0.5 20.5 3.0 0 0 0 1 632 630 631 600 601 570 571 572 602
601 1.5 20.5 3.0 0 0 0 1 603 602 633 632 630 631 600 601 570 571 572 573
602 2.5 20.5 3.0 0 0 0 1 603 602 634 633 604 632 630 631 600 601 570 571 572 573 574
603 3.5 20.5 3.0 0 0 0 1 603 634 633 604 605 635 631 632 601 602 571 572 573 574 575
604 4.5 20.5 3.0 0 0 0 1 576 636 635 634 604 605 606 632 633 602 603 572 573 574 575
605 5.5 20.5 3.0 0 0 0 1 576 577 635 634 636 637 605 606 633 607 603 604 573 574 575
606 6.5 20.5 3.0 0 0 0 1 576 577 578 635 636 637 638 606 608 634 607 604 605 574 575
607 7.5 20.5 3.0 0 0 0 1 576 577 578 579 609 639 637 635 638 608 607 636 605 606 575
608 8.5 20.5 3.0 0 0 0 1 576 577 578 579 580 609 610 638 608 640 639 636 637 606 607
609 9.5 20.5 3.0 0 0 0 1 608 577 578 579 580 581 609 610 611 641 640 639 637 638 607
610 10.5 20.5 3.0 0 0 0 1 608 609 578 579 580 581 582 641 610 611 642 612 640 638 639
611 11.5 20.5 3.0 0 0 0 1 640 609 610 579 580 581 582 583 642 611 643 641 612 639 613
612 12.5 20.5 3.0 0 0 0 1 640 641 610 611 580 581 582 583 584 614 644 643 642 612 613
613 13.5 20.5 3.0 0 0 0 1 641 642 611 612 581 582 583 584 585 615 614 645 643 644 613
614 14.5 20.5 3.0 0 0 0 1 642 643 612 613 582 583 584 585 586 615 614 646 616 644 645
615 15.5 20.5 3.0 0 0 0 1 643 644 613 614 583 584 585 586 587 647 646 616 617 615 645
616 16.5 20.5 3.0 0 0 0 1 644 645 614 615 584 585 586 587 588 646 616 647 648 617 618
617 17.5 20.5 3.0 0 0 0 1 619 645 646 615 616 585 586 587 588 589 649 648 647 617 618
618 18.5 20.5 3.0 0 0 0 1 620 619 646 647 616 617 586 587 588 589 590 648 649 618 650
619 19.5 20.5 3.0 0 0 0 1 620 619 651 647 648 617 618 587 588 589 590 591 649 650 621
620 20.5 20.5 3.0 0 0 0 1 652 651 648 620 618 619 588 589 590 591 592 622 649 650 621
621 21.5 20.5 3.0 0 0 0 1 653 652 651 649 650 619 620 589 590 591 592 593 622 623 621
622 22.5 20.5 3.0 0 0 0 1 653 624 652 650 651 620 621 590 591 592 593 594 622 623 654
623 23.5 20.5 3.0 0 0 0 1 653 624 625 651 652 621 622 591 592 593 594 595 654 623 655
624 24.5 20.5 3.0 0 0 0 1 653 624 625 652 626 622 623 592 593 594 595 596 654 656 655
625 25.5 20.5 3.0 0 0 0 1 627 653 625 626 654 623 624 593 594 595 596 597 657 656 655
626 26.5 20.5 3.0 0 0 0 1 627 656 657 658 626 654 655 624 625 594 595 596 597 598 628
627 27.5 20.5 3.0 0 0 0 1 627 659 657 658 655 656 625 626 595 596 597 598 599 628 629
628 28.5 20.5 3.0 0 0 0 1 659 658 656 657 626 627 596 597 598 599 628 629
629 29.5 20.5 3.0 0 0 0 1 659 657 658 627 628 629 598 599 597
630 0.5 21.5 3.0 0 0 0 1 662 632 660 661 630 631 600 601 602
631 1.5 21.5 3.0 0 0 0 1 662 633 663 632 660 661 630 631 600 601 602 603
632 2.5 21.5 3.0 0 0 0 1 662 633 664 663 632 660 661 630 631 600 601 602 603 604 634
633 3.5 21.5 3.0 0 0 0 1 635 634 633 665 663 664 661 662 631 632 601 602 603 604 605
634 4.5 21.5 3.0 0 0 0 1 635 634 666 665 636 664 662 663 632 633 602 603 604 605 606
635 5.5 21.5 3.0 0 0 0 1 635 667 666 665 636 637 663 664 633 634 603 604 605 606 607
636 6.5 21.5 3.0 0 0 0 1 608 668 667 666 636 637 638 664 665 634 635 604 605 606 607
637 7.5 21.5 3.0 0 0 0 1 608 609 667 669 639 668 637 638 665 666 635 636 605 606 607
638 8.5 21.5 3.0 0 0 0 1 608 609 610 667 666 668 669 638 670 640 639 636 637 606 607
639 9.5 21.5 3.0 0 0 0 1 608 609 610 611 667 641 671 669 670 640 639 668 637 638 607
640 10.5 21.5 3.0 0 0 0 1 608 609 610 611 612 641 672 642 670 640 671 668 669 638 639
641 11.5 21.5 3.0 0 0 0 1 640 609 610 611 612 613 641 672 642 643 673 671 669 670 639
642 12.5 21.5 3.0 0 0 0 1 640 641 610 611 612 613 614 673 642 643 674 644 672 670 671
643 13.5 21.5 3.0 0 0 0 1 672 641 642 611 612 613 614 615 674 643 675 644 671 673 645
644 14.5 21.5 3.0 0 0 0 1 672 673 642 643 612 613 614 615 616 674 646 675 644 676 645
645 15.5 21.5 3.0 0 0 0 1 673 674 643 644 613 614 615 616 617 647 646 677 675 676 645
646 16.5 21.5 3.0 0 0 0 1 674 675 644 645 614 615 616 617 618 647 646 678 648 676 677
647 17.5 21.5 3.0 0 0 0 1 675 676 645 646 615 616 617 618 619 647 679 678 648 649 677
648 18.5 21.5 3.0 0 0 0 1 676 677 646 647 616 617 618 619 620 679 678 648 649 680 650
649 19.5 21.5 3.0 0 0 0 1 679 651 677 678 647 648 617 618 619 620 621 681 680 649 650
650 20.5 21.5 3.0 0 0 0 1 652 651 682 678 679 648 649 618 619 620 621 622 680 681 650
651 21.5 21.5 3.0 0 0 0 1 653 652 651 683 679 680 649 650 619 620 621 622 623 681 682
652 22.5 21.5 3.0 0 0 0 1 653 683 680 652 650 651 620 621 622 623 624 684 654 681 682
653 23.5 21.5 3.0 0 0 0 1 653 685 683 681 682 651 652 621 622 623 624 625 654 684 655
654 24.5 21.5 3.0 0 0 0 1 656 685 684 682 683 652 653 622 623 624 625 626 654 655 686
655 25.5 21.5 3.0 0 0 0 1 656 685 657 683 684 653 654 623 624 625 626 627 686 655 687
656 26.5 21.5 3.0 0 0 0 1 656 685 657 688 684 658 654 655 624 625 626 627 628 686 687
657 27.5 21.5 3.0 0 0 0 1 685 659 657 688 658 686 655 656 625 626 627 628 629 689 687
658 28.5 21.5 3.0 0 0 0 1 688 659 689 658 686 687 656 657 626 627 628 629
659 29.5 21.5 3.0 0 0 0 1 627 689 687 688 657 658 659 628 629
660 0.5 22.5 3.0 0 0 0 1 630 690 691 660 661 662 631 632 692
661 1.5 22.5 3.0 0 0 0 1 692 662 663 690 691 660 661 630 631 632 633 693
662 2.5 22.5 3.0 0 0 0 1 692 662 663 694 664 690 691 660 661 630 631 632 633 634 693
663 3.5 22.5 3.0 0 0 0 1 694 665 663 695 664 691 692 661 662 631 632 633 634 635 693
664 4.5 22.5 3.0 0 0 0 1 694 665 695 664 692 693 662 663 632 633 634 635 636 666 696
665 5.5 22.5 3.0 0 0 0 1 667 666 665 697 695 696 693 694 663 664 633 634 635 636 637
666 6.5 22.5 3.0 0 0 0 1 667 666 698 668 697 696 694 695 664 665 634 635 636 637 638
667 7.5 22.5 3.0 0 0 0 1 667 699 698 668 697 669 695 696 665 666 635 636 637 638 639
668 8.5 22.5 3.0 0 0 0 1 640 699 698 668 669 700 670 696 697 666 667 636 637 638 639
669 9.5 22.5 3.0 0 0 0 1 640 641 699 701 700 671 669 670 697 698 667 668 637 638 639
670 10.5 22.5 3.0 0 0 0 1 640 641 642 699 672 700 702 701 670 698 671 668 669 638 639
671 11.5 22.5 3.0 0 0 0 1 640 641 642 643 699 673 672 701 703 702 671 700 669 670 639
672 12.5 22.5 3.0 0 0 0 1 640 641 642 643 644 673 704 674 703 702 672 700 701 670 671
673 13.5 22.5 3.0 0 0 0 1 672 641 642 643 644 645 673 674 675 705 703 704 701 702 671
674 14.5 22.5 3.0 0 0 0 1 672 673 642 643 644 645 646 705 674 675 706 676 704 702 703
675 15.5 22.5 3.0 0 0 0 1 704 673 674 643 644 645 646 647 706 675 707 676 705 703 677
676 16.5 22.5 3.0 0 0 0 1 704 705 674 675 644 645 646 647 648 706 678 707 708 676 677
677 17.5 22.5 3.0 0 0 0 1 705 706 675 676 645 646 647 648 649 679 678 709 707 708 677
678 18.5 22.5 3.0 0 0 0 1 706 707 676 677 646 647 648 649 650 679 678 710 680 708 709
679 19.5 22.5 3.0 0 0 0 1 707 708 677 678 647 648 649 650 651 679 711 710 680 681 709
680 20.5 22.5 3.0 0 0 0 1 708 709 678 679 648 649 650 651 652 711 710 680 712 681 682
681 21.5 22.5 3.0 0 0 0 1 683 709 710 679 680 649 650 651 652 653 711 712 713 681 682
682 22.5 22.5 3.0 0 0 0 1 683 714 710 711 680 681 650 651 652 653 654 684 712 713 682
683 23.5 22.5 3.0 0 0 0 1 685 683 715 711 712 681 682 651 652 653 654 655 684 713 714
684 24.5 22.5 3.0 0 0 0 1 685 715 716 712 684 682 683 652 653 654 655 656 686 713 714
685 25.5 22.5 3.0 0 0 0 1 685 717 715 716 713 714 683 684 653 654 655 656 657 686 687
686 26.5 22.5 3.0 0 0 0 1 718 688 717 716 714 715 684 685 654 655 656 657 658 686 687
687 27.5 22.5 3.0 0 0 0 1 688 717 689 715 716 685 686 655 656 657 658 659 718 687 719
688 28.5 22.5 3.0 0 0 0 1 688 689 716 717 686 687 656 657 658 659 718 719
689 29.5 22.5 3.0 0 0 0 1 689 717 718 687 688 657 658 659 719
690 0.5 23.5 3.0 0 0 0 1 722 720 721 690 691 692 661 662 660
691 1.5 23.5 3.0 0 0 0 1 722 723 720 721 690 691 660 661 662 663 692 693
692 2.5 23.5 3.0 0 0 0 1 694 722 723 720 721 690 691 660 661 662 663 664 692 724 693
693 3.5 23.5 3.0 0 0 0 1 694 695 723 721 722 691 692 661 662 663 664 665 724 725 693
694 4.5 23.5 3.0 0 0 0 1 724 694 695 726 696 722 723 692 693 662 663 664 665 666 725
695 5.5 23.5 3.0 0 0 0 1 726 697 695 727 696 723 724 693 694 663 664 665 666 667 725
696 6.5 23.5 3.0 0 0 0 1 726 697 727 728 696 724 725 694 695 664 665 666 667 668 698
697 7.5 23.5 3.0 0 0 0 1 699 698 697 729 727 728 725 726 695 696 665 666 667 668 669
698 8.5 23.5 3.0 0 0 0 1 699 698 730 700 729 728 726 727 696 697 666 667 668 669 670
699 9.5 23.5 3.0 0 0 0 1 699 731 730 700 729 701 727 728 697 698 667 668 669 670 671
700 10.5 23.5 3.0 0 0 0 1 672 731 732 730 700 701 702 728 729 698 699 668 669 670 671
701 11.5 23.5 3.0 0 0 0 1 672 673 733 731 732 701 703 702 729 730 699 700 669 670 671
702 12.5 23.5 3.0 0 0 0 1 672 673 674 731 734 732 704 733 702 730 703 700 701 670 671
703 13.5 23.5 3.0 0 0 0 1 672 673 674 675 731 705 732 733 734 735 703 704 701 702 671
704 14.5 23.5 3.0 0 0 0 1 672 673 674 675 676 705 732 706 736 734 735 704 733 702 703
705 15.5 23.5 3.0 0 0 0 1 704 673 674 675 676 677 705 737 706 736 707 735 733 734 703
706 16.5 23.5 3.0 0 0 0 1 704 705 674 675 676 677 678 737 706 707 738 708 736 734 735
707 17.5 23.5 3.0 0 0 0 1 736 705 706 675 676 677 678 679 737 738 707 739 708 735 709
708 18.5 23.5 3.0 0 0 0 1 736 737 706 707 676 677 678 679 680 738 710 739 740 708 709
709 19.5 23.5 3.0 0 0 0 1 741 737 738 707 708 677 678 679 680 681 711 710 739 740 709
710 20.5 23.5 3.0 0 0 0 1 738 739 708 709 678 679 680 681 682 711 710 712 742 740 741
711 21.5 23.5 3.0 0 0 0 1 739 740 709 710 679 680 681 682 683 711 743 712 742 713 741
712 22.5 23.5 3.0 0 0 0 1 740 741 710 711 680 681 682 683 684 744 743 712 742 713 714
713 23.5 23.5 3.0 0 0 0 1 715 741 742 711 712 681 682 683 684 685 743 744 713 745 714
714 24.5 23.5 3.0 0 0 0 1 715 716 742 743 712 713 682 683 684 685 686 744 746 745 714
715 25.5 23.5 3.0 0 0 0 1 717 715 716 743 744 713 714 683 684 685 686 687 747 745 746
716 26.5 23.5 3.0 0 0 0 1 717 747 748 744 716 714 715 684 685 686 687 688 718 745 746
717 27.5 23.5 3.0 0 0 0 1 717 747 748 745 746 715 716 685 686 687 688 689 718 749 719
718 28.5 23.5 3.0 0 0 0 1 749 748 746 747 716 717 686 687 688 689 718 719
719 29.5 23.5 3.0 0 0 0 1 749 747 748 717 718 719 688 689 687
720 0.5 24.5 3.0 0 0 0 1 752 722 750 751 720 721 690 691 692
721 1.5 24.5 3.0 0 0 0 1 752 753 722 750 751 720 721 690 691 692 693 723
722 2.5 24.5 3.0 0 0 0 1 752 753 722 750 723 720 721 690 691 692 693 694 724 751 754
723 3.5 24.5 3.0 0 0 0 1 755 753 754 723 752 721 722 691 692 693 694 695 724 751 725
724 4.5 24.5 3.0 0 0 0 1 726 756 754 752 753 722 723 692 693 694 695 696 724 755 725
725 5.5 24.5 3.0 0 0 0 1 757 726 756 727 753 754 723 724 693 694 695 696 697 755 725
726 6.5 24.5 3.0 0 0 0 1 726 756 727 758 728 754 755 724 725 694 695 696 697 698 757
727 7.5 24.5 3.0 0 0 0 1 758 729 727 759 728 755 756 725 726 695 696 697 698 699 757
728 8.5 24.5 3.0 0 0 0 1 758 729 759 760 728 756 757 726 727 696 697 698 699 700 730
729 9.5 24.5 3.0 0 0 0 1 731 730 729 759 760 757 758 727 728 697 698 699 700 701 761
730 10.5 24.5 3.0 0 0 0 1 731 730 732 761 762 760 758 759 728 729 698 699 700 701 702
731 11.5 24.5 3.0 0 0 0 1 731 763 732 761 762 733 759 760 729 730 699 700 701 702 703
732 12.5 24.5 3.0 0 0 0 1 704 763 764 732 762 733 734 760 761 730 731 700 701 702 703
733 13.5 24.5 3.0 0 0 0 1 704 705 763 764 733 765 734 735 761 762 731 732 701 702 703
734 14.5 24.5 3.0 0 0 0 1 704 705 706 763 766 764 765 736 734 762 735 732 733 702 703
735 15.5 24.5 3.0 0 0 0 1 704 705 706 707 763 737 767 765 736 766 735 764 733 734 703
736 16.5 24.5 3.0 0 0 0 1 704 705 706 707 708 737 738 765 766 768 767 764 736 734 735
737 17.5 24.5 3.0 0 0 0 1 736 705 706 707 708 709 737 738 739 768 767 769 765 766 735
738 18.5 24.5 3.0 0 0 0 1 736 737 706 707 708 709 710 769 738 739 768 740 770 766 767
739 19.5 24.5 3.0 0 0 0 1 768 737 738 707 708 709 710 711 770 739 771 740 767 769 741
740 20.5 24.5 3.0 0 0 0 1 768 769 738 739 708 709 710 711 712 770 742 771 772 740 741
741 21.5 24.5 3.0 0 0 0 1 769 770 739 740 709 710 711 712 713 743 742 771 773 772 741
742 22.5 24.5 3.0 0 0 0 1 770 771 740 741 710 711 712 713 714 743 744 742 774 772 773
743 23.5 24.5 3.0 0 0 0 1 771 772 741 742 711 712 713 714 715 743 775 744 774 745 773
744 24.5 24.5 3.0 0 0 0 1 772 773 742 743 712 713 714 715 716 776 775 744 774 745 746
745 25.5 24.5 3.0 0 0 0 1 747 773 774 743 744 713 714 715 716 717 775 776 777 745 746
746 26.5 24.5 3.0 0 0 0 1 747 748 774 775 744 745 714 715 716 717 718 776 778 777 746
747 27.5 24.5 3.0 0 0 0 1 747 779 748 775 776 745 746 715 716 717 718 719 749 777 778
748 28.5 24.5 3.0 0 0 0 1 749 779 776 748 746 747 716 717 718 719 777 778
749 29.5 24.5 3.0 0 0 0 1 779 777 778 747 748 749 718 717 719
750 0.5 25.5 3.0 0 0 0 1 752 780 781 750 751 720 721 722 782
751 1.5 25.5 3.0 0 0 0 1 752 753 780 781 750 751 720 721 722 723 782 783
752 2.5 25.5 3.0 0 0 0 1 752 781 753 780 754 750 751 720 721 722 723 724 782 783 784
753 3.5 25.5 3.0 0 0 0 1 784 781 753 754 782 751 752 721 722 723 724 725 755 783 785
754 4.5 25.5 3.0 0 0 0 1 784 785 754 782 783 752 753 722 723 724 725 726 755 756 786
755 5.5 25.5 3.0 0 0 0 1 755 785 786 783 784 753 754 723 724 725 726 727 787 756 757
756 6.5 25.5 3.0 0 0 0 1 758 786 788 784 785 754 755 724 725 726 727 728 756 787 757
757 7.5 25.5 3.0 0 0 0 1 758 759 788 785 786 755 756 725 726 727 728 729 789 787 757
758 8.5 25.5 3.0 0 0 0 1 758 759 788 760 786 787 756 757 726 727 728 729 730 790 789
759 9.5 25.5 3.0 0 0 0 1 790 759 791 760 787 788 757 758 727 728 729 730 731 761 789
760 10.5 25.5 3.0 0 0 0 1 790 761 792 791 760 788 789 758 759 728 729 730 731 732 762
761 11.5 25.5 3.0 0 0 0 1 763 762 761 793 791 792 789 790 759 760 729 730 731 732 733
762 12.5 25.5 3.0 0 0 0 1 763 764 762 794 793 792 790 791 760 761 730 731 732 733 734
763 13.5 25.5 3.0 0 0 0 1 763 795 764 794 793 765 791 792 761 762 731 732 733 734 735
764 14.5 25.5 3.0 0 0 0 1 736 795 796 764 794 765 766 792 793 762 763 732 733 734 735
765 15.5 25.5 3.0 0 0 0 1 736 737 795 797 796 767 765 766 793 794 763 764 733 734 735
766 16.5 25.5 3.0 0 0 0 1 736 737 738 795 796 798 797 766 768 794 767 764 765 734 735
767 17.5 25.5 3.0 0 0 0 1 736 737 738 739 799 769 795 797 798 768 767 796 765 766 735
768 18.5 25.5 3.0 0 0 0 1 736 737 738 739 740 769 800 770 798 768 799 796 797 766 767
769 19.5 25.5 3.0 0 0 0 1 768 737 738 739 740 741 769 770 801 771 799 800 797 798 767
770 20.5 25.5 3.0 0 0 0 1 768 769 738 739 740 741 742 801 770 771 772 802 800 798 799
771 21.5 25.5 3.0 0 0 0 1 800 769 770 739 740 741 742 743 802 771 772 799 801 803 773
772 22.5 25.5 3.0 0 0 0 1 800 801 770 771 740 741 742 743 744 802 774 803 804 772 773
773 23.5 25.5 3.0 0 0 0 1 801 802 771 772 741 742 743 744 745 775 774 803 805 804 773
774 24.5 25.5 3.0 0 0 0 1 802 803 772 773 742 743 744 745 746 775 776 774 806 804 805
775 25.5 25.5 3.0 0 0 0 1 803 804 773 774 743 744 745 746 747 775 776 806 807 777 805
776 26.5 25.5 3.0 0 0 0 1 804 805 774 775 744 745 746 747 748 808 776 806 807 777 778
777 27.5 25.5 3.0 0 0 0 1 809 779 805 806 775 776 745 746 747 748 749 808 807 777 778
778 28.5 25.5 3.0 0 0 0 1 779 806 807 776 777 746 747 748 749 808 809 778
779 29.5 25.5 3.0 0 0 0 1 747 807 808 777 778 779 748 749 809
780 0.5 26.5 3.0 0 0 0 1 812 810 811 780 781 782 751 752 750
781 1.5 26.5 3.0 0 0 0 1 813 812 810 811 780 781 750 751 752 753 782 783
782 2.5 26.5 3.0 0 0 0 1 784 814 813 812 810 811 780 781 750 751 752 753 754 782 783
783 3.5 26.5 3.0 0 0 0 1 784 813 815 785 811 812 781 782 751 752 753 754 755 814 783
784 4.5 26.5 3.0 0 0 0 1 784 813 785 812 786 782 783 752 753 754 755 756 814 815 816
785 5.5 26.5 3.0 0 0 0 1 816 813 785 786 814 783 784 753 754 755 756 757 787 815 817
786 6.5 26.5 3.0 0 0 0 1 816 817 786 814 815 784 785 754 755 756 757 758 787 788 818
787 7.5 26.5 3.0 0 0 0 1 817 818 815 816 785 786 755 756 757 758 759 787 788 819 789
788 8.5 26.5 3.0 0 0 0 1 790 818 816 817 786 787 756 757 758 759 760 788 820 819 789
789 9.5 26.5 3.0 0 0 0 1 790 821 791 817 818 787 788 757 758 759 760 761 820 819 789
790 10.5 26.5 3.0 0 0 0 1 822 820 790 791 792 818 819 788 789 758 759 760 761 762 821
791 11.5 26.5 3.0 0 0 0 1 822 791 793 823 792 819 820 789 790 759 760 761 762 763 821
792 12.5 26.5 3.0 0 0 0 1 822 823 793 824 792 820 821 790 791 760 761 762 763 764 794
793 13.5 26.5 3.0 0 0 0 1 795 794 823 793 825 824 821 822 791 792 761 762 763 764 765
794 14.5 26.5 3.0 0 0 0 1 795 796 794 826 825 824 822 823 792 793 762 763 764 765 766
795 15.5 26.5 3.0 0 0 0 1 795 796 826 825 827 797 823 824 793 794 763 764 765 766 767
796 16.5 26.5 3.0 0 0 0 1 768 827 828 796 826 797 798 824 825 794 795 764 765 766 767
797 17.5 26.5 3.0 0 0 0 1 768 769 827 829 799 828 797 798 825 826 795 796 765 766 767
798 18.5 26.5 3.0 0 0 0 1 768 769 770 827 828 800 829 830 798 826 799 796 797 766 767
799 19.5 26.5 3.0 0 0 0 1 768 769 770 771 828 831 801 827 829 830 799 800 797 798 767
800 20.5 26.5 3.0 0 0 0 1 768 769 770 771 772 832 801 828 802 830 831 800 829 798 799
801 21.5 26.5 3.0 0 0 0 1 800 769 770 771 772 773 832 801 802 803 833 831 829 830 799
802 22.5 26.5 3.0 0 0 0 1 800 801 770 771 772 773 774 833 834 802 803 804 832 830 831
803 23.5 26.5 3.0 0 0 0 1 832 801 802 771 772 773 774 775 834 803 804 835 831 833 805
804 24.5 26.5 3.0 0 0 0 1 832 833 802 803 772 773 774 775 776 834 806 836 804 835 805
805 25.5 26.5 3.0 0 0 0 1 833 834 803 804 773 774 775 776 777 807 806 837 836 835 805
806 26.5 26.5 3.0 0 0 0 1 834 835 804 805 774 775 776 777 778 807 808 806 838 836 837
807 27.5 26.5 3.0 0 0 0 1 835 836 805 806 775 776 777 778 779 808 807 839 838 809 837
808 28.5 26.5 3.0 0 0 0 1 836 837 806 807 776 777 778 779 808 839 838 809
809 29.5 26.5 3.0 0 0 0 1 837 838 807 808 777 778 779 839 809
810 0.5 27.5 3.0 0 0 0 1 840 780 810 811 812 781 782 841 842
811 1.5 27.5 3.0 0 0 0 1 843 813 840 812 810 811 780 781 782 783 841 842
812 2.5 27.5 3.0 0 0 0 1 843 813 844 840 812 810 811 780 781 782 783 784 814 841 842
813 3.5 27.5 3.0 0 0 0 1 843 813 845 844 841 842 811 812 781 782 783 784 785 814 815
814 4.5 27.5 3.0 0 0 0 1 816 846 845 844 842 843 812 813 782 783 784 785 786 814 815
815 5.5 27.5 3.0 0 0 0 1 816 847 845 817 843 844 813 814 783 784 785 786 787 846 815
816 6.5 27.5 3.0 0 0 0 1 848 816 845 817 844 818 814 815 784 785 786 787 788 846 847
817 7.5 27.5 3.0 0 0 0 1 848 845 817 818 846 815 816 785 786 787 788 789 819 847 849
818 8.5 27.5 3.0 0 0 0 1 848 849 818 846 847 816 817 786 787 788 789 790 820 819 850
819 9.5 27.5 3.0 0 0 0 1 820 849 850 847 848 817 818 787 788 789 790 791 819 851 821
820 10.5 27.5 3.0 0 0 0 1 822 850 848 849 818 819 788 789 790 791 792 820 851 852 821
821 11.5 27.5 3.0 0 0 0 1 822 823 853 849 850 819 820 789 790 791 792 793 851 852 821
822 12.5 27.5 3.0 0 0 0 1 854 822 823 824 850 851 820 821 790 791 792 793 794 852 853
823 13.5 27.5 3.0 0 0 0 1 854 823 825 824 855 851 852 821 822 791 792 793 794 795 853
824 14.5 27.5 3.0 0 0 0 1 854 855 825 856 824 852 853 822 823 792 793 794 795 796 826
825 15.5 27.5 3.0 0 0 0 1 827 826 825 857 856 855 853 854 823 824 793 794 795 796 797
826 16.5 27.5 3.0 0 0 0 1 827 828 826 858 857 856 854 855 824 825 794 795 796 797 798
827 17.5 27.5 3.0 0 0 0 1 827 828 859 858 857 829 855 856 825 826 795 796 797 798 799
828 18.5 27.5 3.0 0 0 0 1 800 859 860 828 858 829 830 856 857 826 827 796 797 798 799
829 19.5 27.5 3.0 0 0 0 1 800 801 859 831 860 861 829 830 857 858 827 828 797 798 799
830 20.5 27.5 3.0 0 0 0 1 800 801 802 859 862 832 860 861 830 858 831 828 829 798 799
831 21.5 27.5 3.0 0 0 0 1 800 801 802 803 832 833 859 863 861 862 831 860 829 830 799
832 22.5 27.5 3.0 0 0 0 1 800 801 802 803 804 832 833 864 834 862 863 860 861 830 831
833 23.5 27.5 3.0 0 0 0 1 832 801 802 803 804 805 864 833 834 835 863 865 861 862 831
834 24.5 27.5 3.0 0 0 0 1 832 833 802 803 804 805 806 865 834 835 836 864 866 862 863
835 25.5 27.5 3.0 0 0 0 1 864 833 834 803 804 805 806 807 867 866 835 836 863 865 837
836 26.5 27.5 3.0 0 0 0 1 864 865 834 835 804 805 806 807 808 866 867 838 836 868 837
837 27.5 27.5 3.0 0 0 0 1 865 866 835 836 805 806 807 808 809 839 867 838 869 868 837
838 28.5 27.5 3.0 0 0 0 1 866 867 836 837 806 807 808 809 839 838 868 869
839 29.5 27.5 3.0 0 0 0 1 867 868 837 838 839 808 809 807 869
840 0.5 28.5 3.0 0 0 0 1 870 871 840 841 810 811 812 872 842
841 1.5 28.5 3.0 0 0 0 1 843 870 871 840 841 810 811 812 813 872 873 842
842 2.5 28.5 3.0 0 0 0 1 874 843 870 844 840 841 810 811 812 813 814 872 871 873 842
843 3.5 28.5 3.0 0 0 0 1 843 845 871 844 841 842 811 812 813 814 815 872 873 875 874
844 4.5 28.5 3.0 0 0 0 1 875 845 876 872 844 842 843 812 813 814 815 816 846 873 874
845 5.5 28.5 3.0 0 0 0 1 875 877 845 876 873 874 843 844 813 814 815 816 817 846 847
846 6.5 28.5 3.0 0 0 0 1 848 878 877 876 874 875 844 845 814 815 816 817 818 846 847
847 7.5 28.5 3.0 0 0 0 1 848 879 877 849 875 876 845 846 815 816 817 818 819 878 847
848 8.5 28.5 3.0 0 0 0 1 848 877 880 849 876 850 846 847 816 817 818 819 820 878 879
849 9.5 28.5 3.0 0 0 0 1 880 877 849 850 878 847 848 817 818 819 820 821 851 879 881
850 10.5 28.5 3.0 0 0 0 1 880 881 850 878 879 848 849 818 819 820 821 822 852 851 882
851 11.5 28.5 3.0 0 0 0 1 881 882 879 880 849 850 819 820 821 822 823 852 851 883 853
852 12.5 28.5 3.0 0 0 0 1 854 882 880 881 850 851 820 821 822 823 824 852 883 884 853
853 13.5 28.5 3.0 0 0 0 1 854 855 881 882 851 852 821 822 823 824 825 885 883 884 853
854 14.5 28.5 3.0 0 0 0 1 854 886 855 856 882 883 852 853 822 823 824 825 826 884 885
855 15.5 28.5 3.0 0 0 0 1 887 886 855 857 856 883 884 853 854 823 824 825 826 827 885
856 16.5 28.5 3.0 0 0 0 1 886 887 857 888 856 884 885 854 855 824 825 826 827 828 858
857 17.5 28.5 3.0 0 0 0 1 859 887 858 857 889 888 885 886 855 856 825 826 827 828 829
858 18.5 28.5 3.0 0 0 0 1 859 860 858 890 889 888 886 887 856 857 826 827 828 829 830
859 19.5 28.5 3.0 0 0 0 1 859 860 891 889 890 861 887 888 857 858 827 828 829 830 831
860 20.5 28.5 3.0 0 0 0 1 832 891 860 890 892 861 862 888 889 858 859 828 829 830 831
861 21.5 28.5 3.0 0 0 0 1 832 833 863 891 893 892 861 862 889 890 859 860 829 830 831
862 22.5 28.5 3.0 0 0 0 1 832 833 834 891 894 864 892 893 862 890 863 860 861 830 831
863 23.5 28.5 3.0 0 0 0 1 832 833 834 835 864 865 891 893 895 894 863 892 861 862 831
864 24.5 28.5 3.0 0 0 0 1 832 833 834 835 836 864 865 896 866 894 895 892 893 862 863
865 25.5 28.5 3.0 0 0 0 1 864 833 834 835 836 837 897 865 896 866 867 895 893 894 863
866 26.5 28.5 3.0 0 0 0 1 864 865 834 835 836 837 838 897 896 866 867 898 868 894 895
867 27.5 28.5 3.0 0 0 0 1 896 865 866 835 836 837 838 839 899 898 867 868 895 897 869
868 28.5 28.5 3.0 0 0 0 1 896 897 866 867 836 837 838 839 898 899 868 869
869 29.5 28.5 3.0 0 0 0 1 897 898 867 868 869 838 839 899 837
870 0.5 29.5 3.0 0 0 0 1 870 871 840 841 842 872
871 1.5 29.5 3.0 0 0 0 1 870 871 840 841 842 843 872 873
872 2.5 29.5 3.0 0 0 0 1 870 871 840 841 842 843 844 872 873 874
873 3.5 29.5 3.0 0 0 0 1 875 871 872 841 842 843 844 845 873 874
874 4.5 29.5 3.0 0 0 0 1 875 876 872 873 842 843 844 845 846 874
875 5.5 29.5 3.0 0 0 0 1 875 877 876 873 874 843 844 845 846 847
876 6.5 29.5 3.0 0 0 0 1 877 876 874 875 844 845 846 847 848 878
877 7.5 29.5 3.0 0 0 0 1 877 875 876 845 846 847 848 849 878 879
878 8.5 29.5 3.0 0 0 0 1 880 876 877 846 847 848 849 850 878 879
879 9.5 29.5 3.0 0 0 0 1 880 881 877 878 847 848 849 850 851 879
880 10.5 29.5 3.0 0 0 0 1 880 881 882 878 879 848 849 850 851 852
881 11.5 29.5 3.0 0 0 0 1 881 882 879 880 849 850 851 852 853 883
882 12.5 29.5 3.0 0 0 0 1 882 880 881 850 851 852 853 854 884 883
883 13.5 29.5 3.0 0 0 0 1 881 882 851 852 853 854 855 884 883 885
884 14.5 29.5 3.0 0 0 0 1 886 882 883 852 853 854 855 856 884 885
885 15.5 29.5 3.0 0 0 0 1 886 887 883 884 853 854 855 856 857 885
886 16.5 29.5 3.0 0 0 0 1 886 887 888 884 885 854 855 856 857 858
887 17.5 29.5 3.0 0 0 0 1 887 889 888 885 886 855 856 857 858 859
888 18.5 29.5 3.0 0 0 0 1 889 888 886 887 856 857 858 859 860 890
889 19.5 29.5 3.0 0 0 0 1 891 890 889 887 888 857 858 859 860 861
890 20.5 29.5 3.0 0 0 0 1 891 892 890 888 889 858 859 860 861 862
891 21.5 29.5 3.0 0 0 0 1 891 892 893 889 890 859 860 861 862 863
892 22.5 29.5 3.0 0 0 0 1 864 892 893 894 890 891 860 861 862 863
893 23.5 29.5 3.0 0 0 0 1 864 865 895 893 894 891 892 861 862 863
894 24.5 29.5 3.0 0 0 0 1 864 865 866 896 894 895 892 893 862 863
895 25.5 29.5 3.0 0 0 0 1 864 865 866 867 897 896 895 893 894 863
896 26.5 29.5 3.0 0 0 0 1 864 865 866 867 868 897 896 898 894 895
897 27.5 29.5 3.0 0 0 0 1 896 865 866 867 868 869 897 898 899 895
898 28.5 29.5 3.0 0 0 0 1 896 897 866 867 868 869 898 899
899 29.5 29.5 3.0 0 0 0 1 897 898 899 868 869 867
