0 -2.45101 -6.27161 1.32277 -0.00418745 -0.140668 0.98961 0.029459 1052 1053 1054 1059 1062 1063 1077 1100 1123
1 -3.38442 -5.63048 0.50752 -0.174655 0.159956 -0.656179 0.716476 1052 1053 1054 1055 1056 1057 1059 1062 1063 1065 1070 1072 1077 1078 1079 1080 1081 1082 1083 1084 1085 1086 1087 1088 1100 1109 1112 1114 1116 1118 1123 1125 1133 1134 1228 1259 1262 1263 1265 1302 1317
2 -2.8846 -4.58873 1.3751 -0.1585 0.144383 -0.657758 0.72207 1055 1056 1057 1078 1084 1109 1116 1118 1123 1125 1133 1134 1228 1259 1261 1302 1317
3 -2.39859 -8.55056 0.823141 -0.341932 0.134454 -0.340348 0.865545 539 540 599 605 606 607 609 1052 1058 1059 1060 1061 1062 1064 1066 1067 1070 1071 1074 1079 1098 1100 1260
4 -1.71913 -6.64133 1.31965 -0.110656 0.0774812 -0.568315 0.811646 1052 1053 1059 1061 1062 1063 1064 1065 1067 1070 1073 1077 1079
5 -0.64811 -7.37916 1.3145 0.0495322 -0.114964 0.911161 -0.392575 540 541 542 607 1060 1061 1066 1067 1068 1069 3659 3782 3783 3784
6 -0.538128 -6.66127 1.2919 -0.0635033 0.0184022 -0.277723 0.958383 1062 1070 1072 1074 1076
7 -1.74164 -5.58408 1.32206 -0.10456 0.0922885 -0.655273 0.742406 1054 1055 1056 1063 1077 1078 1079 1081 1083
8 -1.74638 -4.58453 1.32344 -0.106375 0.0939365 -0.655224 0.741985 1056 1057 1078 1083 1084 1085 1087 1228 1259
9 -0.54309 -5.59563 1.28707 -0.0385317 0.0216812 -0.489904 0.870654 1072 1089 1091 1092 1093 1096 3801
10 -0.546547 -4.58796 1.28701 -0.037189 0.0233251 -0.530829 0.846341 1087 1091 1094 1095 1096 1097 1274 3806
11 -0.732205 -6.55589 3.25744 -0.352331 -0.607809 0.615678 0.356892 1102 1104 1105 1142 1143 1144 1145 1146 1149 1151 1152
12 -4.27007 -7.37016 3.00388 -0.551535 0.354949 -0.408516 0.634771 1052 1053 1054 1055 1056 1058 1059 1098 1099 1100 1101 1102 1103 1106 1107 1109 1110 1111 1123 1124 1129 1141 1142 1147 1148 1150 1157 1159 1160 1167 1168 1169 1170 1174 1196 1198 1208
13 -4.17227 -6.48519 2.81516 -0.532564 0.31524 -0.400114 0.67595 1052 1053 1054 1055 1056 1100 1101 1102 1103 1106 1107 1109 1110 1111 1123 1124 1129 1167 1227 1260
14 -3.375 -4.68868 1.50628 -0.179194 0.153851 -0.632988 0.737255 1055 1056 1057 1109 1114 1116 1118 1123 1125 1133 1134 1228 1300 1302 1317
15 -0.0314611 -6.15789 3.26809 -0.274659 -0.648687 0.653594 0.276736 1071 1102 1141 1142 1143 1144 1145 1146 1147 1148 1149 1150 1151 1152 1153 1154 1156 1157
16 -1.10344 -8.5341 1.66242 -0.295346 0.0870984 -0.269115 0.912557 539 540 542 609 1060 1066 1068
17 -2.88761 -3.60304 1.37721 -0.162701 0.143372 -0.645402 0.732413 1057 1118 1133 1134 1227 1228 1229 1230 1232 1260 1261 1266 1267 1269 1302 1303 1310 1317
18 -2.87854 -2.61358 1.37374 -0.161618 0.13846 -0.6357 0.74202 1227 1229 1230 1231 1232 1233 1249 1251 1260 1261 1266 1267 1268 1269 1280 1281 1303 1310 1311 1336
19 -2.83558 -1.6265 1.3565 -0.148587 0.120804 -0.619159 0.761558 1231 1233 1240 1249 1250 1251 1252 1254 1256 1269 1280 1281 1282 1286 1287 1311 1336
20 -1.73953 -3.59266 1.3218 -0.105667 0.0903093 -0.643394 0.75281 1084 1228 1259 1260 1262 1264
21 -1.7241 -2.59649 1.31775 -0.100982 0.0842512 -0.635068 0.761179 1266 1268 1270 1271
22 -0.545554 -3.58753 1.28692 -0.0367364 0.0230272 -0.53061 0.846507 1095 1264 1272 1273 1274 1275 1278 3966
23 -0.543111 -2.58501 1.28664 -0.035178 0.0224062 -0.536752 0.842709 1271 1273 1276 1277 1278 1279 1294 3970
24 -1.70147 -1.59812 1.3121 -0.0932703 0.0759625 -0.62691 0.76975 1280 1282 1284 1285
25 -1.69775 -0.583487 1.31059 -0.0886134 0.0765795 -0.649363 0.751406 1286 1288 1290 1291
26 -0.535075 -1.58694 1.28613 -0.0331915 0.0196134 -0.508357 0.860283 1277 1285 1292 1293 1294 1295 1298 3986
27 -0.528612 -0.585226 1.28565 -0.0306045 0.0176151 -0.498533 0.866151 1291 1293 1296 1297 1298 1299 2021 3990
28 -3.24801 -3.69455 1.44741 -0.155809 0.129562 -0.626109 0.752944 1057 1116 1118 1133 1134 1227 1228 1229 1230 1232 1301 1302 1303 1308 1310 1317
29 -3.09052 -2.68214 1.38726 -0.125369 0.101528 -0.621101 0.766947 1227 1229 1230 1231 1232 1233 1249 1251 1267 1269 1302 1303 1308 1309 1310 1311 1332 1336
30 -2.2687 -1.8195 1.31143 -0.0798705 -0.0262627 0.311257 0.946599 1036 1231 1233 1240 1247 1249 1250 1251 1252 1254 1256 1280 1309 1332
31 -1.89314 -0.815914 1.38601 -0.135131 -0.0863225 0.531375 0.831823 1240 1248 1250 1252 1254 1256 1257 1286
32 -2.60502 2.09536 1.3584 -0.190657 0.0356295 -0.180209 0.964316 1998 1999 2000 2001 2002 2004 2212
33 -1.69153 0.388388 1.31052 -0.0930669 0.0708511 -0.601577 0.790205 2010 2012 2013 2014
34 -1.67646 1.41052 1.30602 -0.0823639 0.0681807 -0.634009 0.765898 2015 2016 2017 2018 2029
35 -0.53037 0.411013 1.2859 -0.0323926 0.0179605 -0.484581 0.873962 1297 2019 2020 2021 2022 2025 4659
36 -0.522731 1.41205 1.28541 -0.0297229 0.0155737 -0.463853 0.885276 2023 2024 2025 2026 2037 4663
37 -1.62399 2.38436 1.29767 -0.070952 0.0471077 -0.551115 0.830072 2004 2027 2028 2029 2030
38 -1.62199 3.48239 1.29567 -0.0499091 0.0613764 -0.77343 0.628926 2030 2031 2032 2033 2034
39 -0.522853 2.42151 1.2851 -0.026631 0.0161742 -0.518852 0.854296 2024 2030 2035 2036 2037 2038 2041 4676
40 -0.527929 3.46318 1.28506 -0.0194066 0.0240127 -0.777385 0.628267 2039 2040 2041 2042
41 -1.61846 0.222642 1.48672 -0.178976 -0.137324 0.593043 0.772923 1977 1979 2010 2012
42 -1.3884 1.25325 1.61087 -0.219815 -0.183326 0.61369 0.735838 2015
43 -1.20583 2.09795 1.77191 -0.278428 -0.211341 0.566463 0.746279 2029
44 -1.66057 4.89699 0.508579 -0.120542 -0.204511 0.836864 0.493258 1820 1821 1919 1923 1967 1997 1999 2008 2031 2032 2167 2169 2171 2172 2173 2174 2175 2176 2178 2179 2180
45 -2.64871 5.65588 1.32144 0.048872 -0.129435 0.926536 -0.349841 2166 2169 2171 2172 2173 2174 2180 2182 2218
46 -1.65357 4.59751 1.31171 0.0520241 -0.107557 0.893776 -0.432308 2034 2175 2176 2178 2179
47 -1.65903 5.69338 1.33225 0.0512845 -0.148039 0.933238 -0.323298 2173 2180 2182 2183 2185 2198
48 -0.556974 4.58442 1.29624 0.0234252 -0.0774179 0.954008 -0.288664 2187 2188 2189 2190
49 -0.640248 5.55415 1.30368 0.0498419 -0.0881724 0.866063 -0.489567 2191 2192 2194 2196
50 -0.0248599 4.1535 1.9302 -0.311727 -0.254138 0.57852 0.709616 2189
51 0.710118 -7.36092 1.31737 -0.0482039 -0.121572 0.921609 0.365423 542 1066 1068 1069 3658 3659 3661 3736 3782 3783 3784 3785 3793 3794
52 0.605977 -6.66322 1.29234 -0.0649749 -0.019222 0.283032 0.956714 3782 3786 3788 3789 3791 3799
53 2.46291 -8.52396 0.804939 -0.335242 -0.134378 0.346948 0.865553 3660 3661 3728 3736 3738 3740 3741 3783 3784 3785 3789 3790 3793 3794 3795 3796 3797 3799 3810 3822 3924 3929
54 1.78967 -6.63957 1.321 -0.112145 -0.0796367 0.573484 0.807587 3785 3789 3792 3794 3796 3797 3798 3799 3800 3810 3814 3822 3823
55 0.614114 -5.596 1.28757 -0.0405902 -0.0236689 0.503177 0.862905 1092 3791 3801 3802 3803 3805 3806 3812
56 0.615553 -4.58744 1.28733 -0.0383943 -0.0247551 0.541323 0.839573 1096 3805 3806 3807 3808 3809 3818 3966
57 1.82843 -5.58131 1.3285 -0.11196 -0.100666 0.660984 0.735141 3800 3810 3812 3814 3815 3820 3824 3825 3826
58 1.83227 -4.58737 1.32991 -0.114641 -0.101165 0.653885 0.740984 3815 3816 3818 3820 3821 3826 3827 3978 4006
59 3.45212 -5.62437 0.508735 -0.174575 -0.16099 0.658531 0.714103 3789 3791 3796 3798 3799 3800 3810 3811 3812 3813 3814 3815 3816 3818 3819 3820 3821 3822 3823 3824 3825 3826 3827 3929 3936 3938 3946 3947 3952 3955 3957 3958 3960 3974 3975 3977 3978 4006 4128 4141
60 2.8809 -4.5921 1.3468 -0.133523 -0.118287 0.652475 0.736516 3815 3820 3821 3825 3826 3827 3936 3938 3946 3947 3952 3955 3957 3978 3979 4006 4128 4141
61 0.99682 -8.77897 1.77538 -0.345085 -0.0630145 0.16822 0.921221 3659 3660 3661 3738 3793 3829
62 0.221831 -6.0486 3.11334 0.237564 -0.633332 0.689597 -0.258669 3770 3828 3829 3830 3832 3833 3834 3835 3836 3837 3838 3839 3840 3841 3842 3925
63 0.134335 -5.48584 2.32743 0.226902 -0.457802 0.770201 -0.381737 645 3693 3746 3747 3748 3752 3753 3754 3756 3759 3770 3771 3804 3837 3842 3846 3848 3856 3857 3868 3869 3882
64 4.3117 -8.444 3.09736 -0.573244 -0.353469 0.387985 0.62922 3660 3661 3736 3738 3740 3741 3742 3743 3744 3745 3772 3774 3795 3796 3822 3823 3831 3832 3834 3835 3836 3837 3838 3841 3858 3859 3860 3861 3870 3871 3872 3873 3902 3903 3910 3924 3925 3926 3928 3929 3930 3931 3932 3942
65 4.33099 -7.4052 3.10047 -0.569852 -0.359993 0.394527 0.624517 3795 3796 3822 3823 3824 3825 3831 3832 3834 3835 3836 3837 3838 3858 3860 3870 3871 3872 3873 3902 3903 3904 3905 3915 3922 3924 3925 3926 3929 3930 3931 3932 3936 3937 3942 3952 3953 3954
66 4.21139 -6.60268 3.01401 -0.57559 -0.318448 0.364619 0.659045 3822 3823 3824 3825 3826 3870 3872 3902 3903 3905 3915 3925 3926 3929 3930 3931 3936 3937 3938 3939 3942 3952 3953 3954 4008
67 3.40957 -4.7012 1.49216 -0.174843 -0.147244 0.627103 0.744642 3825 3826 3827 3936 3938 3946 3947 3952 3955 3957 3960 4006 4128 4141 4143
68 0.615129 -3.58636 1.28726 -0.0379352 -0.0247001 0.545084 0.837158 1274 3809 3966 3967 3968 3969 3970 3976
69 0.614486 -2.58523 1.28716 -0.0373904 -0.0245774 0.54873 0.834801 1278 3969 3970 3971 3972 3973 3981 3986
70 1.82029 -3.59391 1.32651 -0.111713 -0.0958887 0.644222 0.750535 3821 3974 3976 3978 3979 4006 4007 4009
71 1.80596 -2.59629 1.32243 -0.107062 -0.090393 0.638753 0.756545 3980 3981 3982 3984
72 0.608307 -1.58718 1.28674 -0.0359548 -0.0223629 0.527676 0.84839 1294 3973 3986 3987 3988 3989 3990 3995
73 0.603889 -0.586453 1.28639 -0.0343063 -0.0209542 0.520833 0.852712 1298 3989 3990 3991 3992 3993 4001 4659
74 1.78283 -1.59845 1.31624 -0.0992438 -0.0818107 0.630797 0.765214 3994 3995 3996 3998
75 1.76197 -0.57411 1.31017 -0.0863931 -0.077718 0.664264 0.73841 4000 4001 4002 4004
76 2.90517 -3.60478 1.35686 -0.145309 -0.125438 0.6413 0.74289 3821 3827 3946 3947 3957 3978 3979 3982 3983 3985 4006 4007 4008 4009 4011 4128 4141 4142 4149
77 2.91408 -2.61289 1.36102 -0.150465 -0.127626 0.63414 0.747622 3979 3982 3983 3984 3996 3997 3999 4007 4008 4009 4010 4011 4012 4019 4021 4142 4149 4150 4173
78 2.89338 -1.62758 1.35383 -0.146255 -0.118089 0.61701 0.764174 3985 3996 3997 3998 4003 4010 4012 4019 4020 4021 4022 4024 4027 4029 4150 4173
79 3.31522 -3.6919 1.44822 -0.155942 -0.130178 0.627482 0.751666 3827 3946 3947 3955 3957 4006 4007 4008 4009 4011 4128 4141 4142 4144 4149 4152
80 2.37401 -1.81816 1.30759 -0.0753899 0.0205895 -0.262653 0.96172 3996 4010 4011 4012 4019 4020 4021 4022 4024 4027 4029 4033 4153 4177
81 1.97576 -0.800487 1.37862 -0.129741 0.0838586 -0.536318 0.829758 4002 4020 4022 4024 4025 4027 4029 4034
82 0.598701 0.411675 1.2861 -0.033258 -0.0191309 0.498252 0.866183 2021 3993 4659 4660 4661 4662 4663 4668
83 0.595789 1.41397 1.28583 -0.0315983 -0.0183271 0.501385 0.864453 2025 4662 4663 4664 4665 4666 4673 4676
84 1.7257 0.371764 1.30516 -0.0869969 -0.0585756 0.555427 0.824925 4667 4668 4669 4671
85 1.71403 1.40103 1.30102 -0.0750547 -0.0574275 0.604949 0.790637 4672 4673 4674 4675
86 0.60278 2.42187 1.28604 -0.0314585 -0.0212398 0.559166 0.828187 2037 4676 4677 4678 4679 4680 4685
87 0.605892 3.46363 1.28595 -0.0239366 -0.0286964 0.767383 0.640099 4680 4681 4682 4683
88 1.69014 2.35308 1.30047 -0.0812139 -0.0453602 0.48551 0.869268 4684 4685 4686 4687
89 1.70664 3.48385 1.29903 -0.0567032 -0.0686912 0.768126 0.634073 4685 4688 4689 4690 4691
90 0.213543 2.38611 1.78101 -0.255447 0.243329 -0.645376 0.677515 4676
91 1.7223 0.205766 1.47099 -0.17396 0.129214 -0.582115 0.783699 4669 4671 4718 4720
92 1.49834 1.20528 1.58885 -0.216837 0.171474 -0.596111 0.75381 4674 4675
93 1.12737 2.04503 1.91874 -0.318531 0.239652 -0.55138 0.732861 4684
94 0.628065 4.5807 1.29633 -0.0252432 -0.0771284 0.947258 0.310026 4912 4913 4914 4915
95 0.692908 5.56598 1.30293 -0.0452951 -0.0885158 0.885804 0.453281 4916 4918 4920 4921
96 1.73517 4.59558 1.31478 -0.0574376 -0.11185 0.882503 0.453187 4689 4923 4924 4925 4926
97 1.73606 5.69427 1.33502 -0.0548664 -0.151389 0.927892 0.336286 4928 4930 4932 4934 4943 4945 4954
98 2.81745 4.60463 1.33716 -0.0840808 -0.141172 0.847482 0.504752 4949 4951 4955
99 2.60355 5.65764 1.3075 -0.0181395 -0.108809 0.980367 0.163437 4932 4934 4945 4953 4954 4955 4956 4957
100 0.0512708 4.16703 1.96938 -0.319198 0.263949 -0.580027 0.701436 4912
101 0.0751673 4.99559 1.99098 -0.338863 0.249253 -0.537552 0.73081 4916
