0 -3.19836 7.19337 0.576201 0.10253 -0.250496 0.890932 -0.364665 2001 2074 2169 2171 2172 2173 2174 2180 2181 2182 2183 2184 2185 2186 2198 2199 2200 2201 2202 2203 2218 2224 2278 2280 2342
1 -2.41868 7.99448 1.44012 0.146565 -0.517455 0.811155 -0.229753 1982 1993 1999 2001 2169 2171 2174 2180 2185 2192 2196 2199 2201 2202 2203 2223 2224 2278 4918
2 -2.87976 7.28022 0.877154 -0.288312 0.255685 -0.612261 0.690389 2174 2186 2198 2199 2200 2201 2202 2203 2224 2278 2280 2318 2319 2342 2344 2352
3 -0.760297 6.46343 1.32705 -0.102363 0.107086 -0.714891 0.683363 2200 2201 2202 2204 2205 2206 2207 2208 2210 4935 4936 4939
4 -0.821241 7.44026 1.34784 -0.128939 0.125356 -0.685711 0.70531 2202 2203 2205 2207 2208 2209 2210 2211 2318 2322 2324 4936 4939 4940 5198 5199
5 -2.78301 7.34085 1.7806 -0.259485 0.238804 -0.633671 0.68855 2199 2202 2203 2224 2278 2280 2282 2318 2319 2342 2344
6 -2.82389 8.46372 0.813382 -0.256161 0.258723 -0.661844 0.655291 2201 2202 2203 2209 2278 2280 2318 2319 2320 2321 2326 2342 2344 2352 2354 2390
7 -2.81579 9.46342 0.805946 -0.25438 0.256881 -0.662498 0.656049 2203 2280 2318 2319 2320 2321 2323 2330 2331 2332 2334 2342 2344 2352 2354 2390 2392 2400
8 -0.802351 8.4575 1.34089 -0.11882 0.121431 -0.704357 0.689215 2203 2209 2211 2318 2319 2320 2322 2323 2324 2325 2326 2328 4939 4940 5198 5199 5202
9 -0.816432 9.45445 1.34599 -0.124569 0.126087 -0.700115 0.691682 2319 2320 2321 2323 2325 2326 2327 2328 2329 2330 2334 2336 5198 5199 5202 5203 5210
10 -2.82477 10.4492 0.814129 -0.257724 0.257529 -0.658255 0.658755 2319 2320 2321 2327 2330 2331 2332 2333 2338 2344 2352 2354 2390 2392 2400 2402 2438 2461
11 -2.83193 11.4488 0.820782 -0.259373 0.259097 -0.657523 0.658223 2321 2330 2331 2332 2333 2335 2354 2390 2392 2400 2402 2438 2439 2440 2442 2461 2463 2471
12 -0.822488 10.4516 1.34826 -0.127328 0.127816 -0.696832 0.694173 2321 2327 2329 2330 2331 2332 2334 2335 2336 2337 2338 2340 5202 5203 5210 5211 5214 5215
13 -0.818731 11.4512 1.34684 -0.126003 0.126347 -0.696706 0.69481 2331 2332 2333 2335 2337 2338 2339 2340 2341 2438 2442 2444 5210 5211 5214 5215 5318 5319
14 -2.82597 8.45937 1.81527 -0.257033 0.258768 -0.660608 0.656179 2202 2203 2278 2280 2318 2319 2320 2321 2342 2344 2352 2354
15 -2.87498 9.45774 1.86218 -0.268313 0.269749 -0.655671 0.652181 2318 2319 2320 2321 2330 2331 2342 2344 2352 2354 2390 2392
16 -2.91766 10.4458 1.90575 -0.279398 0.278538 -0.648748 0.650753 2320 2321 2330 2331 2332 2333 2352 2354 2390 2392 2400 2402
17 -2.94307 11.4478 1.93299 -0.285242 0.284773 -0.646593 0.647657 2330 2331 2332 2333 2390 2392 2400 2402 2438 2439 2461 2463
18 -2.82119 12.4811 0.811158 -0.25396 0.259815 -0.666251 0.651237 2331 2332 2333 2339 2392 2400 2402 2438 2439 2440 2441 2446 2450 2461 2463 2471 2473 2509
19 -2.82721 13.4856 0.816818 -0.254896 0.261616 -0.666758 0.64963 2333 2402 2438 2439 2440 2441 2443 2450 2451 2452 2453 2461 2463 2471 2473 2509 2519 2520
20 -0.808379 12.4714 1.34326 -0.118721 0.126316 -0.717643 0.674491 2333 2339 2341 2438 2439 2442 2443 2444 2445 2446 2448 5214 5215 5318 5319 5322
21 -0.808724 13.4756 1.34349 -0.118163 0.127292 -0.721761 0.669997 2439 2440 2441 2443 2445 2446 2447 2448 2449 2453 2455 5318 5319 5322 5323 5330
22 -2.39902 14.5517 0.516203 -0.161171 0.17968 -0.722396 0.647983 2439 2440 2441 2443 2444 2445 2446 2447 2448 2449 2450 2451 2452 2453 2454 2455 2456 2457 2458 2459 2463 2471 2473 2509 2511 2519 2520 2523 2580 2587 2588 2589
23 -0.497878 15.496 0.534567 -0.17304 -0.181408 0.70049 0.668178 2441 2450 2451 2452 2453 2454 2455 2456 2457 2458 2459 2460 2523 2580 2581 2582 2583 2589 2591 2599
24 -0.802994 14.5241 1.34399 -0.109251 0.135939 -0.767523 0.616841 2447 2449 2450 2453 2454 2455 2456 2457 2459 5322 5323 5330 5331 5334
25 -0.786112 15.5371 1.33924 -0.101637 0.133075 -0.783502 0.598402 2452 2454 2456 2457 2458 2459 2460 2523 2580 2582 2589 5330 5331 5334 5335 5700
26 -2.8732 12.4698 1.86054 -0.266769 0.270516 -0.658631 0.649508 2332 2333 2400 2402 2438 2439 2440 2441 2461 2463 2471 2473
27 -2.88203 13.4773 1.86944 -0.268105 0.273293 -0.659464 0.646944 2438 2439 2440 2441 2450 2451 2461 2463 2471 2473 2509 2511 2513 2522
28 -2.5563 14.5525 1.60857 -0.192023 0.210906 -0.708718 0.645264 2440 2441 2450 2451 2452 2471 2473 2475 2476 2509 2511 2512 2519 2520 2521 2523
29 -1.73354 15.5735 1.30476 -0.0395552 0.0619267 -0.840474 0.536846 2450 2451 2452 2454 2457 2458 2509 2511 2519 2520 2523 2580 2587 2588 2589 2591 2597
30 -1.31066 15.6075 1.47637 -0.140438 0.169056 -0.750403 0.623372 2451 2452 2454 2456 2457 2458 2459 2460 2511 2519 2520 2523 2580 2582 2587 2589 2591
31 -0.707787 16.5729 1.32022 -0.0710678 0.116114 -0.844984 0.517175 2458 2459 2460 2523 2580 2581 2582 2583 2584 2585 2589 2591 2599 5335 5700 5701 5704
32 -0.691829 17.5537 1.31414 -0.0670768 0.104833 -0.835782 0.534769 2581 2583 2584 2585 2586 2591 2599 2601 2610 2642 2661 2662 2665 5700 5701 5704 5705 5763
33 -3.05263 16.6311 2.07695 -0.296607 0.332375 -0.66799 0.596105 2452 2458 2513 2519 2520 2521 2523 2580 2581 2584 2587 2588 2589 2591 2597 2598 2599 2601
34 -3.0081 17.671 2.02695 -0.282465 0.325823 -0.681732 0.591011 2458 2523 2580 2581 2584 2586 2587 2588 2589 2590 2591 2592 2597 2598 2599 2601 2641 2642 2643 2644 2645 2648 2652 2654
35 -1.4571 16.6538 1.55706 -0.165346 0.202818 -0.748066 0.609855 2458 2520 2523 2580 2581 2584 2587 2588 2589 2591 2599 2601
36 -1.30098 17.8267 1.50447 -0.127575 0.19762 -0.816571 0.527145 2581 2583 2584 2585 2586 2588 2591 2597 2598 2599 2601 2610 2642 2644 2661 2662 2664 2665 5762 5763
37 -2.96377 18.7056 1.98077 -0.269313 0.319177 -0.694445 0.585954 2581 2584 2586 2597 2598 2599 2600 2601 2602 2641 2642 2643 2644 2645 2648 2651 2652 2653 2654 2656 2666 2668 2752
38 -2.90947 19.7655 1.93351 -0.252841 0.314102 -0.712845 0.573815 2586 2641 2642 2643 2644 2645 2648 2652 2653 2654 2656 2666 2668 2702 2706 2752 2753 2754 2755 2760 2762 2772
39 -1.23828 18.781 1.46749 -0.118133 0.179245 -0.815504 0.537465 2586 2598 2601 2609 2610 2641 2642 2644 2648 2652 2653 2654 2661 2662 2664 2665 2666 2668 2670 2671 2752 5762 5763 5764 5767 5768
40 -1.23649 19.8144 1.47315 -0.116543 0.184161 -0.824698 0.521896 2644 2648 2652 2653 2654 2656 2661 2662 2664 2665 2666 2668 2670 2671 2752 2753 2754 2768 2772 5705 5762 5763 5767 5768 5769 5824
41 0.813274 6.4725 1.32367 -0.0965737 -0.104537 0.727053 0.671669 2206 2207 2210 4935 4936 4937 4938 4939 4941 4943 4944 4947
42 0.876698 7.44513 1.34431 -0.124552 -0.122721 0.691039 0.70135 2207 2210 2211 2324 2325 4936 4938 4939 4940 4941 4942 4944 4947 4948 5198 5200 5206
43 2.29238 7.53243 0.782724 -0.106498 -0.336971 0.891985 0.281908 4901 4921 4922 4930 4931 4932 4934 4937 4938 4939 4941 4942 4943 4944 4945 4946 4947 4948 4951 4954 4956 4957 5011 5013 5058
44 2.93506 7.27851 0.867848 -0.286299 -0.253388 0.612404 0.691946 4943 4944 4945 4946 4947 4948 4957 5011 5013 5058 5206 5207 5224 5226 5234
45 3.26505 7.19762 0.578852 -0.102794 -0.251708 0.890901 0.36383 4772 4901 4928 4929 4930 4931 4932 4933 4934 4943 4944 4945 4946 4947 4948 4951 4953 4954 4955 4956 4957 5011 5013 5058 5224
46 2.91552 7.32826 1.84366 -0.276075 -0.252801 0.626234 0.683889 4946 4947 4948 5001 5003 5011 5013 5058 5206 5207 5224
47 0.879339 8.45725 1.34529 -0.123363 -0.125888 0.70305 0.688952 2210 2211 2324 2325 2328 4940 4942 4948 5198 5199 5200 5201 5202 5204 5206 5207 5208
48 0.878549 9.4386 1.34504 -0.126455 -0.122279 0.684297 0.707668 2325 2328 2329 2336 2337 5199 5201 5202 5203 5204 5205 5208 5209 5210 5212 5218
49 2.88838 8.44925 0.813003 -0.257446 -0.257261 0.658375 0.658848 4942 4944 4947 4948 5003 5011 5013 5204 5206 5207 5208 5209 5218 5224 5226 5234 5236 5272
50 2.8945 9.45031 0.818664 -0.258716 -0.258732 0.658094 0.658054 4948 5013 5201 5206 5207 5208 5209 5212 5218 5219 5220 5224 5226 5234 5236 5272 5274 5282
51 0.87876 10.4556 1.34507 -0.123439 -0.125365 0.701446 0.690666 2328 2329 2336 2337 2340 5203 5205 5209 5210 5211 5212 5213 5214 5216 5218 5219 5220
52 0.879279 11.4557 1.34526 -0.123608 -0.125583 0.701536 0.690505 2336 2337 2340 2341 2444 5211 5213 5214 5215 5216 5217 5219 5220 5221 5318 5320 5326
53 2.88428 10.4634 0.809292 -0.255197 -0.257697 0.662167 0.655745 5205 5207 5208 5209 5216 5218 5219 5220 5221 5226 5234 5236 5272 5274 5282 5284 5326 5342
54 2.88001 11.4618 0.805368 -0.254393 -0.256587 0.662161 0.656498 5209 5213 5218 5219 5220 5221 5236 5272 5274 5282 5284 5320 5326 5327 5328 5342 5344 5352
55 3.0133 8.38159 1.94067 -0.293248 -0.279971 0.631241 0.661178 4947 4948 5011 5013 5206 5207 5208 5209 5224 5226 5234
56 3.00203 9.41204 1.92714 -0.287383 -0.280013 0.639223 0.656047 5206 5207 5208 5209 5218 5219 5224 5226 5234 5236 5272 5274
57 2.85704 10.3354 1.7891 -0.262114 -0.24038 0.6317 0.688817 5208 5209 5218 5219 5220 5221 5234 5236 5270 5272 5274 5282 5284
58 3.00153 11.3734 1.92824 -0.291288 -0.276446 0.630439 0.664285 5218 5219 5220 5221 5272 5274 5282 5284 5326 5327 5342
59 0.876999 12.4705 1.34462 -0.12027 -0.127538 0.716268 0.675448 2340 2341 2444 2445 2448 5215 5217 5221 5318 5319 5320 5321 5322 5324 5326 5327
60 0.872344 13.4745 1.34302 -0.117893 -0.126617 0.720835 0.671168 2444 2445 2448 2449 2455 5319 5321 5322 5323 5324 5325 5327 5328 5329 5330 5332
61 2.87534 12.4756 0.801301 -0.252076 -0.256892 0.665934 0.65345 5217 5219 5220 5221 5274 5282 5284 5324 5326 5327 5328 5329 5338 5342 5344 5352 5354 5393
62 2.89413 13.4863 0.818768 -0.255302 -0.262151 0.666717 0.649297 5221 5284 5321 5326 5327 5328 5329 5332 5336 5338 5339 5342 5344 5352 5354 5389 5393 5400 5405
63 0.864047 14.5237 1.34261 -0.107933 -0.134452 0.76814 0.616631 2448 2449 2455 2456 2459 5323 5325 5330 5331 5332 5333 5334 5336 5338
64 0.844904 15.5381 1.33731 -0.0993647 -0.131154 0.786212 0.595647 2455 2456 2459 2460 2582 5331 5333 5334 5335 5336 5337 5400 5402 5700 5702 5713
65 2.82802 14.5506 0.762848 -0.235227 -0.254146 0.688485 0.637233 5321 5325 5327 5328 5329 5332 5333 5336 5337 5338 5339 5344 5352 5354 5388 5393 5400 5402 5404 5405 5702 5707 5713 5717 5718
66 2.85918 12.4029 1.78734 -0.255482 -0.246526 0.649146 0.672728 5220 5221 5281 5282 5284 5326 5327 5328 5329 5340 5342 5344 5352 5354
67 2.91801 13.3882 1.84223 -0.2702 -0.258378 0.641005 0.670333 5326 5327 5328 5329 5338 5339 5342 5344 5352 5354 5393
68 1.41239 15.6018 1.49355 -0.147768 -0.175396 0.744384 0.627131 5331 5333 5334 5335 5336 5337 5339 5400 5402 5404 5405 5700 5702 5713 5715 5717
69 2.36111 14.3304 1.46687 -0.162019 -0.140277 0.639349 0.738447 5329 5336 5337 5338 5339 5352 5354 5389 5393 5400 5402 5405 5717
70 0.673756 15.2239 1.4911 -0.1806 0.139169 -0.594312 0.771238 5333 5336 5337 5339
71 0.772154 16.5751 1.32039 -0.0707603 -0.116653 0.847002 0.513783 2460 2582 2583 2585 5334 5335 5337 5402 5700 5701 5702 5703 5704 5706 5713 5715 5723
72 0.74939 17.5583 1.31298 -0.0642814 -0.103811 0.843841 0.522517 2582 2583 2585 2586 2665 5701 5703 5704 5705 5706 5712 5715 5723 5725 5763 5764 5765 5773
73 1.53897 16.6727 1.56928 -0.167475 -0.208525 0.75127 0.603377 5337 5402 5405 5702 5703 5706 5713 5715 5717 5718 5723 5725
74 1.26445 17.794 1.45396 -0.110795 -0.174427 0.825889 0.524601 2664 2665 5701 5703 5704 5705 5706 5712 5715 5717 5718 5723 5725 5727 5728 5762 5763 5764 5765 5773 5775
75 3.12699 16.7058 2.10331 -0.293763 -0.344587 0.678511 0.578434 5333 5336 5337 5400 5402 5404 5405 5702 5703 5705 5706 5713 5715 5717 5718 5723 5725 5727 5728
76 3.06431 17.7292 2.02799 -0.276441 -0.331342 0.692684 0.577912 5337 5702 5703 5705 5706 5713 5714 5715 5716 5717 5718 5723 5725 5727 5728 5773 5775 5776 5777 5782 5786 5790
77 1.24393 18.7813 1.44356 -0.107663 -0.168844 0.826094 0.526754 2664 2665 2670 2671 5705 5711 5712 5725 5727 5728 5762 5763 5764 5765 5767 5768 5769 5771 5773 5775 5777 5784 5785 5790 5836
78 1.27988 19.8239 1.46611 -0.11244 -0.181917 0.830952 0.513597 2664 2665 2670 2671 2768 5705 5762 5763 5764 5765 5767 5768 5769 5771 5775 5782 5784 5785 5790 5792 5824 5832 5836 5837 5842
79 3.03494 18.7617 2.00044 -0.267316 -0.328424 0.702599 0.571869 5703 5705 5706 5723 5725 5726 5727 5728 5769 5771 5773 5774 5775 5776 5777 5779 5782 5784 5785 5786 5788 5790 5792 5838
80 2.9758 19.7871 1.94035 -0.251944 -0.317526 0.716123 0.568215 5704 5705 5706 5769 5771 5773 5774 5775 5776 5777 5782 5784 5785 5790 5792 5832 5836 5837 5838 5842 5843 5844 5848 5938
