0 9.15815 -3.49328 1.63445 -0.283736 -0.0855363 0.275669 0.914431 4416 4425 4426 4448 4540 4556 4557 4558 4559 4561 4587 4589 4603 4605 4606 4607 4608 4621 4622 4625 4629 4638 5160 5172 5448 5463
1 8.84115 -1.7992 1.32294 -0.0899838 -0.0429827 0.428874 0.897843 4448 4557 4558 4568 4569 4582 4587 4588 4589 4590 4595 4596 4597 4598 4603 4605 4606 4607 4608 4613 4614 4615 4616 4621 4622 4625 4627 4628 4629 4630 4638 4645 5159 5162 5163 5438 5439 5440 5455
2 8.55793 -1.49021 2.28421 -0.00325569 -0.0158713 0.979474 0.20092 4558 4587 4589 4590 4597 4603 4605 4606 4607 4608 4613 4615 4621 4627
3 8.81172 -0.750176 1.31292 -0.0767426 -0.0393895 0.454929 0.88634 4579 4580 4581 4582 4587 4588 4589 4590 4595 4596 4597 4598 4603 4605 4606 4607 4608 4613 4614 4615 4616 4621 4625 4627 4628 4629 4630 4638 4640 5147 5159 5162 5163 5172 5173 5438 5439 5440 5441 5446 5448 5455 5456 5457 5458 5464 5502
4 8.78123 -0.866765 2.32418 -0.0957109 -0.0330765 0.324954 0.940293 4597 4598 4606 4608 4613 4614 4615 4616 4621 4627 4628 4629 5162 5438 5440 5455
5 9.79409 -1.7628 1.31183 -0.0764593 -0.0363479 0.427802 0.899899 4557 4558 4588 4589 4590 4597 4598 4603 4605 4606 4607 4608 4613 4614 4615 4616 4621 4622 4625 4627 4628 4629 4630 4638 4640 4641 4645 4647 4649 4651 5438 5440 5455 5457 5458 5502
6 9.20625 -0.751524 2.47861 0.0426043 -0.216903 0.956977 -0.187971 4607 4608 4615 4621 4625 4627 4629 4630 4638
7 9.79074 -0.722572 1.30745 -0.0687421 -0.0367208 0.469738 0.879359 4588 4590 4596 4597 4598 4605 4606 4607 4608 4613 4614 4615 4616 4621 4625 4627 4628 4629 4630 4638 4640 4641 4645 4647 4649 4651 4653 5162 5163 5438 5439 5440 5441 5446 5448 5449 5455 5456 5457 5458 5463 5467 5468 5502 5503 5504 5508 5512 5520 5522 5524
8 9.78679 -0.808032 2.31628 -0.084206 -0.0345061 0.377607 0.921483 4615 4616 4621 4625 4627 4628 4629 4630 4638 4640 4641 4645 5440 5455 5457
9 10.7172 -0.669265 1.2953 -0.0483987 -0.0263412 0.477313 0.877004 4608 4613 4614 4615 4616 4621 4622 4625 4627 4628 4629 4630 4638 4640 4641 4645 4647 4649 4651 4653 4655 5440 5455 5456 5457 5458 5464 5467 5468 5502 5503 5504 5508 5512 5513 5514 5520 5522 5524 5526 5529 5532 5570 5572 5574 5586
10 10.6136 -0.45622 2.287 -0.0108352 -0.0290223 0.936389 0.349593 4625 4629 4630 4638 4640 4641 4645 4647 4649 4651 4653 4655 5502 5503 5508 5520 5524
11 11.2469 0.21071 2.45555 0.0370788 -0.204262 0.962485 -0.174716 4638 4641 4645 4647 4649 4651 4653 4655 5508 5520 5522 5524 5526 5570 5572
12 8.81161 0.271409 1.31083 -0.0729711 -0.0399187 0.478266 0.874267 4581 4595 4596 4597 4598 4606 4608 4613 4614 4615 4616 4621 4627 4628 4630 5146 5147 5148 5159 5160 5162 5163 5168 5172 5174 5438 5439 5440 5441 5446 5447 5448 5450 5455 5456 5457 5458 5463 5465 5473 5474 5502 5503 5512
13 8.79658 0.128311 2.32699 -0.0985635 -0.0352637 0.335015 0.93638 4614 4616 4628 5161 5162 5163 5438 5439 5440 5441 5446 5448 5449 5455 5456 5457
14 8.78445 1.16722 1.31939 -0.0889447 -0.0338642 0.354201 0.930314 4598 4614 4616 5159 5160 5162 5163 5168 5170 5172 5174 5180 5186 5190 5192 5438 5439 5440 5441 5446 5447 5448 5450 5455 5456 5458 5463 5465 5473 5475 5477 5479 5481 5487 5489 5512 5513
15 8.7905 1.15698 2.32168 -0.0918122 -0.0346477 0.351367 0.931081 5448 5450 5463
16 9.80497 0.283108 1.30888 -0.0699662 -0.0391708 0.486933 0.869751 4596 4597 4598 4613 4614 4615 4616 4621 4627 4628 4629 4630 4638 4640 4645 4647 4651 5161 5162 5163 5173 5175 5438 5439 5440 5441 5448 5450 5455 5456 5457 5458 5463 5465 5467 5468 5487 5491 5502 5503 5504 5512 5513 5514 5515 5520 5526 5532 5536
17 9.81775 0.143415 2.32754 -0.0980282 -0.0385374 0.363834 0.925489 4628 4630 5439 5440 5441 5455 5456 5457 5458 5467 5502 5503 5512
18 9.80173 1.24474 1.31206 -0.0761795 -0.0376973 0.441911 0.893023 4628 4629 4630 5161 5163 5172 5173 5174 5175 5438 5439 5440 5441 5448 5450 5455 5456 5457 5458 5463 5465 5467 5468 5473 5477 5479 5487 5489 5491 5492 5500 5501 5502 5503 5504 5512 5513 5514 5515 5528 5536 5537 5538 5539 5544 5551
19 9.82818 1.14382 2.32903 -0.0992894 -0.0401025 0.372349 0.921895 5456 5458 5463 5465 5467 5468 5491 5512 5513 5514 5536
20 8.81784 2.15394 1.32593 -0.0958991 -0.0386783 0.37204 0.922439 5170 5174 5182 5186 5188 5190 5192 5194 5196 5439 5446 5447 5448 5450 5465 5473 5475 5477 5479 5481 5483 5485 5487 5489 5496 5498 5536 5537
21 8.68955 2.80544 1.39648 -0.167115 -0.020069 0.117534 0.978701 5190 5192 5194 5196 5473 5475 5477 5479 5481 5483 5485 5489 5496 5498 5537 5544 5545 5567
22 9.82895 2.19175 1.32222 -0.089955 -0.0409214 0.412051 0.905786 5192 5450 5458 5463 5465 5467 5468 5473 5475 5477 5479 5481 5483 5485 5487 5489 5491 5492 5496 5498 5500 5501 5512 5513 5515 5536 5537 5538 5539 5544 5545 5546 5547 5551 5552 5559 5567
23 9.79635 2.17784 2.31945 -0.0882877 -0.0357579 0.373687 0.922651 5468 5487 5489 5491 5492 5500 5536 5537 5538 5544
24 9.81635 2.93906 1.37055 -0.143082 -0.0370701 0.248046 0.957406 5475 5477 5479 5481 5483 5485 5487 5489 5491 5492 5496 5498 5500 5501 5536 5537 5539 5544 5545 5546 5547 5559 5560 5567
25 10.7881 0.298514 1.30537 -0.0647624 -0.0368742 0.493419 0.866593 4614 4615 4616 4627 4628 4629 4630 4638 4640 4645 4647 4649 4651 4653 4655 5440 5441 5455 5456 5457 5458 5463 5467 5468 5491 5492 5502 5503 5504 5508 5512 5513 5514 5515 5520 5522 5524 5526 5528 5529 5532 5534 5536 5537 5538 5551 5570 5572 5576 5578 5580 5582
26 10.7999 0.208432 2.31594 -0.0827302 -0.0367401 0.404206 0.910178 4630 4640 4645 4647 4651 5457 5458 5467 5502 5503 5504 5508 5512 5514 5520 5522 5524 5526 5529 5531 5532
27 10.8095 1.29243 1.30874 -0.0691395 -0.0401902 0.500944 0.861777 4640 4645 4647 4649 4651 5439 5440 5441 5450 5455 5456 5457 5458 5463 5465 5467 5468 5487 5491 5492 5500 5501 5502 5503 5504 5512 5513 5514 5515 5520 5522 5524 5526 5528 5529 5532 5534 5536 5537 5538 5539 5544 5545 5546 5551 5552 5553 5554 5559 5572 5578 5580 5584 5600
28 10.8203 1.16171 2.32513 -0.0946582 -0.039148 0.380167 0.919228 5458 5466 5467 5468 5491 5503 5504 5512 5513 5514 5515 5522 5528 5529 5532 5536 5537 5538 5551
29 11.7734 0.268831 2.30603 -0.0676671 -0.033759 0.445146 0.892259 4645 4647 4649 4651 4653 4655 5502 5504 5508 5514 5520 5522 5524 5526 5528 5529 5532 5534 5557 5570 5572 5574 5576 5578 5580 5582 5588
30 11.7645 1.32886 1.30037 -0.0561198 -0.0339797 0.516826 0.853573 4647 4649 4651 4653 4655 5456 5457 5458 5467 5468 5491 5492 5502 5503 5504 5512 5513 5514 5515 5520 5522 5524 5526 5528 5529 5532 5534 5536 5537 5538 5539 5544 5546 5547 5551 5552 5553 5554 5559 5560 5561 5570 5572 5574 5576 5578 5580 5582 5584 5588 5592 5594 5598 5600 5601 5602 5606 5610 5618 5622
31 11.8051 1.22626 2.31453 -0.0800649 -0.037845 0.425665 0.900537 4653 5504 5514 5515 5520 5522 5524 5526 5528 5529 5532 5534 5538 5551 5553 5554 5572 5578 5580 5582 5584 5606
32 10.8202 2.28798 1.31064 -0.0715632 -0.0418076 0.502697 0.860481 5450 5465 5467 5468 5479 5487 5489 5491 5492 5496 5500 5501 5503 5504 5512 5513 5514 5515 5520 5522 5528 5532 5534 5536 5537 5538 5539 5544 5545 5546 5547 5551 5552 5553 5554 5559 5560 5561 5562 5580 5601 5610
33 10.8312 2.15083 2.3284 -0.0982732 -0.0406464 0.380037 0.918837 5468 5491 5492 5500 5513 5515 5536 5537 5538 5539 5544 5546 5551 5552 5559
34 10.8436 3.10471 1.33797 -0.109281 -0.0419618 0.355998 0.927126 5489 5491 5492 5496 5498 5500 5501 5513 5515 5536 5537 5538 5539 5544 5545 5546 5547 5551 5552 5554 5559 5560 5561 5562 5567 5568 5610 5611
35 10.813 3.15668 2.32482 -0.0947213 -0.0379909 0.370312 0.923284 5499 5500 5501 5537 5539 5544 5545 5546 5547 5559 5560 5561
36 11.8036 2.30699 1.30682 -0.0658643 -0.0397001 0.514701 0.853914 5466 5467 5468 5490 5491 5492 5500 5501 5512 5513 5514 5515 5520 5522 5524 5526 5528 5532 5534 5536 5537 5538 5539 5544 5545 5546 5547 5551 5552 5553 5554 5559 5560 5561 5562 5568 5570 5572 5576 5578 5580 5582 5584 5594 5600 5601 5602 5606 5610 5611 5612 5613 5618 5624 5629 5675
37 11.8167 2.20318 2.31893 -0.0860559 -0.0392226 0.412875 0.905864 5515 5528 5532 5534 5537 5538 5539 5546 5551 5552 5553 5554 5559 5561 5580 5600 5601
38 11.7819 3.41316 1.29912 -0.0478407 -0.0412576 0.651778 0.755774 5466 5468 5490 5491 5492 5500 5501 5513 5515 5528 5532 5536 5537 5538 5539 5544 5545 5546 5547 5551 5552 5553 5554 5559 5560 5561 5562 5568 5578 5582 5594 5600 5601 5602 5610 5611 5612 5613 5675 5676 5677
39 11.8585 3.06372 2.34815 -0.119721 -0.0437592 0.340497 0.931565 5546 5547 5552 5554 5559 5560 5561 5562 5568 5601 5610 5611 5612 5675
40 9.5863 6.44874 3.22819 -0.00939859 -0.697258 0.716693 0.00966056 5098 5099 5179 5185 5194 5195 5196 5197 5486 5499 5501 5545 5547 5548 5550 5560 5564 5567
41 12.5955 0.616033 2.29104 -0.0080239 -0.0436618 0.98256 0.180569 4651 4653 4655 5520 5522 5524 5526 5529 5532 5534 5570 5572 5574 5576 5578 5580 5582 5584 5586 5588 5590 5592 5596 5634
42 12.7939 1.2506 2.3104 -0.0739738 -0.0365951 0.441899 0.89326 5522 5524 5526 5529 5531 5532 5534 5553 5570 5572 5574 5576 5578 5580 5582 5584 5588 5592 5594 5596 5598 5600 5606 5618 5620 5622 5636
43 13.1813 1.35833 2.53614 0.0461315 -0.24722 0.951438 -0.177539 4655 5570 5572 5574 5576 5578 5582 5586 5588 5590 5592 5594 5596 5598 5634
44 13.769 1.30014 2.30288 -0.0615293 -0.033832 0.48063 0.874108 5526 5572 5574 5576 5578 5580 5582 5584 5586 5588 5590 5592 5594 5596 5598 5603 5606 5618 5620 5622 5624 5626 5634 5636 5638 5640 5642 5645 5647 5649
45 12.6602 1.92961 1.35634 -0.13428 -0.0162332 0.118914 0.983649 5522 5526 5528 5529 5532 5534 5538 5539 5545 5546 5547 5551 5552 5553 5554 5559 5560 5561 5562 5572 5578 5580 5582 5584 5592 5594 5596 5598 5600 5601 5602 5606 5610 5611 5612 5613 5618 5620 5622 5624 5626 5628 5629 5631 5634 5636 5638 5645 5647 5653 5655 5675 5680 5681 5682 5683
46 12.7992 2.22018 2.31443 -0.0803791 -0.0368247 0.414877 0.905572 5534 5553 5554 5561 5576 5578 5580 5582 5584 5594 5600 5601 5602 5606 5610 5612 5613 5618 5620 5622 5624 5626 5628 5629
47 11.8431 3.33441 1.40928 -0.135563 0.114687 -0.635613 0.75131 5551 5552 5553 5554 5559 5560 5561 5562 5568 5584 5592 5594 5596 5598 5600 5601 5602 5610 5611 5612 5613 5622 5624 5629 5631 5634 5636 5638 5645 5647 5649 5651 5653 5655 5675 5676 5677 5681 5682 5683 5685 5686 5698
48 12.8273 3.18174 2.32332 -0.0916543 -0.0405048 0.402183 0.910059 5554 5561 5562 5568 5601 5602 5610 5611 5612 5613 5620 5626 5628 5629 5631 5675 5677 5680 5681
49 13.8 2.25665 2.31061 -0.0737796 -0.0376875 0.453336 0.887481 5580 5582 5584 5590 5592 5594 5596 5598 5600 5602 5603 5606 5612 5618 5620 5622 5624 5626 5628 5629 5631 5634 5636 5645 5647 5649 5651 5653 5655 5657 5663 5681
50 13.8179 3.23273 2.31562 -0.0807244 -0.0399786 0.441999 0.892481 5598 5602 5612 5613 5618 5620 5622 5624 5626 5628 5629 5631 5647 5653 5655 5657 5659 5669 5677 5680 5681 5682 5683 5685 5686
51 14.6114 1.62056 2.29199 -0.0101146 -0.0458845 0.975476 0.215031 5576 5588 5590 5592 5594 5596 5598 5618 5622 5624 5634 5636 5638 5640 5642 5645 5647 5649 5651 5661 6137 6139
52 15.5004 1.83486 2.32075 0.00402019 -0.0968636 0.994433 -0.0412725 5634 5636 5638 5640 5642 5644 5645 5649 5651 5661 5663 5665 5666 6137 6138 6139 6140
53 14.7944 2.27435 2.30821 -0.0698351 -0.037232 0.468981 0.879655 5584 5594 5596 5598 5618 5620 5622 5624 5626 5629 5631 5634 5636 5638 5640 5642 5645 5647 5649 5651 5653 5655 5657 5659 5661 5663 5667 5669 5671 5683 6137 6138
54 14.8073 3.24249 2.31306 -0.0773981 -0.0385195 0.443883 0.891904 5617 5620 5624 5626 5628 5629 5631 5640 5645 5647 5649 5651 5653 5655 5657 5659 5663 5667 5669 5671 5673 5680 5681 5682 5683 5685 5686 5688 5690 5692 5694
55 15.7668 2.33135 2.3005 -0.0561049 -0.034451 0.522134 0.850318 5598 5636 5638 5640 5642 5644 5645 5647 5649 5651 5653 5657 5659 5661 5663 5665 5666 5667 5669 5671 5673 5686 5690 6137 6138 6139 6140 6141 6142 6143 6144 6145 6147 6149
56 15.8043 3.24647 2.31222 -0.0762362 -0.0381318 0.445714 0.891108 5631 5644 5647 5649 5651 5653 5655 5657 5659 5661 5663 5665 5666 5667 5669 5671 5673 5683 5686 5688 5690 5692 5694 5696 5698 6137 6138 6140 6141 6142 6143 6144 6147 6148 6169 6171 6173 6178
57 11.9854 4.10905 1.38992 -0.142855 0.0792649 -0.478662 0.862666 5560 5561 5562 5568 5601 5602 5610 5611 5612 5613 5624 5629 5631 5647 5653 5655 5659 5667 5675 5676 5677 5681 5682 5683 5685 5688 5698 5699
58 12.8476 3.80174 2.41765 -0.178692 -0.0411222 0.220464 0.958005 5568 5610 5611 5613 5628 5631 5675 5676 5677 5680 5681 5682
59 13.8136 4.16905 2.32308 -0.0923027 -0.038231 0.380752 0.919264 5613 5626 5628 5629 5631 5655 5676 5677 5680 5681 5682 5683 5685 5686 5688
60 14.8117 4.18263 2.32091 -0.0893539 -0.0381307 0.390637 0.915404 5628 5631 5653 5655 5657 5659 5669 5680 5681 5682 5683 5685 5686 5688 5690 5692 5694 5696 5698
61 15.7928 4.19411 2.31679 -0.0845667 -0.0354372 0.384855 0.918411 5655 5657 5659 5667 5669 5671 5673 5683 5685 5686 5688 5690 5692 5694 5696 5698 6141 6142 6144 6169 6171 6175 6178 6179 6182
62 16.6788 2.48433 2.28882 -0.0233831 -0.0294549 0.782655 0.621318 5642 5644 5661 5663 5665 5666 5667 5669 5671 5673 6137 6138 6139 6140 6141 6142 6143 6144 6145 6146 6147 6148 6149 6150 6173 6178 6180
63 16.7897 3.26409 2.30854 -0.0709312 -0.036234 0.453469 0.887706 5663 5665 5666 5667 5669 5671 5673 5690 5694 5696 6137 6138 6139 6140 6141 6142 6143 6144 6145 6146 6147 6148 6149 6150 6159 6160 6169 6171 6173 6174 6177 6178 6179 6180 6181 6182 6186
64 17.4053 2.96992 2.35605 0.0161587 -0.134021 0.983722 -0.118606 5644 5665 5666 6137 6138 6139 6140 6141 6142 6143 6144 6145 6146 6147 6148 6149 6150 6159 6160 6161 6162 6186
65 18.8027 3.28527 2.30839 -0.0692566 -0.0388708 0.487892 0.869284 6138 6139 6140 6142 6143 6144 6145 6146 6147 6148 6149 6150 6159 6160 6161 6162 6163 6173 6174 6178 6179 6180 6181 6182 6183 6184 6186 6187 6188 6189 6190 6191 6192 6194 6195 6196
66 19.9193 3.02549 2.36745 -0.135374 -0.0524108 0.357218 0.922671 6146 6147 6149 6150 6159 6160 6161 6162 6163 6180 6181 6183 6186 6187 6188 6189 6190 6192 6193 6194 6195 6196
67 16.8058 4.2339 2.31378 -0.0787596 -0.0381161 0.433951 0.896677 5669 5673 5688 5690 5692 5694 5696 5698 6138 6139 6140 6141 6142 6143 6144 6147 6148 6150 6169 6171 6173 6174 6175 6177 6178 6179 6180 6181 6182 6183 6184 6186 6187 6189 6190
68 16.778 4.76814 2.41917 -0.181654 -0.0317068 0.168997 0.968213 5694 5696 5698 6169 6171 6173 6174 6175 6177 6178 6179 6181 6182 6183 6184 6187 6190 6191
69 17.8063 4.25767 2.31139 -0.0745481 -0.0387195 0.459297 0.884302 5696 6141 6142 6143 6144 6145 6146 6147 6148 6149 6150 6159 6160 6162 6169 6171 6173 6174 6175 6177 6178 6179 6180 6181 6182 6183 6184 6186 6187 6188 6189 6190 6191 6192 6193 6194 6195 6196
70 17.7805 5.12402 2.3256 -0.097614 -0.0329056 0.317738 0.942566 6144 6148 6150 6171 6173 6174 6175 6177 6178 6179 6180 6181 6182 6183 6184 6186 6187 6189 6190 6191 6192 6193 6196 6197
71 18.7969 4.30473 2.30608 -0.0651567 -0.0385241 0.507489 0.858327 6142 6143 6144 6147 6148 6149 6150 6159 6160 6161 6162 6163 6172 6173 6174 6177 6178 6179 6180 6181 6182 6183 6184 6186 6187 6188 6189 6190 6191 6192 6193 6194 6195 6196 6197
72 18.7803 5.15699 2.32036 -0.0905646 -0.0331486 0.342118 0.934695 6150 6160 6162 6174 6177 6178 6179 6180 6181 6182 6183 6184 6186 6187 6188 6189 6190 6191 6192 6193 6194 6195 6196 6197
73 19.7585 4.3366 2.29923 -0.053951 -0.0332654 0.523784 0.84949 6148 6149 6150 6159 6160 6161 6162 6163 6180 6181 6183 6184 6186 6187 6188 6189 6190 6191 6192 6193 6194 6195 6196 6197
74 19.7686 5.17858 2.31582 -0.0846346 -0.0316457 0.348795 0.932833 6162 6163 6181 6182 6183 6184 6186 6187 6188 6189 6190 6191 6192 6193 6194 6195 6196 6197
