0 -5.89786 23.2201 3.3436 -0.105444 0.0631805 -0.510085 0.851295 2559 2560 2561 2562 2564 2566 2570 2572 2574 2576 2578 2861 2868 2869 2870 2871 2877 2892 2893 2894 2897 2899 2901 2903 2905 2907
1 -5.22761 21.7115 3.58709 -0.253912 0.107295 -0.374162 0.885449 2560 2561 2562 2566 2568 2570 2572 2576 2704 2705 2713 2714 2717 2720 2722 2728
2 -4.78032 23.4705 3.30787 -0.0537433 0.0573432 -0.727382 0.681718 2562 2564 2566 2568 2570 2572 2574 2576 2578 2720 2722 2724 2726 2728 2730 2732 2734 2894 2897 2899 2901 2903 2905 2907 2917 2919 2921 2923 2935
3 -3.09985 21.1517 2.40936 -0.15003 0.0950803 -0.526786 0.831233 2568 2570 2701 2702 2703 2704 2706 2707 2713 2714 2715 2716 2717 2718 2719 2720 2722 2724 2726 2728 2732 2753 2754 2755 2758 2760 2761 2762 2764 2765 2806 2807 2808 2809 2810 2811 2813 2820 2825 2827
4 -4.61826 19.8535 4.92747 -0.610154 0.196951 -0.235736 0.730309 2566 2567 2568 2569 2701 2702 2704 2705 2706 2707 2709 2720 2721 2755 2762 2772 2783 2785 2789 2791 2800 2801 2845 3012 3015 3016 3017 3018 3019 3020 3021 3022 3023 3024 3030 3032 3033 3038 3039 3042
5 -1.14647 21.9141 4.94889 -0.231605 -0.602322 0.71302 0.27417 2790
6 -3.24054 20.8147 3.55149 -0.234184 0.110634 -0.41258 0.873324 2701 2702 2703 2704 2706 2707 2724 2755 2779
7 -2.90109 22.5078 2.33156 -0.0724788 0.0827402 -0.747647 0.654924 2568 2570 2576 2701 2702 2703 2704 2713 2714 2715 2716 2717 2718 2719 2720 2722 2724 2726 2728 2730 2732 2734 2755 2758 2760 2761 2762 2764 2806 2807 2808 2810 2811 2812 2813 2814 2820 2821 2824 2825 2826 2827 2917 2921 2933 2946 2947 2950
8 -2.82159 23.6479 2.32469 -0.0515791 0.0878733 -0.857922 0.503575 2566 2568 2570 2572 2576 2578 2701 2703 2704 2713 2714 2715 2716 2717 2718 2719 2720 2722 2724 2726 2728 2730 2732 2734 2746 2761 2806 2807 2808 2810 2811 2812 2813 2814 2821 2824 2825 2826 2917 2919 2921 2923 2929 2931 2933 2935 2941 2944 2946 2947 2948 2949 2950 2951 2966 2968
9 -3.96647 22.2526 3.35649 -0.111991 0.0760962 -0.556842 0.819509 2566 2568 2570 2572 2576 2701 2704 2707 2713 2714 2717 2720 2722 2724 2726 2728 2730 2732 2734 2933
10 -3.78845 23.5734 3.31291 -0.0488488 0.0710769 -0.821061 0.564288 2566 2570 2572 2574 2576 2578 2704 2714 2717 2719 2720 2722 2724 2726 2728 2730 2732 2734 2746 2750 2905 2907 2917 2919 2921 2923 2933 2935 2937
11 -2.77265 22.4788 3.30677 -0.0517331 0.056799 -0.737122 0.671378 2701 2703 2704 2713 2714 2715 2716 2717 2718 2720 2722 2724 2726 2728 2732 2734 2761 2806 2807 2811
12 -2.76618 23.603 3.31149 -0.0439081 0.0717923 -0.85007 0.519902 2714 2715 2716 2717 2718 2719 2722 2724 2726 2728 2730 2732 2734 2746 2807 2811 2812 2921 2923 2933 2935 2946
13 -2.94482 20.815 1.98519 -0.258298 0.329834 -0.714891 0.559841 2586 2644 2648 2652 2653 2654 2656 2662 2666 2668 2702 2703 2706 2752 2753 2754 2755 2760 2761 2762 2764 2772 2773 2777 2806 2808 2815 2818 5705
14 -3.1968 21.4545 4.24812 0.349664 -0.607434 0.61817 -0.355844 2641 2644 2653 2656 2657 2681 2682 2702 2706 2752 2753 2754 2756 2758 2762 2764 2772 2773
15 -1.49732 21.0973 2.31478 -0.0888279 0.00373574 -0.0418524 0.99516 2701 2702 2703 2706 2713 2714 2715 2716 2717 2718 2719 2720 2722 2728 2730 2753 2754 2755 2760 2761 2762 2764 2767 2772 2773 2806 2807 2808 2811 2812 2813 2815 2816
16 -1.27144 20.8604 1.49833 -0.121133 0.19779 -0.829527 0.508027 2645 2652 2653 2654 2656 2666 2668 2671 2706 2752 2753 2754 2755 2760 2762 2764 2767 2768 2770 2772 2773 2774 2775 2808 2815 5768 5824 5826 5828 5830 5831 5832 5833
17 -2.01792 20.8692 3.09115 -0.273216 0.356862 -0.7093 0.543043 2668 2752 2753 2754 2762 2772
18 -1.14961 21.8735 1.4513 0.0996768 -0.179164 0.855301 -0.475842 2653 2656 2702 2703 2706 2752 2753 2754 2755 2760 2761 2762 2764 2766 2767 2768 2769 2770 2772 2773 2774 2775 2806 2808 2810 2813 2815 2816 2817 2820 2824 2826 5824 5826 5828 5830 5831 5832 5833 5837 5879 5880 5881 5901 5949 5951
19 -1.83341 21.8448 2.87645 -0.231471 0.307806 -0.737582 0.554662 2753 2755 2758 2760 2762 2764 2767 2771 2772 2773 2776 2777 2808 2815 2818 2820
20 0.0294218 19.782 4.13753 -0.387722 -0.251526 0.482628 0.74396 2660 2680 2683 2684 2696 2756 2757 2759 2763 2780 2781 2782 2792 2796 2798 2802
21 0.912621 21.2179 3.85451 -0.288573 -0.244054 0.597858 0.706916 5834
22 -1.73532 22.5932 2.30632 -0.0391374 0.0652624 -0.855123 0.51281 2701 2702 2703 2713 2714 2715 2716 2717 2718 2719 2720 2755 2758 2760 2761 2762 2764 2773 2806 2807 2808 2810 2811 2812 2813 2814 2815 2817 2820 2823 2824 2826 2828 2933 2946 2947 5888
23 -1.75148 23.6978 2.31896 0.0391593 -0.0861166 0.906223 -0.412081 2703 2713 2714 2715 2716 2717 2718 2719 2722 2728 2730 2734 2761 2806 2807 2808 2810 2811 2812 2813 2814 2820 2824 2826 2828 2829 2921 2933 2935 2939 2944 2946 2947 2948 2949 2951 2952 2966 5888
24 -0.91356 22.8547 1.37593 0.0616944 -0.139232 0.903601 -0.400391 2701 2702 2703 2713 2714 2715 2716 2718 2753 2754 2755 2760 2761 2762 2764 2767 2768 2770 2772 2773 2774 2775 2806 2807 2808 2810 2811 2812 2813 2814 2815 2816 2817 2820 2824 2826 2828 2829 2947 2949 2952 2954 5825 5826 5828 5830 5831 5832 5833 5837 5879 5880 5881 5888 5889 5890 5892 5898 5901 5902 5936 5937 5947 5948 5949 5951 5952 6007 6011
25 -1.72191 22.8358 2.77385 -0.208124 0.281705 -0.753355 0.556581 2761 2764 2806 2807 2808 2810 2813 2814 2815 2817 2818 2820 2824 2826 2829
26 -1.56406 23.8428 2.65723 -0.176064 0.250037 -0.778465 0.548156 2807 2809 2810 2811 2812 2813 2814 2817 2820 2823 2824 2826 2828 2829 2947 2948 2949 2951 2952 2954
27 -1.08155 22.4213 3.32098 -0.0712781 -0.0661412 0.676976 0.729554 2703 2715 2716 2718 2719 2807 2808 2810 2811 2813 2820
28 -1.63886 23.4967 3.29105 -0.0269813 0.0352729 -0.793488 0.606963 2716 2718 2719 2807 2810 2811 2812 2813 2814 2946 2947
29 0.962137 22.2387 3.90071 -0.297473 -0.256705 0.600778 0.696189 5884
30 -5.68826 24.5674 3.29883 -0.0322513 0.0536358 -0.85532 0.514305 2559 2560 2561 2562 2564 2566 2572 2574 2578 2861 2862 2868 2869 2870 2871 2875 2876 2877 2878 2888 2892 2893 2894 2896 2897 2898 2899 2900 2901 2903 2905 2907 2911 2914 2915 2919 2925
31 -5.65022 25.6125 3.29814 0.0250734 -0.0558202 0.910491 -0.408976 2559 2560 2561 2564 2862 2864 2865 2868 2869 2870 2871 2875 2876 2877 2878 2886 2888 2892 2893 2894 2896 2897 2898 2899 2900 2901 2903 2907 2910 2911 2913 2914 2915 2916 2925 2927
32 -4.70903 24.6039 3.30375 0.0345155 -0.0628924 0.8744 -0.479873 2559 2562 2564 2570 2572 2574 2576 2578 2722 2728 2730 2734 2870 2871 2893 2894 2896 2897 2899 2900 2901 2903 2905 2907 2911 2915 2916 2917 2919 2921 2923 2925 2927 2929 2941
33 -4.72222 25.4482 3.29944 -0.0452881 0.044927 -0.702836 0.708486 2892 2893 2894 2896 2897 2898 2899 2900 2901 2903 2905 2907 2910 2911 2913 2914 2915 2916 2917 2919 2921 2923 2925 2927 2929 2931
34 -3.73549 24.636 3.30991 0.0379253 -0.0724563 0.883005 -0.462185 2574 2576 2578 2728 2730 2732 2734 2746 2894 2901 2903 2905 2907 2911 2917 2919 2921 2923 2925 2927 2929 2931 2933 2935 2937 2939 2941 2944
35 -3.25483 27.0904 4.15869 -0.0301534 -0.466876 0.881971 0.0569626 2717 2808 2910 2911 2913 2916 2927 2928 2931 2932 2941 2943 2944 2945 2946 2967
36 -2.25529 27.0473 4.09807 -0.0298028 -0.450376 0.890394 0.0589202 2717 2808 2931 2941 2943 2944 2945 2946 2948 2966 2967 2968 3093
37 -1.56864 25.4623 2.56112 0.0131114 -0.263284 0.963435 -0.0479784 2717 2719 2722 2728 2730 2732 2734 2808 2811 2812 2813 2814 2829 2921 2923 2929 2933 2935 2939 2941 2943 2944 2946 2947 2948 2949 2951 2952 2954 2956 2957 2958 2959 2962 2966 2968
38 -1.44525 24.9515 2.61197 0.149493 -0.24465 0.817482 -0.499522 2812 2813 2814 2817 2826 2829 2946 2947 2948 2949 2951 2952 2954 2956 2957 2958 2959 2962 2968 5880 5889 6014 6015 6017
39 -1.35249 26.1455 2.62984 0.128689 -0.26478 0.859541 -0.417756 2817 2939 2944 2947 2948 2949 2950 2951 2954 2956 2957 2958 2959 2960 2962 2966 2968 2988 2991 6009 6014 6015 6016 6017 6050 6053
40 -1.36769 26.0316 4.06285 -0.0139238 -0.441281 0.896815 0.0282973 2808 2944 2946 2948 2949 2966 2968
41 -1.16281 27.2541 4.47506 -0.0456285 -0.543961 0.834936 0.0700361 2808 2929 2941 2943 2944 2945 2946 2948 2949 2954 2957 2966 2967 2968 2982 2983 3087 3093 6301 6306
42 -0.998423 27.1491 2.48599 0.0718616 -0.213411 0.923372 -0.310926 2943 2944 2948 2949 2951 2954 2956 2957 2958 2959 2962 2965 2966 2968 2988 2991 6009 6010 6013 6014 6015 6016 6017 6019 6050 6053 6067
43 -2.14944 27.5281 5.18607 0.330927 -0.605156 0.635283 -0.347402 2948 2949 2957 2959 2968 2975 2979 2982 2983 2986 2988 2989 2990 2991 2992 3087 3088 3093 6300 6301 6306
44 1.37669 20.8665 1.51853 -0.128103 -0.205994 0.823825 0.512316 2670 2671 2767 2768 2770 2772 2773 2774 2775 5768 5769 5771 5784 5785 5790 5792 5824 5826 5828 5830 5831 5832 5833 5836 5837 5842 5843 5844 5846 5848 5881 5894 5938
45 2.24071 21.0708 3.44852 -0.309728 -0.442051 0.689431 0.483057 5771 5832 5836 5837 5838 5839 5840 5841 5842 5843 5844
46 1.25501 21.8706 1.46626 -0.106667 -0.185464 0.846783 0.487015 2718 2753 2767 2768 2770 2772 2773 2774 2775 2811 2815 2816 2817 5785 5792 5824 5825 5826 5828 5830 5831 5832 5833 5836 5837 5842 5843 5844 5846 5848 5849 5879 5880 5881 5886 5890 5894 5896 5897 5899 5935 5936 5938
47 1.95631 21.8628 2.94064 -0.243547 -0.324122 0.730809 0.549134 5824 5828 5829 5832 5833 5834 5835 5837 5840 5843 5844 5846 5848 5881 5884 5886 5894
48 2.97293 20.8188 1.94558 -0.24956 -0.321442 0.721526 0.560174 2586 5705 5765 5769 5771 5775 5782 5784 5785 5790 5792 5832 5833 5835 5836 5837 5842 5843 5844 5846 5848 5849 5881 5884 5894 5897 5935 5936 5938
49 -0.115003 19.3482 4.01555 -0.580473 0.310078 -0.354758 0.664115 5772 5787 5788 5789 5815 5817 5825 5827 5829 5838 5839 5840 5841 5850 5865 5866 5867 5868 5885
50 1.58173 21.112 2.31258 -0.0855325 -0.00620282 0.0720636 0.993706 5828 5832 5833 5837 5842 5843 5844 5846 5848 5849 5879 5881 5894 5897 5898 5899 5900 5901 5902 5935 5936 5937 5938 5947 5948 5949 5950 5951 5953 5974 5976 5982 5984 6072
51 -0.86617 21.2223 3.87177 -0.292248 0.248483 -0.598203 0.703563 2776
52 0.164039 19.7003 4.03209 -0.3723 0.220511 -0.459434 0.775686 5788 5789 5806 5815 5817 5829 5838 5839 5840 5841 5850 5853 5855 5857 5859 5861 5865 5867
53 0.994471 22.8579 1.38045 -0.0641505 -0.142154 0.900333 0.406298 2701 2703 2713 2715 2716 2718 2719 2752 2753 2767 2769 2772 2773 2774 2775 2807 2811 2812 2815 2816 2817 2824 2826 2828 2829 2946 2949 2952 5824 5826 5828 5830 5831 5832 5833 5837 5842 5843 5844 5846 5848 5849 5879 5880 5881 5886 5888 5889 5890 5892 5894 5896 5897 5898 5899 5900 5901 5902 5935 5936 5937 5947 5948 5949 5950 5951 6007 6009 6011 6018
54 1.84523 22.8556 2.82984 -0.21948 -0.297487 0.747687 0.551629 5833 5835 5846 5849 5880 5881 5884 5886 5890 5892 5894 5896 5897 5898 5899 5900
55 1.6684 23.8663 2.69054 -0.182782 -0.261603 0.776869 0.542797 2931 5879 5880 5881 5883 5886 5888 5889 5890 5892 5895 5896 5898 5899 5900 5901 5902 6009 6011 6013 6018 6019
56 1.79832 22.5855 2.30554 -0.0390997 -0.0637617 0.850094 0.521292 2828 5833 5840 5843 5844 5846 5848 5849 5880 5881 5883 5886 5888 5890 5892 5894 5896 5897 5898 5899 5900 5901 5902 5935 5936 5937 5947 5948 5949 5950 5951 5952 5953 5974 6018 6020 6057 6059
57 1.81749 23.6937 2.31861 -0.0394133 -0.0854993 0.904119 0.416779 2828 5849 5886 5888 5889 5890 5892 5894 5896 5897 5898 5899 5900 5901 5902 5936 5947 5948 5949 5950 5951 5952 5953 5976 5980 5982 5984 6007 6011 6013 6018 6019 6020 6048 6055 6057 6059 6061 6063 6068
58 1.22549 22.4373 3.30689 -0.0555967 0.0533121 -0.690065 0.719637 5886 5894 5896 5898 5899 5901 5936 5947 5948 5951
59 1.78558 23.516 3.30034 -0.040091 -0.0518408 0.789347 0.61044 5891 5893 5896 5898 5899 5900 5901 5902 5948 5951 5952 6018 6020 6057
60 3.14781 21.172 2.40064 -0.143993 -0.092928 0.534227 0.827788 5837 5838 5840 5842 5843 5844 5846 5848 5849 5886 5891 5894 5895 5896 5897 5898 5899 5901 5935 5936 5937 5938 5942 5945 5947 5948 5949 5950 5951 5952 5953 5970 5972 5974 5976 5978 5982 5986 5988
61 3.56063 18.7349 5.2629 -0.67803 -0.187649 0.189559 0.684932 5792 5793 5821 5823 5837 5842 5843 5864 5868 5869 5872 5910 5935 5937 5938 5941 5942 5944 5945 5946 5974 5975 6222 6223 6224 6225 6228 6230 6231 6232 6233 6234 6236 6237 6251 6256 6267
62 3.38573 20.6916 3.64111 -0.272898 -0.122535 0.390859 0.870483 5843 5870 5935 5936 5937 5938 5942 5945
63 4.69348 19.8373 5.05868 -0.634087 -0.204487 0.228884 0.70974 5843 5844 5862 5863 5864 5868 5872 5874 5876 5907 5910 5935 5937 5938 5942 5943 5944 5945 5946 5974 5975 5986 5987 5990 5991 6230 6231 6232 6233 6234 6235 6236 6237 6245 6251 6252 6255 6256 6267 6268
64 2.95227 22.506 2.32852 -0.070168 -0.080104 0.747941 0.655168 5840 5843 5844 5846 5848 5849 5886 5887 5890 5891 5892 5893 5894 5896 5897 5898 5899 5900 5901 5902 5935 5936 5937 5945 5947 5948 5949 5950 5951 5952 5953 5970 5972 5974 5976 5978 5980 5982 5984 5986 5988 5992 6012 6018 6020 6057 6059 6068 6072
65 2.86785 23.6404 2.32068 -0.0487541 -0.083692 0.860014 0.500994 5849 5887 5890 5891 5892 5893 5894 5896 5897 5898 5899 5900 5901 5902 5936 5937 5945 5947 5948 5949 5950 5951 5952 5953 5968 5970 5972 5974 5976 5978 5980 5982 5984 5986 5988 5990 5992 5994 5996 6011 6012 6013 6018 6019 6020 6045 6047 6048 6055 6057 6059 6061 6063 6065 6068 6070 6072 6074 6076
66 2.84736 22.4742 3.30826 -0.05384 -0.0581017 0.731191 0.677559 5849 5897 5898 5901 5936 5937 5945 5947 5948 5949 5950 5951 5953 5970 5972 5974 5976 5978 5980 5982 5984
67 2.83127 23.5963 3.31101 -0.0441934 -0.0707848 0.845293 0.527746 5898 5901 5902 5947 5948 5950 5951 5952 5953 5968 5970 5972 5976 5978 5980 5982 5984 6020 6045 6057 6059 6061 6068 6070
68 4.01117 22.2548 3.35116 -0.108222 -0.0727203 0.552975 0.822933 5937 5942 5945 5949 5950 5953 5968 5970 5972 5974 5976 5978 5980 5982 5984 5986 5988 5990 5992 5996 6059
69 3.84192 23.5705 3.31092 -0.047042 -0.0687486 0.82242 0.562749 5945 5950 5952 5953 5964 5968 5970 5972 5974 5976 5978 5980 5982 5984 5986 5988 5990 5992 5994 5996 5998 6055 6059 6061 6068 6070 6072 6074 6082 6084
70 5.28628 21.7661 3.56163 -0.241248 -0.106847 0.390605 0.881936 5945 5946 5949 5950 5974 5976 5982 5986 5988 5990 5992 5996 6000 6004 6005
71 4.8484 23.4709 3.30839 -0.0542922 -0.0579577 0.727503 0.681493 5970 5972 5974 5976 5978 5980 5982 5984 5986 5988 5990 5992 5994 5996 5998 6000 6002 6068 6070 6072 6074 6082 6084 6086 6088 6095 6100 6102
72 5.96249 23.2255 3.34291 -0.104536 -0.0633294 0.514264 0.848878 5988 5990 5992 5994 5996 5998 6000 6002 6004 6005 6006 6082 6084 6086 6088 6094 6095 6098 6099 6100 6102 6107 6108 6109 6110 6114 6122
73 1.55496 25.0037 2.65589 -0.156242 -0.262241 0.818078 0.487407 2817 2931 2957 2958 2959 5880 5889 5892 5899 5900 5902 6007 6009 6011 6013 6014 6015 6016 6017 6018 6019 6020 6045 6047
74 1.46431 26.1609 2.66252 -0.136615 -0.276003 0.852663 0.422047 2817 2931 2956 2957 2958 2959 2988 2991 5880 6009 6011 6012 6013 6014 6015 6016 6017 6018 6019 6045 6047 6048 6050 6053 6057 6063
75 1.84329 23.8955 2.38695 -0.155861 -0.0406929 0.249318 0.95493 2959 2988 5889 5890 5892 5896 5899 5900 5901 5902 5951 5952 5968 5980 6007 6009 6011 6013 6014 6015 6016 6017 6018 6019 6020 6045 6048 6050 6055 6057 6059 6061 6063 6065 6068 6070 6072 6076
76 1.48195 25.8673 3.87267 0.00683345 -0.383839 0.923229 -0.0164362 6011 6016 6019 6020 6041 6045 6047 6048 6057 6061 6063
77 1.20608 27.2075 4.3857 0.0481321 -0.522798 0.847512 -0.0780273 3093 5894 5952 6009 6011 6017 6019 6020 6037 6038 6047 6048 6049 6063 6064 6065 6067 6306
78 1.12929 27.1756 2.51749 -0.0816889 -0.227836 0.913335 0.32747 2916 2931 2943 2954 2956 2957 2958 2959 2988 2991 6009 6011 6013 6014 6015 6016 6017 6019 6041 6045 6047 6048 6050 6053 6063 6067
79 2.25879 27.4545 5.17822 -0.343172 -0.596656 0.628828 0.361676 3087 3088 3091 3093 6015 6017 6030 6031 6037 6038 6047 6050 6051 6052 6053 6054 6300 6301 6304
80 2.82646 24.3775 3.30623 -0.0597988 -0.0468139 0.61465 0.785136 5902 5952 5968 5978 5980 6020 6045 6047 6048 6055 6057 6059 6061 6063 6065 6068 6070 6072 6074 6076 6079
81 2.33481 27.0275 4.06944 0.0276114 -0.442502 0.894603 -0.0558218 3093 5894 5952 5953 6019 6020 6047 6048 6049 6063 6064 6065 6067 6076 6078 6079 6081 6090 6306
82 3.79226 24.6243 3.30777 -0.0369305 -0.0691966 0.879499 0.469392 5966 5968 5972 5978 5980 5982 5984 5992 5994 5998 6048 6055 6057 6059 6061 6063 6065 6068 6070 6072 6074 6076 6079 6082 6084 6086 6088 6090 6095
83 3.31007 27.1626 4.27409 0.0321119 -0.496691 0.865526 -0.0559577 5837 5894 5952 5953 6020 6049 6063 6064 6065 6067 6076 6078 6079 6081 6090 6092 6094 6104
84 4.77399 24.6042 3.30378 -0.0345282 -0.0629596 0.874538 0.479612 5976 5980 5982 5984 5988 5992 5994 5996 5998 6000 6002 6006 6065 6068 6070 6072 6074 6076 6079 6082 6084 6086 6088 6090 6093 6094 6095 6097 6099 6100 6101 6102 6104 6105 6107 6108
85 4.77359 25.4995 3.29836 -0.0389896 -0.0477611 0.77318 0.631183 5984 6067 6068 6070 6072 6074 6076 6078 6079 6081 6082 6084 6086 6088 6090 6092 6093 6094 6095 6097 6098 6099 6100 6101 6102 6103 6104 6105 6106 6107 6108 6114
86 5.75304 24.5682 3.29887 -0.0322123 -0.0537594 0.856112 0.512976 5990 5994 5996 5998 6000 6002 6004 6005 6006 6074 6079 6082 6084 6086 6088 6090 6092 6093 6094 6095 6097 6098 6099 6100 6101 6102 6103 6105 6106 6107 6108 6109 6110 6114 6115 6116 6122 6123 6129
87 5.71347 25.6126 3.298 -0.0248295 -0.0556291 0.911472 0.406827 6002 6004 6005 6006 6078 6079 6081 6084 6086 6088 6090 6092 6093 6094 6095 6097 6098 6099 6100 6101 6102 6103 6104 6105 6106 6107 6108 6109 6110 6114 6115 6116 6117 6123 6125 6126 6129 6130
88 5.01198 24.7212 4.39964 -0.523491 -0.0712534 0.11451 0.841289 6090 6094 6101
89 6.01901 24.8026 4.25915 -0.488879 -0.0706809 0.124414 0.860536 6093 6094 6100 6101 6102 6103 6104 6105 6106 6115 6117 6129 6130
