30 2.28863 18.7194 8.70044 0.618916 0.720988 -0.236464 -0.202987 5760 5761 5743 5794 5798 5800 5802 5804 5805 5806 5749 5810 5812 5813 5814 5820 6206 5823 6208 6209 6210 6211 6212 6213 6214 6215 6216 6217 6219 6222 5854 5855 5856 5734 5735 5737 5739 5740 5741 5870 5871 5872 5745 5877 5822 5751 5752 5753 6207 5757 5759
36 2.03132 20.7197 7.86786 0.618906 0.740094 -0.201821 -0.168773 5906 5910 5924 5927 5928 5801 5802 5803 5804 5805 5806 5938 5939 5812 5820 5822 5823 6213 6215 6222 6224 6230 5851 5852 5853 5854 5855 5856 5859 5860 5861 5862 5863 5864 5869 5870 5871 5872 5874 5876 5877 5878
63 1.60812 22.3247 7.39888 0.923229 0.0164361 -0.00683344 -0.383839 6060 5934 5911 6040 6041 6042 6044 5919 5920 5921 5922 5926 5928 5930 5932 6062 6069 5957 5961 5963 5965 5967 5969 5981 6056
53 2.08414 23.2312 8.24138 0.845293 -0.527746 0.0441934 -0.0707848 5932 6026 6031 5959 5955 5934 6040 5963 6042 6044 6046 5957 5921 5922 5924 5926 5927 5928 5929 5930 6049 6060 5938 6062 6064 6066 6067 5941 6071 5944 6073 5946 6075 6077 6078 6069 6080 6081 6083 6085 6087 5961 6091 6092 5965 5967 5969 6089 5971 5973 5975 5977 5979 5981 5983 5985 5987 5989 5991 5993 5995 5997 5870 5999 6056 6003 5876 5877 5878 6058 6001
108 3.52801 23.5988 9.21726 -0.482076 -0.506576 0.517829 0.492785 6224 6225 6228 6229 6230 6231 6232 6233 6234 6235 6236 6237 6240 6241 6242 6243 6244 6245 6246 6247 6248 6249 6250 6251 6252 6253 6254 6255 6256 6257 6258 6259 6260 6261 6262 6263 6264 6265 6266 6267 6268 6269 6270 6271 6272 6273 6274 6275 6276 6277 6278 6279 6280 6281 6282 6283 6284 6285 6286 6287 6288 6289 6290 6291 6292 6293 6295 6298 6299 6300 6301 6302 6303 6304 6305 6306 6307 6308 6309 6310 6311 6312 6313 6314 6315 6316 6317 6318 6319 6320 6321 6322 6323 6325 6326 6327 6328 6329 6332 6333 6334 6335 5854 5860
57 4.05844 23.4192 8.24532 0.727503 -0.681493 0.0542923 -0.0579577 5995 6111 5975 5997 6101 6087 6060 6062 6066 6069 6071 5944 6073 5946 6075 6077 5969 6080 6083 6085 5959 5961 6091 6092 6093 6094 5967 6096 6097 6089 5971 6100 5973 6102 6103 5977 5979 6108 5981 5983 5985 5987 5989 6118 6119 5993 5991 6098 5999 6001 6003 6004 6005 6006 6099 6115
77 6.32481 24.2735 9.27074 0.906875 -0.418937 0.0190771 -0.0412963 5995 6004 6121 5999 5985 6062 6003 6069 6071 6073 6075 6077 6005 6080 6081 6083 6085 6087 6089 6091 6092 6093 6094 6096 6097 6098 6099 6100 6101 6102 6103 6104 6105 6106 6111 6112 6113 5989 6118 6119 6120 5993 6122 5991 6124 5997 6127 6128 6001 6131 6132 6133 6006 6135 6136
126 3.51906 25.7095 11.1701 -0.468804 -0.511257 0.530898 0.486814 6273 6274 6275 6276 6277 6278 6279 6280 6281 6282 6286 6287 6288 6289 6290 6291 6292 6293 6294 6295 6296 6297 6308 6309 6310 6311 3112 6313 6314 6315 6316 6317 6318 6319 6320 6321 6322 6323 6324 6325 6326 6327 6328 6329 6330 6331 6332 6333 6334 6335 6336 6337 6338 6339 6340 6341 6342 6343 6344 6345 6346 6347 6348 6349 6350 6351 6352 6353 6354 6312 6258 6264 6266 6269 6270
123 3.49439 26.8849 10.0887 -0.447044 -0.517433 0.552139 0.477029 6277 6278 6281 6282 6290 6291 6292 6294 6295 6296 6297 6299 6301 6302 6303 6304 6305 6306 6307 6308 6309 6310 6311 3112 6313 6314 6315 6316 6317 6318 6319 6320 6321 6322 6323 6324 6325 6326 6327 6328 6329 3130 6331 6332 6333 6334 6335 6336 6337 6338 6339 6342 6343 6344 6345 6346 6347 6348 6349 6351 6353 6330 6312 6262 6265 6266
74 3.81308 29.0437 6.60844 -0.11451 0.841289 -0.523491 0.0712535 6081 6092 6129 6130 6067 6133 6134 6104 6105 6106 6078 6131
65 3.12197 27.9567 5.12576 -0.343172 -0.596656 0.628828 0.361676 6017 6019 6029 6030 6031 3088 3091 3093 6038 6039 6300 6301 6047 6048 6049 6050 6051 6052 6053 6054 2987 6305 6306 3087 6035 5881 6011 6037
62 2.95197 26.5145 6.70202 0.469018 0.718679 -0.429897 -0.280555 6017 6027 6028 6029 6030 6031 6036 6037 6038 6039 6298 6300 5920 6049 6050 6051 6052 6053 6054 6064 6067 6261
60 2.9243 25.6279 6.65867 0.45118 0.725043 -0.441782 -0.274912 6017 6028 6029 6030 6031 6036 6037 6038 6039 5914 6300 6298 6046 5920 5921 5922 6051 6052 5916 6058 6062 6064 5918 6049 6050 6259 6261 2943
61 3.02303 24.9199 7.88823 0.559146 0.674439 -0.371193 -0.307739 6022 6024 6026 6039 6028 6029 6030 6031 6032 6034 5907 6036 3093 6038 5911 5914 5915 6044 6042 5918 5920 5921 5922 6299 6052 6053 5926 6056 6300 6058 5932 5934 6301 6046 6304 6049 5963 5965 6302 6298 6232 6054 5862 6306 6251 6252 6253 6254 6255 6257 6259 6260 6261 6262 6263 6265 5909
46 3.33308 23.7578 7.31355 0.546997 0.610349 -0.426672 -0.382385 6038 6024 6044 6039 6028 6029 6030 6031 5907 6036 5909 5910 5911 5914 6299 5916 6298 5918 5920 5921 5922 5923 5924 5926 6300 5932 5934 6301 5875 6046 5876 6304 5955 5957 6049 5963 5965 6302 6224 6230 6231 6232 6233 6234 6236 5854 5860 5862 5863 5864 6306 6251 6252 6253 6254 6255 6257 6259 6260 6261 6262 6263 6265
44 3.19653 22.7485 7.62983 0.567376 0.634452 -0.391292 -0.349923 5852 6023 6024 5868 6028 6030 6031 5905 5907 5909 5910 5911 5913 5914 6299 5916 6298 5918 5920 5921 5922 5924 5926 6044 5870 5932 5934 6302 5876 5941 5955 5957 6222 6223 6224 6225 6226 6228 6230 6231 6232 6233 6234 6236 5854 5856 5857 5860 5862 5863 5864 6251 6252 6253 6254 6255 5872 6257 5874 6259 6260 6261 6262 6263 6265
40 3.58498 21.5751 7.15976 0.459434 0.775686 -0.3723 -0.220511 5910 5796 5800 5802 5959 5804 5938 5939 5941 5942 5944 5821 5822 5823 6208 6210 5955 6213 6215 6222 6224 6230 6232 5924 5852 5854 5860 5862 5863 5864 5865 5866 5868 5869 5870 5871 5872 5874 5876 5877 6207
41 3.69927 20.7462 8.33673 0.603444 0.691461 -0.299234 -0.261144 5869 5852 5926 5955 5868 5903 5907 5909 5910 5911 5914 6255 5918 6213 5921 5924 5798 5800 5929 5802 5959 5804 5810 5807 5938 5939 5812 5813 5814 5944 5820 6206 5823 6208 6209 6210 6211 6212 5957 6214 6215 6216 6217 6219 6222 5941 6224 6225 6226 6228 6230 6231 6232 6233 6234 6223 6236 5854 5856 5857 5860 5942 5862 5863 5864 6251 6252 6253 5870 5871 5872 5874 5877 5876 5822 6207 5759
35 3.5383 19.7803 8.4894 0.60283 0.710142 -0.277286 -0.235385 5761 5942 5742 5910 5810 5743 5744 5924 5797 5798 5799 5800 5802 5804 5805 5806 5938 5939 5812 5813 5814 5944 5820 6206 5823 6208 6209 6210 6211 6212 6213 6214 6215 6216 6217 6219 6222 5941 6224 6225 6226 6228 6230 6231 6232 6234 6223 5852 5854 5855 5856 5858 5860 5862 5863 5864 5869 5870 5871 5872 5745 5874 5877 5876 5822 5878 5751 6207 5757 5759
91 3.52921 19.5735 7.34684 0.49479 0.515554 -0.504725 -0.484397 5761 6206 5743 5798 5800 5852 5802 5804 5808 5862 5813 5814 5816 6239 5822 5823 6208 6209 6210 6211 6212 6213 6214 6215 6216 6217 6218 6219 6220 6221 6222 6223 6224 6225 6226 6227 6228 6229 6230 6231 6232 6233 6234 6235 6236 6237 6238 5854 6240 6241 6243 6244 6245 6246 5864 5866 5868 5871 5872 5745 5874 5860 6207
32 4.25638 18.8105 6.48741 0.551735 0.629521 -0.411423 -0.360587 5760 5761 5750 5777 5780 5781 5782 5783 5743 5790 5791 5792 5793 5798 5800 5802 5804 5421 5809 5810 5811 5812 5813 5814 5819 5820 5437 6206 5823 6208 6209 6210 6211 6213 6214 6215 6216 5837 6222 6223 6224 6225 5842 5719 5721 5722 5852 5854 5728 5821 5730 5731 5732 5733 5737 5739 5868 5869 5871 5745 5822 5749 5751 5752 5753 6207 5756 5757 5758 5759
51 5.274 19.0308 4.94645 -0.634087 -0.204487 0.228884 0.70974 5846 5975 5869 5872 5935 5936 5937 5938 5942 5944 5945 5946 5833 5836 5837 5838 6223 5840 6225 5842 5843 5844 6222 5974 6231 6234 6230 6240 6224 5986 5987 5990 5991 5864 5866 5868 6226 5871 6000 6001 5874 6227 5876 6228 6229
28 4.27464 17.7118 6.47134 0.562022 0.618191 -0.406601 -0.369657 5760 5761 5750 5780 5781 5782 5783 5793 5743 5405 5406 5407 5408 5409 5798 5415 5800 6207 5419 5804 5421 5809 5810 5811 5812 5790 5814 5432 5433 5434 5819 5436 5437 6206 5813 6208 6209 6210 6211 6213 6214 6215 6216 5751 5823 5791 5731 5717 5719 5720 5721 5722 5852 5730 5435 5732 5733 5820 5739 5821 5745 5748 5822 5749 5737 5752 5753 5792 5756 5757 5758 5759
26 4.27378 16.6473 6.48569 0.570179 0.612632 -0.400659 -0.372894 5760 5761 5782 5783 5394 5396 5397 5398 5399 5759 5404 5406 5407 5408 5409 5413 5798 5415 5800 5427 5419 5421 5424 5425 5426 5811 5428 5429 5814 5432 5433 5434 5435 5436 5437 6206 6207 6208 6209 6210 6211 5751 5719 5720 5721 5722 5727 5728 5780 5730 5731 5732 5733 5753 5737 5739 5358 5743 5809 5813 5748 5749 5750 5745 5752 5810 5371 5756 5757 5758 5781
22 4.2793 15.6071 6.479 0.574209 0.60794 -0.398646 -0.376528 5760 5761 5382 5383 5384 5385 5386 5387 5396 5397 5398 5399 5359 5406 5407 5408 5409 5413 5415 5419 5421 5424 5425 5426 5427 5428 5429 5432 5433 5434 5435 5436 5437 6206 6207 5365 5717 5718 5719 5720 5721 5722 5369 5730 5731 5732 5733 5737 5739 5356 5357 5358 5743 5745 5748 5749 5750 5751 5752 5753 5371 5756 5757 5758
14 4.27235 12.552 6.5007 0.58174 0.60374 -0.392492 -0.378189 5376 5377 5378 5379 5253 5382 5383 5384 5385 5386 5387 5396 5397 5398 5399 5276 5277 5278 5279 5413 5286 5287 5288 5289 5293 5295 5424 5425 5426 5299 5428 5301 5355 5304 5305 5306 5307 5308 5309 5429 5312 5313 5314 5315 5316 5317 5346 5347 5348 5349 5353 5415 5356 5357 5358 5359 5363 5365 5404 5369 5371 5374 5375
10 4.27727 11.5735 6.48756 0.578488 0.605049 -0.395406 -0.378049 5376 5377 5378 5251 5253 5382 5383 5379 5386 5387 5357 5264 5265 5266 5267 5268 5269 5276 5277 5278 5279 5286 5287 5288 5289 5293 5295 5384 5247 5299 5301 5304 5305 5306 5307 5308 5309 5312 5313 5314 5315 5316 5317 5241 5343 5345 5346 5347 5348 5349 5356 5394 5358 5359 5363 5365 5238 5239 5240 5369 5371 5374 5375
8 4.27771 10.5492 6.4888 0.581238 0.60258 -0.393598 -0.379658 5376 5378 5251 5253 5256 5257 5258 5259 5260 5261 5264 5265 5266 5267 5268 5269 5014 5276 5277 5278 5279 5286 5283 5285 5030 5287 5288 5289 5293 5379 5295 5299 5301 5304 5305 5306 5307 5308 5309 5312 5313 5314 5315 5316 5317 5346 5347 5348 5349 5353 5228 5229 5230 5231 5363 5365 5238 5239 5240 5241 5247 5245 5374 5375
4 4.2738 9.53076 6.49903 0.583958 0.601364 -0.391207 -0.379884 5251 5253 5256 5257 5258 5259 5004 5261 5264 5265 5266 5267 5268 5269 5043 5015 5016 5017 5018 5276 5277 5278 5279 5024 5028 5030 5287 5288 5289 5293 5295 5041 5042 5299 5044 5045 5046 5304 5305 5306 5307 5308 5309 5301 5312 5313 5314 5316 5317 5260 5286 5228 5229 5230 5231 5238 5239 5240 5241 5245 5273 5247
2 4.27432 8.51211 6.49895 0.585994 0.599369 -0.389921 -0.38122 5251 5253 5256 5257 5258 5259 5260 5005 5006 5007 5008 5265 5266 5267 5268 5269 5015 5016 5017 5018 5275 5276 5277 5022 5279 5024 5028 5030 5033 5034 5035 5036 5037 5038 5295 5041 5042 5043 5044 5045 5046 5304 5305 5306 5308 5309 5057 5058 5261 5228 5264 4966 4969 5278 5229 5230 5231 5293 5238 5239 5240 5241 5245 5273 5247
68 4.27876 7.55743 6.4857 0.580131 0.603217 -0.394501 -0.379403 4993 4994 4995 4996 4997 4998 5256 5257 5258 5259 5260 5005 5006 5007 5008 5265 5266 5251 5268 5269 5015 5016 5017 5018 5022 5253 5024 5028 5030 5033 5034 5035 5036 5037 5038 5041 5042 5043 5044 5045 5046 5052 5054 5057 5058 4982 5261 5225 5264 4967 4968 4969 4970 5227 5228 5229 5230 5231 4976 4980 5238 5239 5240 5241 5245 5273 5247
66 4.27158 6.61473 6.49556 0.574447 0.609982 -0.397362 -0.374214 4993 4994 4995 4996 4997 4998 5256 5257 5002 5260 5005 5006 5007 5008 5012 4974 5014 5015 5016 5017 5018 5022 5024 5028 5030 5033 5034 5035 5036 5037 5038 5041 5042 5043 5044 5045 5046 5048 5050 5052 5258 5054 5057 5058 4989 5261 4958 4960 4961 4962 4963 4964 4967 4968 4969 4970 5228 5229 5230 5231 4976 4851 4980 4982 4985 4986 4987 4988 5245 4990 5247
62 4.28766 5.50875 6.46857 0.584275 0.596818 -0.392972 -0.384713 4864 4865 4866 4867 4868 4997 4998 4993 5002 5004 4994 5006 5007 5008 4838 4995 5015 5016 4996 5018 5022 5024 5028 5030 4905 5034 4907 5036 5037 5038 5041 5042 5043 5045 5046 5048 5050 5052 5054 5057 5058 5005 4835 5017 4832 4960 4961 4962 4963 4836 4837 5035 4839 4968 4969 4970 4967 4974 4976 4849 4851 4980 4982 5033 4985 4986 4987 4988 4989 4990 4863
60 4.2952 4.51489 6.45056 0.582373 0.596162 -0.395335 -0.38619 4864 4865 4866 4867 4868 4997 4998 4993 4994 5006 5007 5008 4838 4995 5012 4996 5022 4863 5024 4854 4902 4903 4859 4905 5034 4907 5037 5038 4792 5050 5052 5054 5057 5058 4805 4833 4843 4855 5005 5048 4835 4857 4836 4832 4830 4831 4960 4961 4962 4963 4964 4837 4966 4967 4968 4969 4970 4839 4845 4974 4976 4849 4851 4980 4982 5033 4856 4985 4986 4987 4988 4989 4990 5035
52 4.2801 3.59808 6.47831 0.575162 0.606944 -0.398102 -0.377256 4864 4865 4866 4867 4868 4997 4998 4993 4994 4882 4995 4884 4854 4860 4902 4903 4859 4905 4907 4851 4830 4790 4791 4792 4793 5050 4831 5052 5054 4832 4803 4805 4833 4843 4857 5048 4820 4821 4822 4823 4827 4958 4959 4960 4961 4962 4963 4836 4837 4838 4967 4968 4969 4970 4839 4845 4974 4976 4849 4883 4980 4982 4855 4856 4985 4986 4987 4988 4989 4990 4863
47 4.44706 3.58556 4.98068 0.542066 0.567819 -0.448077 -0.427754 4864 4865 4866 4867 4868 4997 4998 4993 4823 4877 4881 4884 4896 4897 4898 4899 4900 4901 4902 4903 4904 4905 4906 4907 4822 4791 5048 4793 5050 5051 5052 4860 4833 4859 5047 4950 5049 4952 4827 4994 4831 4960 4961 4962 4963 4836 4774 4838 4839 4968 4969 4967 4857 4837 4854 4855 4856 4985 4986 4987 4988 4989 4990 4863
50 4.27784 2.5516 6.4883 0.580946 0.602792 -0.393815 -0.379543 4864 4865 4866 4867 4868 4859 4873 4874 4875 4880 4882 4883 4884 4834 4860 4902 4903 4905 4907 4785 4786 4787 4788 4790 4791 5048 4793 5050 4832 4803 4805 4833 4808 4809 4810 4811 4813 4815 4792 4835 4820 4821 4822 4823 4836 4826 4827 4830 4831 4960 4961 4962 4963 4964 4837 4838 4817 4843 4839 4845 4974 4976 4849 4851 4854 4855 4856 4985 4986 4987 4857 4989 4990 4863
56 5.04299 2.55023 5.92238 0.609273 0.634026 -0.343383 -0.329977 4118 4774 4776 4783 4784 4786 4788 4791 4793 4808 4809 4810 4811 4816 4817 4820 4821 4822 4823 4826 4827 4831 4833 4836 4837 4838 4839 4854 4855 4856 4857 4859 4860 4863 4864 4865 4866 4867 4868 4871 4873 4874 4875 4880 4882 4883 4884 4885 4887 4891 4892 4893 4894 4895 4896 4897 4898 4899 4900 4901 4902 4903 4904 4905 4906 4907 4908 4909 4910 4911 4960 4961 4962 4963 4967 4968 4985 4986 4987 4988 4989 4990 5047 5048 5049 5050 5051 5052 5055 5109 4089
55 5.4805 1.45987 4.83876 0.543443 0.545224 -0.452069 -0.450593 4864 4865 4866 4867 4868 4822 4863 4106 4107 4880 4113 4882 4883 4116 4117 4118 4119 4087 4124 4125 4895 4897 4899 4902 4903 4776 4905 4906 4907 4910 4911 4786 4089 4788 4791 5048 4793 4854 4874 4085 4171 4165 4833 4808 4809 4810 4811 4172 4816 4817 4820 4821 4950 4823 4826 4827 4831 4960 4961 4837 4838 4839 4875 4857 5047 5103 4976 4904 5109 4884 4855 4856 4985 4986 4859 4860 4989 4990 4949
38 4.21747 0.597211 5.61316 0.584046 0.616892 -0.383111 -0.362712 4089 4087 4871 4873 4874 4107 4876 4878 4880 4882 4883 4116 4117 4118 4119 4124 4125 4897 4902 4170 4786 4083 4788 4791 4793 4106 4163 4165 4167 4808 4809 4810 4171 4172 4816 4817 4820 4821 4822 4823 4184 4826 4827 4831 4811 4875 4186 4887 4169 4085 4854 4855 4884 4885
54 4.79875 0.600737 6.24303 0.621236 0.663861 -0.304008 -0.284488 4104 4105 4106 4107 4113 4116 4117 4118 4119 4124 4125 4159 4161 4163 4165 4166 4167 4168 4169 4170 4171 4172 4174 4176 4180 4184 4186 4188 4190 4786 4788 4791 4793 4808 4809 4810 4811 4816 4817 4820 4821 4822 4823 4826 4827 4831 4833 4854 4855 4856 4860 4869 4870 4871 4873 4874 4875 4880 4882 4883 4884 4885 4887 4889 4891 4892 4893 4894 4895 4897 4899 4900 4901 4902 4903 4905 4908 4909 4910 4911 4502 4504 4085 4045 4074 5101 5103 4083 5109 4087 4089
37 4.45377 -0.439059 6.58449 0.645262 0.683515 -0.248136 -0.234249 4104 4105 4106 4107 4112 4113 4116 4117 4118 4119 4124 4125 4137 4138 4139 4140 4154 4155 4157 4163 4164 4165 4166 4169 4170 4171 4172 4176 4180 4181 4182 4184 4186 4188 4190 4785 4786 4788 4790 4791 4792 4793 4808 4809 4810 4811 4816 4817 4820 4821 4822 4871 4873 4874 4875 4880 4882 4883 4884 4885 4887 4889 4891 4893 4895 4908 4497 4498 4502 4504 4085 4040 4041 4042 4043 4044 4045 4072 4074 4075 5101 5103 4081 4082 4083 4084 5109 4086 4087 4088 4089
11 5.21039 -1.01771 7.21799 -0.267321 0.957955 -0.100387 0.0280132 4609 4610 5123 4612 5121 4617 5143 5145 5150 5152 5154 5156 5158 5127 5164 4147 4148 4154 4155 4156 4157 4159 4163 4166 4167 4169 4170 4176 4181 4182 4184 4186 4188 4190 4593 4311 4312 4313 4317 3965 4338 4340 4342 4344 4352 4889 4457 4458 4459 4460 4467 4468 4469 4470 4477 4478 4479 4480 4486 4487 4488 4489 4497 4498 4499 4500 4502 4504 4506 4591 4508 4517 4518 4519 4520 4524 4529 4530 4539 4540 4549 4550 4551 4552 4559 4560 4561 4562 4571 4572 4573 4574 4583 4584 4585 4586 5101 5103 4592 5105 4594 5107 4599 4600 4601 4602 5115 4604 5117 5119
9 5.24121 -2.04673 7.22631 -0.258141 0.961191 -0.0940064 0.0252467 4609 5145 4139 4140 4145 4146 4147 4148 4154 4155 4156 4157 4163 4166 4176 4181 4182 4188 4307 4311 4312 4313 4314 4315 4316 4317 4326 4330 4332 4334 3965 4336 4338 4340 4342 4344 4347 4348 4351 4352 4457 4458 4459 4460 4467 4468 4469 4470 3964 4477 4478 4479 4480 4486 4487 4488 4489 4497 4498 4499 4500 4504 4506 4508 4517 4518 4519 4520 4529 4530 4539 4540 4549 4550 4551 4552 4559 4560 4561 4562 4571 4572 4573 4574 4583 4584 4585 4586 4591 4592 4593 4594 4599 5115 4604
6 4.55278 -3.58466 7.28289 0.965275 0.261148 -0.00175828 -0.00649908 4130 4131 4132 4133 4137 4138 4139 4140 4145 4146 4147 4148 4154 4155 4156 4157 4164 4166 4181 4182 4184 4188 4190 4199 3948 4306 4307 4311 4312 4313 4314 4315 4316 4317 4318 4319 4320 4321 4330 4332 4334 3965 4336 4338 4340 4342 4344 4348 4351 4352 3942 3943 4457 4458 4459 4460 3949 3950 3951 3954 4467 4468 4469 4470 3962 3963 3964 4477 4478 4479 4480 4486 4487 4488 4489 4497 4498 4499 4500 4504 4508 4517 4518 4519 4520 4529 4530 4536 4539 4540 4549 4550 4551 4552 4041 4043 4571 4572 5105 5115
22 4.26638 -3.71413 6.50727 0.610846 0.575226 -0.372974 -0.39607 3883 3949 4104 4105 4106 4107 4109 4111 4112 3951 3909 4130 4131 4132 4133 4081 3880 3881 3882 4139 4140 3885 3886 3887 4038 3914 3902 3904 3905 3915 4164 4165 4166 3911 4040 4041 4042 4043 4044 4045 3917 3921 3922 3923 4039 3941 3940 3919 4060 4061 4062 4063 4065 4067 4068 4069 3943 3916 4073 4074 4075 3948 4077 3950 4079 4080 4072 4082 4083 4084 4085 4137 4138
1 3.94641 -5.19122 7.18439 0.951292 0.280324 -0.0362655 -0.123068 4480 4060 4486 4487 4460 4497 4498 4499 4199 3930 4130 4131 4132 4133 3965 4316 4138 4139 4140 3954 4137 3931 4145 4146 4147 4148 4062 4340 4154 4155 4156 4157 3904 4164 4342 3914 3915 3916 3917 3948 4307 4181 4182 4311 4312 4313 4314 4315 3932 4317 4318 4517 4320 4321 3940 3941 3942 3943 4457 4458 4459 4332 3949 3950 3951 4336 4338 4467 4468 4469 4470 4201 3962 3963 3964 4477 4478 4479
14 3.61867 -4.57272 8.43886 0.659065 0.651857 -0.263789 -0.266706 3948 3949 3950 3908 3951 3909 4130 4131 3876 3877 3878 3879 4137 4138 4139 4140 4145 4146 3910 3940 4154 4155 3906 3907 4164 4165 4166 3911 3918 3919 3920 3921 3922 3875 4181 3941 4132 3931 3932 4133 4064 4065 4066 4067 4068 4069 3942 3943 4076 4077 4078 4079 4080 4081 3954 3923 3962 3963
23 3.60517 -3.5698 8.45187 0.65946 0.653119 -0.261925 -0.264468 3949 3948 4108 4109 4110 4111 4112 4113 3908 3951 3909 4130 4131 4132 4133 4137 4138 4139 4140 4145 4146 3910 4154 4155 3907 4164 4165 4166 3911 4169 4170 4171 4172 3919 3920 3921 3922 3923 4181 4184 3940 3931 3932 3941 4065 4066 4067 4068 4069 3942 3943 4076 4077 3950 4079 4080 4081 3954 3962 3963
17 2.67194 -4.30327 7.26976 0.254396 0.965945 -0.0457028 -0.0120365 3948 4199 4130 4131 4132 4133 3965 4137 4138 4139 4140 4145 4146 4147 4148 3940 4154 4155 4156 4164 3932 3918 3922 3923 4311 4312 4313 4314 3931 4316 4317 4318 4320 4068 3941 3942 3943 4201 4458 4459 4460 3949 3950 3951 4337 3954 4467 4457 3962 3963 3964 4477 4478 4479
34 2.87085 -3.16702 7.23933 0.352858 0.931766 -0.0799261 -0.0302678 4480 3948 4184 4130 4131 4132 4133 3965 4137 4138 4139 4140 3931 4145 4146 4147 4148 3940 4154 4155 4156 4157 4164 4165 4166 4169 4170 4171 4172 4181 4182 4311 4312 4313 4315 3932 3941 4068 4069 3942 3943 4457 4458 4459 4460 3949 3950 3951 4080 3954 4467 4468 4469 3962 3963 3964 4477 4478
35 3.21048 -2.18683 7.1829 0.509542 0.850681 -0.110895 -0.0664238 4075 4871 4105 4107 4112 4497 4498 4885 4887 4889 4130 4131 4132 4133 4137 4138 4139 4140 4145 4146 4147 4148 4873 4154 4155 4156 4157 4163 4164 4165 4166 4169 4170 4171 4172 4176 3948 4180 4181 4182 4312 4186 4188 4190 4063 3963 3941 3942 3943 4457 4458 4459 4460 3949 3950 3951 4080 4081 3954 4467 4468 4469 4470 3962 4184 3964 3965 4478
4 3.28987 -1.10018 7.23935 -0.243954 0.966015 -0.0828521 0.0209232 5123 5130 4117 4130 4131 4132 4133 4137 4138 4139 4140 4145 4146 4147 4148 4154 4155 4156 4157 4163 4164 4165 4166 4169 4170 4171 4172 4176 4180 4181 4182 4184 4186 4188 4190 3948 4311 4312 4313 4317 3965 4871 4873 4874 4885 4887 4889 4891 4895 4457 4458 4459 4460 3949 3950 3951 4467 4468 4469 4470 3962 3963 3964 4477 4478 4479 4480 4486 4487 4488 4489 4497 4498 4499 4500 4502 4504 4506 4508 4517 4518 4519 4520 4524 4529 4530 4539 4540 4549 4550 4551 4552 4571 4572 4573 4583 5101 5103 5105 5107 5109 5112 5115 5117 5119
43 3.62206 0.487071 8.43538 0.649448 0.661 -0.26813 -0.263444 4864 4164 4871 4873 4874 4875 4108 4109 4111 4112 4113 4882 4163 4884 4120 4121 4122 4123 4124 4125 4165 4848 4900 4901 4902 4903 4137 4138 4907 4140 4155 4803 4804 4805 4166 4169 4170 4171 4812 4813 4814 4815 4176 4817 4181 4184 4825 4826 4827 4816 4843 4824 4845 4172 4849 4883 4858 4859 4860 4880
29 1.6994 -0.526389 9.04678 0.686061 0.699946 -0.141749 -0.138937 4096 4097 4099 4101 4109 4111 4112 4113 4121 4123 4124 4125 4132 4133 4139 4140 4145 4146 2100 2102 4154 2110 2112 2114 4163 2116 2117 4166 2120 4169 4170 2123 2124 4176 4184 4186 4794 4795 4797 4799 4800 4801 4803 4813 4815 4816 4817 4825 4826 4827 4871 4873 4880 4882 4885 4887 4892 4893 4908 4909 1394 1396 1398 1402 1404 1405 1406 1426 1438 1440 1441 1442 1444 2118 1446 1447 1448 2122 4052 4053 4055 4057 4079 4080 4081 4090 4091 4093 4095
21 1.70826 -2.55275 9.04312 0.693696 0.691939 -0.141254 -0.141612 4096 4097 4099 4109 4111 4112 4113 4121 4124 4125 4131 4132 4133 4139 4140 4163 4164 4166 4169 4170 4176 4184 4186 1216 1218 1223 1224 1225 1226 4871 4873 4875 4880 4885 4887 3894 3895 3899 3921 3922 3923 3940 3942 3943 1384 3950 3951 1397 1398 1399 1400 1402 1404 1405 1406 1424 1434 1436 1438 1440 1441 1442 1444 1446 1447 1448 4046 4047 4049 4051 4052 4053 4055 4057 4065 4067 4068 4069 4077 4079 4080 4081 4090 4091 4093 4095
10 1.68885 -4.55717 9.0513 0.695523 0.691089 -0.138557 -0.139446 3850 3851 3855 1219 1176 1178 1183 1184 1185 1186 3894 4132 3877 3878 3879 1382 4139 4140 3888 3889 3891 1204 3893 1206 3895 3897 1225 3899 4166 1221 3907 1220 3909 3910 3911 1224 4169 1226 1406 4046 3919 4049 3922 4051 4052 4053 4055 3930 4047 4133 1222 4065 4067 4068 4069 3942 3921 1384 3943 4077 3950 3951 4080 4081 1394 3923 1396 1397 1398 1399 1400 1402 1404 1405 1223
2 1.64744 -6.56282 9.06822 0.698376 0.690251 -0.13305 -0.134616 643 644 645 646 3847 3849 3850 3851 1164 3853 1166 3855 3781 1219 3863 1176 1220 1178 1179 1180 1181 1182 3845 1184 1185 1186 3867 4132 3877 3878 3879 3752 3753 1223 3757 3888 3889 4146 3891 1204 3893 1206 3895 3897 1183 1218 3779 3780 3909 3910 3911 1224 1225 1226 1221 3919 3922 3875 3930 4133 4145 3907 1222 3899 3942 3943 3865 3950 3951 3894 3954 3923 628 3844 3962 3963 3866
1 1.66034 -7.50963 9.06276 0.681543 0.706233 -0.137913 -0.133092 640 641 642 643 644 645 646 3847 3849 3850 3851 3853 3855 1219 3863 1176 1220 1178 1179 1180 1181 1182 3845 1184 1185 1186 3747 3749 3878 3751 3752 3753 3755 3757 3888 3889 3891 3866 3767 3768 3769 1183 1216 3777 1221 3779 3780 3781 3910 3911 3867 3746 592 3875 3877 3930 3907 1222 3942 3943 3879 3865 3950 3951 626 628 3844 636 638 639
70 1.6935 -8.54616 9.04936 0.692115 0.69427 -0.139799 -0.139365 640 641 642 643 644 645 646 3719 3720 3721 3850 3851 1164 3853 1166 3847 3863 1176 3844 1178 1179 1180 1181 1182 3845 1184 1185 1186 3747 3749 3878 3751 3752 3753 3755 3757 3765 3866 3767 3768 3769 1183 3849 3777 3779 3780 3781 584 586 3867 3746 3692 591 592 593 594 3875 3930 3942 3943 3879 3865 3693 3697 626 628 639
69 1.70613 -9.55575 9.04402 0.694635 0.691105 -0.140806 -0.141525 640 641 642 643 644 645 646 3719 3720 3721 1164 3709 1166 3845 3863 3844 3866 1179 1180 1181 1182 3717 3746 3747 3749 3751 3752 3753 3755 3757 3765 3767 3768 3769 574 576 3777 3779 3780 3781 586 588 589 590 591 592 593 594 3930 3932 3847 3686 3687 636 3691 3692 3693 3695 3697 3707 3708 3867 639
62 1.69598 -10.5851 9.0481 0.703562 0.682513 -0.137818 -0.142068 640 641 642 643 644 645 646 3719 3720 3721 1179 3717 636 3746 3747 3621 3751 3752 1449 1450 3755 3757 4657 4658 3765 3767 3768 3769 3643 3644 3645 574 576 3777 3780 3781 588 590 591 592 593 594 3749 3687 3689 3691 3692 3693 3695 3697 626 3753 3705 3707 3708 3709 638 639
46 1.6804 -14.5789 9.05467 0.702244 0.684669 -0.136228 -0.139725 3584 3585 516 518 519 520 521 522 523 524 525 3479 3480 3610 3611 3484 3613 3615 3616 474 3619 3621 3629 3631 3632 3633 3506 3507 3508 3641 3644 3645 454 456 467 468 469 470 471 472 473 346 347 348 349 3550 3551 3553 3555 3556 3557 3559 3561 3569 3571 3572 3573 506 508 3581 3583
45 1.62917 -15.5596 9.07548 0.697865 0.691644 -0.130965 -0.132143 3584 3585 473 516 470 469 519 520 521 522 471 346 472 3474 3478 3479 3480 3610 3611 3484 3482 289 3494 3495 3496 3629 3613 3504 3633 3506 3507 3508 454 456 339 464 466 467 468 341 342 343 344 345 474 347 348 349 3550 3551 3553 3555 3556 3557 3473 3561 3559 3569 3571 3572 3573 3632 3581 3583
32 3.64152 -19.6436 8.41456 0.66829 0.639236 -0.262998 -0.274951 3435 3355 3356 3357 3358 3359 3360 3491 3492 3493 3494 3495 3368 3369 3370 3371 3372 3431 3432 3433 3434 3367 3436 3496 3443 3444 3445 3446 3447 3448
29 1.54607 -19.5249 9.10661 0.688033 0.705114 -0.122772 -0.119798 3435 342 3337 3338 3340 3342 3343 3344 344 3346 276 278 217 3368 3358 287 3360 290 291 292 293 294 3495 296 297 3370 3371 3372 219 3359 224 203 3348 3492 329 331 339 220 3413 3414 343 3416 345 3418 3419 3420 221 3422 223 3424 225 226 3473 3432 3434 295 3436 3474 3496 3444 3446 3447 3448 3476
22 1.54314 -20.5552 9.10777 0.698573 0.694812 -0.12057 -0.121223 3337 3338 3340 3342 3343 3344 3346 3348 3308 217 3356 3290 3358 287 3360 289 290 291 292 165 294 167 3368 169 3370 3371 3372 3294 219 3359 296 295 224 329 203 297 220 213 3414 215 3416 3289 3418 3419 3420 221 3422 223 3424 225 226 293 3302 3432 3434 3435 3436 3311 168 3444 3447 3448 3413
18 3.5701 -22.9988 8.43868 0.722547 0.580671 -0.235011 -0.292431 3203 3210 3212 3214 3217 3355 3356 3357 3358 3359 3360 3367 3368 3369 3371 3372 3287 3288 3291 3292 3294 3298 3300 3302 3303 3304 3308 3310 3311 3312
16 3.3978 -24.1265 8.56083 0.754788 0.556693 -0.20595 -0.279236 3201 3203 3209 3210 3211 3212 3214 3217 21 3355 3356 3359 3360 3184 3293 3294 3288 3340 3151 3287 3160 3163 3292 3165 3166 3300 3302 3303 3304 3308 3310 3311 3312 3198
13 1.63907 -24.3165 8.96411 0.861985 0.451449 -0.106987 -0.204277 3200 3203 3208 3209 3210 3211 3212 3214 3217 147 21 73 217 3356 158 3359 160 161 163 165 167 168 169 3184 3337 3160 62 64 3360 66 71 72 3340 74 3283 220 3285 3286 3288 3289 3290 3292 3294 3300 3302 3303 3304 3308 3310 3311 3312 3198
7 1.28933 -25.5849 8.99526 0.9275 0.302921 -0.0680065 -0.208226 3200 3201 3203 3208 9 3210 3211 3212 3214 3217 147 148 21 22 3355 3356 158 3359 160 161 163 168 3184 3209 3160 62 64 66 71 72 73 74 3151 3283 3285 3286 3288 3162 3163 3165 3166 3300 3302 3303 3304 3308 3310 3311 3312 19 3198
5 1.88357 -27.5701 7.04181 0.852164 0.258699 -0.132129 -0.43524 3201 3202 3203 3208 9 3210 3212 3214 3217 19 21 22 3356 3359 160 163 3160 63 71 73 3151 3285 3288 3162 3163 3165 3166 3300 3184 3186 3195 3196 3198
0 1.6503 -29.8902 5.79078 0.845334 0.191523 -0.110201 -0.486401 3201 3203 8 9 3210 3212 3214 3217 21 3208 60 63 64 71 73 3150 3151 3155 3156 3160 3163 3165 3166 3300 3183 3184 3196 3197 3198
3 4.26158 -26.5351 5.04525 0.648051 0.455022 -0.350945 -0.499822 3201 3203 3210 3212 3213 3214 3216 3217 3261 3265 3268 3269 3150 3151 3155 3156 3160 3163 3164 3165 3166 3296 3299 3300 3303 3304 3179 3180 3181 3182 3183 3184 3185 3186 3187 3188 3189 3190 3191 3192 3195 3196 3198
11 4.48354 -22.8637 3.84456 -0.485825 -0.436892 0.506204 0.5629 3329 3331 3332 3333 3334 3335 3336 3265 3217 3220 3221 3351 3224 3225 3226 3189 3354 3359 3360 3248 3363 3364 3365 3366 3242 3243 3372 3376 3249 3250 3255 3256 3261 3352 3263 3393 3266 3268 3269 3270 3271 3272 3274 3319 3276 3149 3278 3277 3280 3281 3195 3321 3279 3353 3299 3300 3301 3302 3196 3435 3308 3309 3310 3187 3188 3317 3307 3371 3322 3323 3324 3325 3326 3327
19 4.47138 -21.7845 3.72871 -0.469063 -0.433096 0.522133 0.565495 3329 3324 3331 3332 3333 3334 3335 3336 3308 3352 3220 3221 3351 3224 3225 3226 3227 3354 3359 3360 3248 3363 3364 3365 3366 3371 3372 3375 3376 3249 3250 3251 3255 3256 3261 3271 3263 3393 3266 3395 3397 3270 3399 3272 3401 3402 3319 3276 3277 3278 3279 3280 3281 3299 3307 3300 3353 3326 3301 3400 3427 3428 3429 3302 3379 3435 3436 3309 3310 3325 3317 3447 3321 3322 3323 3274 3430 3398 3327
27 4.52524 -19.7032 4.14366 -0.500581 -0.475572 0.498225 0.524425 3329 3458 3331 3332 3333 3334 3335 3336 3393 3457 3459 3351 3352 3353 3226 3354 3359 3360 3489 3490 3363 3364 3365 3366 3495 3496 3242 3243 3372 3248 3325 3250 3252 3487 3488 3462 3395 3463 3397 3398 3399 3400 3401 3402 3403 3405 3407 3408 3409 3410 3411 3412 3461 3319 3427 3428 3429 3430 3460 3435 3436 3439 3440 3441 3442 3447 3448 3371 3322 3327 3453 3326 3455
44 4.51904 -14.6157 4.00798 -0.481747 -0.471228 0.516631 0.528163 3584 3585 3499 3590 3463 3592 3465 3594 3595 3468 3469 3470 3471 3472 3602 3604 3605 3606 3607 3608 3609 3547 3624 3625 3626 3627 3500 3501 3502 3632 3633 3507 3508 3637 3638 3639 3636 3644 3645 3596 3530 3532 3534 3535 3536 3537 3538 3539 3540 3598 3542 3544 3545 3546 3599 3548 3549 3600 3564 3565 3566 3567 3572 3573 3576 3577 3578 3579 3597
55 4.33027 -13.6676 6.35933 0.594954 0.57043 -0.391886 -0.408734 3584 3585 3594 3595 3596 3597 3598 3599 3604 3605 3606 3607 3608 3609 3546 3547 4657 3624 3625 3626 3627 3629 3631 3632 3633 4658 3577 3636 3637 3638 3639 3641 3643 3644 3645 3573 3534 3535 3536 3537 3538 3539 3670 3671 3672 3673 3674 3675 3548 3549 3682 3579 3564 3566 3567 3569 3571 3700 3701 3702 3703 3576 3705 3578 3707 3708 3581 3583
49 4.32904 -14.6463 6.36464 0.59317 0.573058 -0.392892 -0.406681 3584 3585 3499 3594 3467 3468 3469 3470 3471 3472 3544 3604 3605 3606 3607 3608 3609 3504 3547 3633 3624 3625 3626 3627 3501 3502 3631 3632 4657 3506 3571 3508 3637 3638 3639 3636 3643 3644 3629 3595 3596 3597 3536 3537 3538 3539 3598 3641 3672 3545 3546 3599 3548 3549 3564 3565 3566 3567 3569 4658 3572 3573 3576 3577 3578 3579 3581 3583
50 3.6378 -14.5989 8.41973 0.661845 0.646573 -0.26509 -0.271351 3584 3585 3503 3504 3633 3628 3629 3630 3631 3632 3505 4658 3507 3508 3640 3641 3642 3643 3644 3645 3506 4657 3568 3569 3570 3571 3572 3573 3704 3580 3581 3582 3583
66 3.58505 -10.6615 8.46816 0.674951 0.639225 -0.253429 -0.267594 3717 3718 3719 3720 3721 4657 4658 3765 3766 3767 3768 3769 3642 3643 3644 3645 3776 3777 3778 3779 3780 3781 3640 3924 3641 3704 3705 3706 3707 3708 3709
67 4.51961 -9.63279 4.01898 -0.484065 -0.470799 0.514255 0.528745 3712 3713 3714 3715 3738 3720 3721 3726 3728 3730 3731 3732 3733 3734 3735 3736 3866 3867 3740 3741 3742 3743 3744 3745 3833 3760 3761 3762 3763 3768 3769 3772 3773 3774 3775 3780 3781 3703 3666 3795 3668 3671 3673 3674 3675 3676 3678 3680 3681 3682 3683 3684 3685 3708 3858 3709 3859 3700 3701 3702 3831 3832 3860 3834 3835 3836 3837 3838 3861
68 4.52304 -8.60784 4.0534 -0.485114 -0.475786 0.513733 0.523805 3712 3713 3714 3715 3738 3841 3720 3721 3726 3728 3730 3731 3732 3733 3734 3735 3736 3866 3867 3740 3741 3742 3743 3744 3745 3878 3879 3760 3761 3762 3763 3870 3768 3769 3871 3772 3773 3774 3775 3872 3780 3781 3873 3795 3924 3925 3926 3843 3931 3676 3678 3681 3682 3683 3684 3685 3858 3822 3859 3831 3832 3860 3834 3835 3836 3837 3838 3861
0 5.13215 -7.61788 5.75414 0.816876 0.279064 -0.163196 -0.477707 3841 3843 3926 3929 3939 3930 3870 3872 3873 3931 3879 3881 3883 3885 3887 4308 3902 3903 3904 3905 3959 3909 3910 3911 3932 3936 3914 3915 3916 3917 3919 3921 3922 3923 4316 3925 4310 4311 4313 4314 4315 4060 4317 4318 4320 3937 3938 4067 4068 3942 3943 4061 4077 3953 3954 4065 3958 4471 3924 3834 3964 4477
0 3.97313 -7.3101 5.85313 0.702921 0.517265 -0.289354 -0.393208 3841 3842 3843 3858 3859 3860 3861 3866 3867 3740 3741 3870 3871 3744 3745 3878 3879 3881 3882 3883 3872 3774 3903 3904 3905 3910 3873 3914 3911 3924 3930 3931 3932 3940 3941 3942 3943 3902 3832 3834 3835 3836 3837 3838
3 4.3104 -7.63008 6.41293 0.595056 0.578103 -0.389036 -0.400445 3841 3842 3843 3777 3863 3858 3859 3732 3733 3734 3735 3865 3866 3867 3740 3741 3742 3743 3744 3745 3875 3877 3878 3879 3880 3881 3882 3883 3884 3760 3765 3762 3763 3870 3767 3769 3871 3772 3773 3774 3872 3904 3905 3779 3780 3781 3910 3873 3924 3930 3931 3932 3907 3681 3835 3940 3941 3942 3903 3909 3902 3860 3775 3836 3837 3838 3861
15 4.18251 -7.99277 6.33131 0.835229 0.379145 -0.164635 -0.36268 3840 3841 3842 3843 3858 3859 3860 3861 3867 3741 3870 3871 3744 3745 3878 3879 3880 3881 3882 3883 3872 3902 3903 3904 3905 3910 3873 3911 3924 4311 3930 3931 3932 3940 3942 3836 3953 3954 3958 3959 3832 4308 3835 3964 3837 3838
73 4.29964 -8.63671 6.43855 0.597625 0.579145 -0.385863 -0.398176 3712 3840 3714 3715 3777 3719 3721 3863 3842 3730 3731 3732 3733 3734 3735 3865 3866 3867 3841 3742 3743 3744 3745 3875 3877 3878 3880 3760 3761 3762 3763 3870 3767 3768 3769 3871 3772 3773 3774 3765 3872 3779 3780 3781 3873 3924 3671 3843 3931 3932 3682 3683 3684 3685 3835 3858 3859 3832 3860 3775 3836 3837 3838 3861
74 3.59351 -8.63033 8.46156 0.669617 0.643956 -0.256501 -0.266723 3716 3717 3718 3719 3720 3721 3862 3863 3864 3865 3866 3867 3874 3875 3876 3877 3878 3879 3764 3765 3766 3767 3768 3769 3777 3778 3779 3780 3781 3924 3930 3931 3932 3940 3941 3942
4 3.59155 -7.62635 8.46355 0.669135 0.644715 -0.256442 -0.266155 3778 3779 3863 3864 3865 3866 3867 3781 3874 3875 3876 3877 3878 3879 3764 3765 3766 3767 3768 3769 3776 3777 3906 3907 3780 3909 3910 3911 3918 3924 3930 3931 3932 3940 3941 3942 3943 3948 3949 3950 3954 3908 3962
6 3.62099 -6.66458 8.43367 0.672879 0.636908 -0.258661 -0.27327 3779 3862 3863 3864 3780 3866 3867 3781 3865 4130 4131 3876 3877 3878 3879 4145 3776 3777 3778 3907 3908 3909 3910 3911 3918 3919 3920 3921 3922 3875 3924 4132 3930 3931 3932 3940 3941 3942 3943 3948 3949 3950 3951 3954 3923 3962 3963
16 3.60865 -6.20012 7.0069 0.850686 0.479886 -0.105428 -0.18689 3871 3872 3873 4130 4131 4132 4133 3879 4137 3931 4139 4145 4146 4147 4148 4154 3902 3903 3904 3905 3910 3911 3914 3915 3916 3917 3924 4311 4312 4313 3930 4315 3932 4318 4319 3940 3941 3942 3943 4457 3948 3949 3950 3951 3954 3962 3963 3964 3965
5 5.55166 -6.34042 6.46369 0.898277 0.237742 -0.0945552 -0.357263 3937 4075 3962 3929 3930 4132 3965 4060 3883 3885 3887 4145 4147 4532 4062 4534 4536 4538 4063 4540 4039 4041 3914 4043 3916 3917 3923 3954 4311 4312 4313 4314 4315 4316 4317 4318 4319 4320 4321 4539 3942 3943 4072 4073 4061 4459 4332 4477 4336 4338 4479 4340 4342 4471 4344 4474 3963 3964 4074 4478 4457
8 6.26485 -4.87592 6.87254 0.934617 0.240943 -0.065306 -0.253322 4352 4480 4349 4087 4486 4487 4488 4489 4332 4497 4499 4340 4085 4350 4074 4315 4132 4517 4519 4139 4317 4104 4146 4147 4148 4318 4041 4536 4532 4154 4155 4540 4157 4414 3953 4416 4549 4550 4551 4552 4553 4554 4043 4045 4559 4560 4561 4562 4182 4311 4312 4313 4314 4571 4316 4573 4145 4319 4320 4321 4539 3965 4342 4072 4156 4458 4459 4460 4591 4593 4338 4467 4468 4469 4470 4457 4344 3962 4479 3964 4477 4478 4083
19 9.41442 -4.43315 6.44533 0.905405 0.201503 -0.0811789 -0.364758 4352 4609 4611 4622 4624 4625 4626 4638 4639 4532 4536 4540 4554 4414 4416 4551 4552 4553 4426 4559 4560 4561 4562 4591 4593 4343 4344 4604 4349 4350 4351
24 11.8702 -4.21567 4.60484 -0.724025 -0.171468 0.15397 0.650138 4608 4621 4622 4624 4625 4626 4629 4638 4639 4640 4645 4646 4649 4650 4653 4654 4655 4656 5574 5575 4424 4445 4446 4447 4448 4449 4603 4604 4607
27 13.8052 -3.2287 4.73405 -0.739812 -0.166814 0.143371 0.635843 5633 4651 5638 5574 5639 4649 4650 5575 4653 4654 4655 4656 5586 5587 4629 5590 5591 4638 4639
52 15.4827 -2.39524 4.30098 -0.700015 -0.113797 0.113123 0.695868 5633 6145 5638 5639 6153 5642 6151 5644 4655 4656 5586 5587 5590 5591 6137 6139
79 17.1599 4.78445 8.24111 -0.406143 0.909967 -0.0764426 0.0341184 6144 6151 6152 6153 6154 6155 6156 6157 6158 6168 6164 6165 6166 6167 5656 5658 5660 6170 6174 5664 5665 5666 6179 5668 6181 5670 6183 5672 6172 5674 6173 6190 6191 6193 5682 5684 6198 5687 6200 5689 6202 5691 6204 5693 5695 5697 5699 6177 6199 6178 6176 6201 6203 6182 6205 6184 6185 6137 6138 6141 6142
76 16.164 6.47335 7.07914 -0.168997 0.968213 -0.181654 0.0317068 6144 6148 6152 6156 6170 5660 6173 6174 6176 6177 6178 6179 6181 6182 6183 6184 6172 5674 6187 6190 6191 6192 6193 5685 5687 5689 6202 5691 5693 5695 5697 5699 6199 6185
63 15.0793 8.40567 4.5282 -0.0558833 0.733293 -0.675654 0.0514907 5632 6156 6175 6176 6177 6182 6183 6184 6185 5677 5679 5682 5684 5685 6199 5688 6201 5692 5693 5698 5699 5689 5627
62 15.1419 4.8344 7.23271 -0.384855 0.918411 -0.0845667 0.0354372 5632 6144 6148 6151 6152 6156 5648 5650 5652 5654 5656 5658 5660 6170 5662 5664 5665 5666 6179 5668 6181 5670 6183 5672 6172 5674 5676 5679 5680 5682 5684 5685 5687 5689 5691 5693 5695 5697 5699 6177 6174 6199 6178 6176 6180 6173 6182 5617 5630 6185 6137 6138 6141 6142
55 14.1394 2.71405 7.24558 -0.468981 0.879655 -0.0698351 0.037232 5632 5633 5635 5637 5639 6152 5641 5643 5644 5646 5648 5650 5652 5654 5656 5658 5660 5662 5627 5664 5665 5666 5668 5670 5672 5674 6151 5680 5682 5684 5687 5689 5691 5628 5695 6144 5581 5583 5585 5589 5591 5593 5595 5597 5599 5625 5604 5607 5609 5614 5630 5617 5619 5621 5623 6137 6138 6139 6140 6141 6142 6143
48 12.1322 2.7953 7.23626 -0.414877 0.905572 -0.0803791 0.0368247 5632 5633 5635 5637 5639 5641 5516 5517 5518 5519 5648 5650 5523 5652 5525 5654 5527 5656 5530 5531 5660 5533 5662 5535 4656 5495 5540 5541 5542 5543 5548 5549 5550 5679 5680 5681 5682 5555 5556 5557 5558 5563 5564 5565 5566 5493 5569 5658 5571 5573 5575 5577 5579 5581 5583 5585 5587 5589 5591 5593 5646 5595 5597 5599 5472 5604 5605 5607 5609 5614 5615 5616 5617 5619 5621 5494 5623 5678 5625 5627 5628 5630
23 9.15086 -0.162385 7.23347 -0.377607 0.921483 -0.084206 0.0345061 4609 4610 4611 4612 5509 5511 4617 4618 4619 4620 5506 5518 5519 4624 5521 4626 5507 4654 4632 4633 4635 4637 4639 4642 4644 4646 4648 4650 4652 5166 5167 4574 5442 5443 5444 5445 5516 5452 5453 5454 5517 4305 4562 5459 5460 5461 5164 5540 5462 5469 5470 5471 5472 4585 4586 4591 4592 4593 4594 5523 5493 5494 4599 4600 4601 4602 4604 5525
17 7.21456 -1.0923 7.23099 -0.29767 0.950104 -0.0889843 0.027879 4609 4610 4611 4612 4617 4618 4619 4620 4622 4624 4626 5143 4632 5145 4635 5150 4639 5164 5165 5166 5167 5175 4633 4317 4320 4336 4338 4340 4342 4344 4345 4346 4347 4348 4349 4350 4351 4352 5442 5443 5444 5445 5452 5459 4479 4480 4486 4487 4488 4489 4499 4500 4502 4508 4517 4518 4519 4520 4529 4530 4539 4540 4549 4550 4551 4552 4559 4560 4561 4562 4571 4572 4573 4574 4583 4584 4585 4586 4591 4592 4593 4594 4599 4600 4601 4602 4604 5119
28 6.22484 0.867895 7.23798 -0.310898 0.946473 -0.0824439 0.0270812 4609 4610 5123 4612 5125 5127 5129 4618 4619 4620 5133 4623 5136 5138 4611 5141 4631 4632 5145 4636 4637 5150 5152 5154 5156 5158 5164 5165 5166 5167 5169 5171 5173 4617 5177 5179 5130 5183 5187 5189 5191 5132 5195 5197 5135 4188 4190 5143 4633 5149 5121 5105 4885 4887 4889 4891 4892 4893 4895 5442 5443 5444 5445 5447 5175 5452 5453 5454 5459 5460 5461 5462 5469 5474 5476 5478 5181 5505 4487 4488 4489 4499 4500 4502 4504 4506 5103 4508 4517 4518 4519 4520 4524 4529 4530 5193 4550 4551 4552 4560 5112 4562 4571 4572 4573 4574 4583 4584 4585 4586 5101 4591 4592 4593 4594 5107 5109 4599 4600 4601 4602 5115 4604 5117 5119
31 8.1453 1.89009 7.22538 -0.351367 0.931081 -0.0918122 0.0346476 5121 4610 4611 4612 5125 5127 4617 4618 4619 4620 4624 5138 5123 4631 4632 5145 4635 4637 5150 5152 5154 4644 5158 5164 5165 5166 5167 5169 5171 5173 5129 5177 5179 5181 5183 5184 5185 5187 5189 5191 5193 5195 5197 5143 4633 5156 5442 5443 5444 5445 5447 5175 5452 5453 5454 5459 5460 5461 5462 5469 5470 5471 5472 5474 5476 5478 5480 5482 5484 5486 5490 5493 5494 5495 5497 5499 5500 5501 5506 5507 5509 5511 5516 5517 5518 5519 5523 5529 5530 5531 5535 5540 5541 5542 5543 5545 5548 5555 4585 4586 4592 4593 4594 4599 4600 4601 4602 5119
33 9.08877 1.90984 7.21436 -0.372349 0.921895 -0.0992893 0.0401025 4610 4611 4612 4617 4618 4619 4620 4632 4633 4635 4637 5152 4642 5156 5158 4648 4652 5165 4654 5167 5169 5171 5175 5181 5187 5189 5191 5193 5197 5154 4644 4646 5164 5166 5442 5443 5444 5445 5447 5452 5453 5454 5459 5460 5461 5462 5469 5470 5471 5472 5474 5476 5478 5480 5482 5484 5486 5490 5493 5494 5495 5497 5499 5500 5501 5506 5507 5509 5511 5516 5517 5518 5519 5521 5523 5525 5527 5530 5531 5533 5535 5540 5541 5542 5543 5548 5549 5550 5555 5556 5557 5558 5563 5579 5603 5604 5605 4602
40 10.1115 3.89054 7.22067 -0.370312 0.923284 -0.0947213 0.0379909 5632 5506 5507 5493 5510 5511 5548 5516 5517 5518 5519 5523 5678 5529 5530 5531 5533 5535 5540 5541 5542 5543 5545 5447 5676 5549 5550 5679 5680 5555 5556 5557 5558 5615 5500 5563 5564 5565 5566 5567 5569 5191 5193 5195 5197 5454 5581 5460 5461 5462 5476 5469 5470 5471 5472 5474 5499 5604 5605 5478 5607 5480 5609 5482 5484 5614 5486 5616 5608 5490 5617 5621 5494 5495 5497 5626 5627 5628 5501
42 11.0432 4.02999 7.18567 -0.340497 0.931565 -0.119721 0.0437592 5632 5505 5507 5493 5510 5511 5548 5516 5517 5518 5519 5678 5527 5656 5530 5531 5533 5535 5540 5541 5542 5543 5545 5676 5549 5550 5679 5680 5681 5682 5683 5556 5557 5558 5615 5500 5563 5564 5565 5566 5567 5569 5495 5581 5583 5585 5471 5497 5593 5595 5599 5472 5499 5604 5605 5555 5480 5609 5482 5607 5484 5614 5486 5616 5617 5619 5621 5494 5623 5625 5627 5628 5501 5630 5631
59 12.0597 5.42296 7.08143 -0.220464 0.958005 -0.178692 0.0411222 5632 5676 5648 5652 5550 5654 5656 5530 5660 5658 5534 5535 5500 5541 5542 5543 5548 5549 5678 5679 5680 5681 5682 5555 5556 5557 5558 5687 5684 5563 5564 5565 5566 5567 5569 5689 5603 5604 5605 5609 5685 5614 5615 5616 5617 5621 5625 5627 5628 5501 5630
43 10.9814 7.23485 5.2539 -0.0793285 0.809627 -0.578787 0.0567104 5632 5548 5678 5656 5545 5547 5676 5677 5550 5679 5680 5681 5682 5684 5687 5560 5564 5567 5568 5569 5627 5609 5486 5493 5495 5499 5501
69 3.63127 7.4607 8.42668 0.65306 0.656328 -0.267823 -0.26649 4994 5251 4996 4997 4998 5255 5257 5259 5260 5261 5037 5265 5267 5268 5269 5021 5022 5023 5024 5028 5030 5031 5034 5036 5293 5038 5042 5044 5045 5046 5048 5305 5050 5052 5054 5055 5056 5057 5058 5253 4976 4980 4982 4988 5245 5246 5247
67 3.64284 6.45079 8.41532 0.653885 0.65406 -0.268959 -0.268887 4866 5251 4996 4997 4998 5257 5259 5260 4994 5265 5022 5024 5028 5029 5030 4905 5034 4907 5036 5037 5038 5040 5042 4851 5044 5045 5046 5048 5050 5052 5054 5055 5056 5057 5058 5261 4974 4989 4976 4979 4980 4982 4986 4991 4988 5245 4990 5247
63 3.64504 5.44477 8.41313 0.654677 0.652988 -0.268915 -0.26961 4864 4866 4867 4868 4997 4998 5257 4994 4845 4996 5022 5023 5024 4900 4901 4902 4903 5032 4905 5034 4907 5036 5037 5038 5042 5044 5045 5046 5048 5050 5052 5054 5055 5056 5057 5058 5028 5030 4973 4974 4989 4976 4849 4851 4980 4982 4983 4857 4986 4988 5245 4990
61 3.65174 4.45718 8.40647 0.652335 0.65448 -0.270735 -0.269848 4864 4992 4866 4867 4868 4997 4998 4994 4880 4882 4883 4884 4996 5022 5024 4848 4900 4901 4902 4903 4905 5034 4907 5036 5037 5038 5042 5048 5050 5052 5054 5055 5056 5057 5058 4805 5028 4858 4860 4843 4845 4974 4861 4976 4849 4851 4980 4981 4982 4857 4986 4859 4988 4989 4990
53 3.63771 3.46131 8.42036 0.652569 0.656014 -0.268846 -0.267435 4864 4866 4867 4868 4997 4998 4871 4873 4874 4875 4994 4880 4882 4883 4884 4996 5022 4900 4901 4902 4903 4905 5034 4907 5048 5050 5052 5054 5055 5056 5058 4803 4805 4824 4825 4826 4827 4858 4860 4842 4843 4844 4845 4974 4975 4976 4849 4851 4980 4982 4984 4857 4986 4859 4988 4989 4990
51 3.65269 2.44796 8.40552 0.653697 0.652999 -0.270293 -0.270582 4864 4866 4867 4868 4871 4873 4874 4875 4994 4880 4882 4883 4884 4900 4901 4902 4903 4905 4907 4172 5048 5050 5052 5054 5055 5056 4802 4803 4805 4169 4170 4171 4812 4813 4814 4815 4816 4817 4824 4825 4826 4827 4858 4860 4843 4845 4974 4976 4849 4850 4851 4980 4862 4857 4986 4859 4988 4989 4990
48 1.70351 2.46541 9.0451 0.688432 0.697413 -0.141759 -0.139933 2100 2102 2112 2114 4163 2116 2117 2118 2120 4169 4170 2123 2124 4184 4186 2151 2153 2155 2157 2158 2159 2161 2163 2164 2165 4794 4795 4799 4800 4801 4803 2244 4805 2246 4815 4816 4817 2258 2260 2261 2262 4824 4825 4826 4827 4840 4841 4843 4845 4846 4847 4849 4851 4857 4858 4859 4860 4864 4866 4867 4868 4871 4873 4880 4882 4884 4885 4887 4892 4893 4903 4905 4907 4908 4909 4971 4972 4974 4986 4988 4989 4990 1446 5048 5050 5052 2122 5054
58 1.75831 4.47159 9.02117 0.685446 0.697495 -0.149039 -0.146464 4864 4866 2307 4868 2309 2310 2311 4873 4994 5037 4880 2264 4882 4867 4884 4974 4996 5019 4892 4893 5022 4997 4998 4902 4903 4905 5034 4907 4908 4909 5038 2163 4860 5048 2164 5050 5052 5054 2161 2122 5036 2157 2258 2155 2260 2261 2262 2297 4883 2266 2267 2268 4858 4977 2159 2158 4840 4841 5020 4971 4972 4845 4846 4847 4976 4849 4978 4851 4980 2165 4982 2295 4857 4986 4859 4988 4989 4990
65 1.74191 7.4469 9.02854 0.692891 0.690988 -0.145464 -0.145865 5248 5249 4994 2307 4996 2309 2310 2311 2313 2315 2316 2317 5265 5251 5268 5269 5019 5020 5022 4997 5024 5025 5026 2267 5028 4998 5030 5034 4907 5036 5037 5038 5042 5044 5045 5046 5257 5048 5050 5052 5054 5259 2389 5260 2379 2381 2254 5261 2256 2385 2387 2388 2382 2264 2266 2383 2268 2427 4977 4978 5267 4982 5242 5243 5245 5247
0 1.72681 8.47062 9.03507 0.686398 0.698218 -0.145007 -0.142553 5248 5249 2307 2309 2310 2311 2313 2315 2316 2317 5037 5265 5251 5268 5269 5019 5020 5022 5253 5024 5025 5026 5028 5030 5290 5291 5036 5293 5038 5042 2431 5044 5045 5046 5257 5305 5050 5307 5052 5309 5054 5259 5260 2379 2381 2382 5261 2385 2387 2388 2389 2266 2383 2427 5308 5245 5267 2429 2297 5242 5243 5034 2430 5247
3 3.63606 8.44762 8.42201 0.654804 0.653994 -0.267719 -0.268051 5251 4996 5253 5057 5257 5259 5260 5261 5263 5265 5267 5268 5269 5252 5039 5022 5024 5027 5028 5030 5034 5036 5037 5038 5295 5042 5299 5044 5045 5046 5305 5307 5052 5309 5054 5055 5056 5313 5058 5308 5293 4982 5245 5247
5 3.63839 9.45257 8.41972 0.653889 0.654616 -0.26839 -0.268092 5251 5253 5254 5057 5257 5259 5260 5261 5265 5267 5268 5269 5024 5028 5030 5036 5293 5294 5295 5042 5299 5044 5045 5046 5303 5305 5307 5308 5309 5301 5313 5058 5315 5316 5317 5363 5247 5244 5245 5375
9 3.65324 10.4519 8.40498 0.653048 0.653578 -0.270631 -0.270411 5377 5250 5379 5251 5253 5383 5257 5259 5260 5261 5262 5265 5267 5268 5269 5030 5293 5295 5299 5300 5301 5044 5307 5308 5309 5311 5313 5058 5315 5316 5317 5305 5378 5363 5365 5369 5247 5245 5375
11 3.64022 11.4624 8.41788 0.652249 0.656016 -0.269299 -0.267753 5377 5378 5379 5251 5253 5383 5385 5386 5259 5265 5267 5268 5269 5413 5292 5293 5294 5295 5425 5247 5299 5301 5302 5305 5307 5308 5309 5313 5315 5316 5317 5363 5364 5365 5387 5369 5371 5373 5375
15 3.65434 12.4526 8.40387 0.652881 0.653604 -0.270841 -0.270542 5377 5378 5379 5253 5383 5385 5386 5387 5267 5381 5413 5415 5419 5293 5295 5425 5298 5427 5428 5301 5305 5307 5308 5309 5310 5299 5313 5315 5316 5317 5433 5429 5363 5365 5369 5370 5371 5375
13 1.72068 13.4272 9.0377 0.699179 0.68574 -0.141626 -0.144402 2433 5378 2435 2436 2437 5377 5385 5386 5387 5379 2500 2501 5410 5411 2502 5415 5416 5417 5383 5421 5296 5297 5427 5428 5301 5419 5435 5436 5437 5429 5313 2498 5315 5316 5317 2630 2551 2504 2506 2507 2508 2550 5433 5413 5425 5360 5361 5363 2548 5365 5366 5367 2552 5369 2554 5371 2556 2557 2558 5375
21 3.64759 14.4808 8.41039 0.648922 0.65836 -0.271627 -0.267733 5377 5378 5379 5380 5381 5383 5385 5386 5387 5413 5415 5419 5420 5421 5425 5427 5428 5301 5431 5433 5435 5436 5437 6206 5429 5315 5368 5369 5737 5739 5743 5362 5363 5365 5749 5751 5752 5753 5370 5371 5372 5757 5375
23 3.65327 15.5168 8.4039 0.64291 0.663418 -0.274903 -0.266405 5760 5377 5379 5381 5383 5385 5386 5387 5423 5413 5414 5415 5419 5421 5807 5425 5810 5427 5428 5813 5433 5435 5436 5437 6206 6207 5369 5761 5797 5365 5429 5737 5739 5743 5745 5749 5751 5752 5753 5370 5371 5757 5759
89 2.89418 17.2179 8.66281 0.73062 0.442873 -0.269378 -0.444401 5760 5761 5741 5810 5798 5800 5802 5803 5804 5805 5806 5938 5812 5813 5814 5820 6206 5823 6208 6209 6210 6211 6212 6213 6214 6215 6216 6217 6218 6219 6220 6221 6223 3026 5851 6238 5734 5735 5736 5738 5739 6226 5870 5743 5744 5745 5877 5822 5753 6207
90 2.32525 16.8574 10.0856 0.81609 0.366602 -0.183072 -0.407535 5760 5761 5743 5798 5800 5810 5806 2993 2994 5812 5813 5814 2996 5820 2634 5822 5823 3008 6209 6212 2630 2632 2633 6218 6221 3026 3029 6239 6242 5734 5735 5739 5871 5745 6206 6207
93 2.28536 17.7357 11.0116 0.818269 0.344261 -0.178521 -0.424324 6283 5798 5800 5805 5806 2993 2994 2996 5814 2999 5946 3005 6206 5823 6209 6212 2632 6218 6221 3026 3029 3035 6239 6242 6248 5871 5822 6207 3070
110 2.65785 19.9591 12.7862 0.768614 0.399675 -0.23044 -0.443158 6272 6274 3075 3081 6283 3084 6285 6286 6287 6288 6294 6297 3129 3005 3008 6338 6340 6284 6349 6221 3026 3029 6239 6242 6247 6248 6249 6250 6271
115 2.96168 22.2056 14.5279 0.717657 0.43867 -0.282083 -0.461482 3072 6283 6285 6288 6290 3139 6293 6294 6295 6296 6297 3138 3127 6329 6330 6331 6333 6338 6339 6340 6341 6349 6350 3029 3035 6248 3070
