4 2.22255 -26.2831 0.915538 -0.271431 -0.178106 0.518897 0.79079 3168 3169 3155 3171 3268 16 3265 3144 3145 3167 3179 3148 3181 79 3152 3154 3187 3157 3195 3166 3189
2 1.99799 -30.0685 2.57024 -0.596089 -0.160804 0.204887 0.7595 0 3152 3163 8 9 10 3179 14 3183 3184 3144 3155 3156 3150 3151 3166
5 2.95187 -25.9019 2.13511 -0.479185 -0.281142 0.420758 0.71715 3220 3221 3224 3238 3239 3242 3261 3265 3268 3144 3145 3148 3149 79 81 3157 86 3166 97 100 101 104 3179 3180 3181 3182 3183 3185 3187 3188 3189 3190 3191 3193 3195
6 4.30799 -26.33 2.45402 -0.479437 -0.36325 0.482437 0.636745 3212 3213 3214 3217 3220 3221 3224 3225 3229 3238 3239 3242 3261 3263 3265 3268 3269 3270 3271 3144 3145 3148 3149 3150 3151 3155 3156 3157 89 90 3163 3165 3166 3299 100 3302 3179 3180 3181 3182 3183 3184 3185 3186 3187 3188 3189 3190 3191 3192 3195 3196
7 4.13011 -25.0805 1.87946 -0.399563 -0.326189 0.541778 0.663647 3220 3221 3224 3225 3226 3227 3189 3238 3240 3242 3248 3249 3251 3261 3263 3265 3266 3268 3270 3271 3144 3145 3274 3148 3149 3278 79 3281 3155 3276 3157 3272 3166 3179 3180 3181 3182 3183 3184 3185 3186 3187 3188 3317 3190 3191 3192 3195 3196
13 4.33749 -24.4194 2.67052 -0.507797 -0.374214 0.460334 0.624659 3212 3213 3214 3181 3217 3220 3221 3351 3224 3225 3226 3227 3189 3233 3235 3238 3242 3243 3248 3249 3250 3251 3255 3261 3263 3265 3266 3268 3269 3270 3271 3144 3145 3274 3191 3148 3149 3278 3277 3280 3281 3195 3276 3272 3279 3353 3299 3300 3301 3302 3196 3307 3309 3182 3183 3184 3185 3186 3187 3188 3317 3190 3319 3192 3322 3323 3324 3326
16 3.67341 -21.3736 1.18909 -0.263257 -0.285804 0.677724 0.624261 3328 3329 3330 3331 3332 3265 3266 3220 3221 3224 3225 3226 3227 3376 3242 3243 3375 3248 3249 3250 3251 3255 3256 3261 3263 3264 3393 3394 3395 3396 3397 3398 3272 3273 3274 3275 3276 3277 79 3317 3318 3319 3320 3321 3322 3327
17 3.6867 -20.2956 1.21086 -0.261245 -0.293884 0.687187 0.610867 3328 3329 3330 3331 3332 3221 3224 3225 3226 3227 3376 3242 3243 3375 3248 3249 3250 3251 3380 3275 3255 3256 3393 3394 3395 3396 3397 3398 3272 3273 3274 3403 3404 3277 3406 3405 3408 3407 3379 3317 3318 3319 3320 3321 3322 3327
25 3.69528 -18.4678 1.20583 -0.27199 -0.282488 0.662666 0.63804 3328 3329 3330 3331 3332 3457 3464 3465 3466 3467 3468 3458 3463 3375 3376 3379 3380 3383 3384 3387 3388 3393 3394 3395 3396 3397 3398 3403 3404 3405 3407 3408 3256 3255 3456 3327 3453 3454 3455
37 3.72187 -14.486 1.23322 -0.277249 -0.285441 0.658088 0.6392 3456 3465 3590 3463 3592 3593 3594 3467 3468 3600 3601 3602 3603 3604 3605 3591 3464 3511 3512 3515 3516 3519 3520 3522 3595 3524 3525 3530 3531 3532 3533 3534 3535 3667 3540 3541 3542 3544 3545 3387 3388
41 3.71734 -12.4633 1.22923 -0.275173 -0.286283 0.661682 0.636003 3520 3542 3590 3591 3592 3594 3595 3600 3601 3602 3604 3605 3524 3525 3543 3515 3516 3519 3648 3649 3522 3652 3653 3666 3667 3540 3541 3670 3671 3545 3676 3677 3678 3679 3680 3681 3668 3669
49 3.67408 -10.4315 1.18571 -0.266581 -0.28171 0.669486 0.633532 3726 3727 3600 3601 3602 3603 3604 3605 3737 3736 3524 3738 3739 3740 3741 3525 3648 3649 3522 3652 3653 3681 3656 3657 3660 3661 3666 3667 3668 3669 3670 3671 3676 3677 3678 3680 3728 3729 3730 3731
66 3.4983 -9.80154 3.53788 -0.689597 -0.258669 0.237564 0.633332 3728 3731 3734 3735 3736 3738 3740 3741 3742 3743 3744 3745 3774 3793 3795 3924 3926 3929 3930 3931 3942 3822 3952 3953 3954 3829 3831 3836
67 3.62954 -8.14567 4.71675 0.770201 0.381737 -0.226902 -0.457802 3841 3843 3858 3860 3741 3870 3744 3872 3924 3926 3929 3930 3931 3942 3952 3831 3832 3833 3834 3835 3836 3837 3838
68 5.20134 -8.89111 3.00446 -0.573244 -0.353469 0.387985 0.62922 3841 3738 3726 3728 3858 3731 3860 3861 3734 3735 3736 3866 3867 3740 3741 3742 3743 3744 3745 3878 3879 3872 3760 3761 3762 3763 3870 3871 3772 3773 3774 3775 3904 3905 3780 3781 3910 3873 3656 3657 3660 3661 3795 3796 3925 3926 3927 3929 3930 3931 3932 3835 3942 3824 3822 3823 3952 3953 3954 3859 3902 3831 3832 3924 3834 3903 3836 3837 3838
69 5.23028 -7.83291 3.00912 -0.569852 -0.359993 0.394527 0.624517 3738 3858 3859 3860 3861 3736 3866 3867 3741 3870 3871 3744 3745 3878 3879 4008 3825 3872 3831 3827 3743 3772 3773 3774 3775 3904 3905 3910 3911 3660 3914 3915 3916 3661 3917 3922 3923 3796 3925 3926 3929 3930 3931 3932 3873 3936 3937 3938 3835 3942 3836 3824 3822 3823 3952 3953 3954 3795 3902 3958 3959 3832 3924 3834 3903 3964 3837 3838
70 5.05087 -7.12914 2.87944 -0.57559 -0.318448 0.364619 0.659045 3982 3859 3860 3861 3824 3870 3871 3872 3873 3878 3879 4008 3826 3825 3902 3903 3905 3910 3911 3915 3917 3922 3923 3796 3925 3926 4311 3924 3929 3930 3931 3936 3937 3938 4068 3942 3943 3822 3823 3952 3953 3954 3827 3958 3959 4308 3834 3964 3837 3838
0 9.47102 -3.96504 0.810094 -0.283736 -0.0855363 0.275669 0.914431 4608 4613 4615 4621 4622 4625 4629 4634 4638 4640 4641 4645 5160 4650 5172 4409 4413 4414 4415 4416 4420 5448 4425 4426 4558 4561 5463 4570 4447 4448 4580 4587 4588 4589 4590 4603 4605 4606 4607
2 8.76397 -1.73684 1.81299 -0.0899838 -0.0429827 0.428874 0.897843 4608 4613 4614 4615 4616 4621 4622 4627 4628 4629 4638 5438 5440 4557 4558 4568 4587 4588 4589 4590 4595 4596 4597 4598 4603 4605 4606 4607
5 8.90564 -1.02526 1.34469 -0.0957109 -0.0330765 0.324954 0.940293 4608 4613 4614 4615 4616 4621 4622 4625 4627 4628 4629 4630 4638 4640 4645 5159 5162 5163 5173 5438 5439 5440 5441 5446 5448 5449 4558 5455 5456 5457 5458 5464 4570 4579 4581 4582 4587 4588 4589 4590 4595 4596 4597 4598 4603 4605 4606 4607
14 8.92866 -0.032647 1.34891 -0.0985635 -0.0352637 0.335015 0.93638 4608 4613 4614 4615 4616 5520 4627 4628 4629 4630 5146 5147 5148 4640 5159 5160 5162 5163 5168 5172 5174 5438 5439 5440 5441 4606 5446 5447 5448 5450 5455 5456 5457 5458 5463 5465 5467 5473 5474 4582 4590 4595 4596 4597 4598 4605 5502 5503
16 8.91953 1.01036 1.34094 -0.0918122 -0.0346477 0.351367 0.931081 4614 4616 5513 5514 5448 5190 5159 5160 5162 5163 5168 5512 5170 5172 5174 5438 5439 5440 5441 5186 5446 5447 5192 5450 5455 5456 5457 5458 5463 5465 5473 5475 5477 5479 5487 5489 4598 5503
15 8.72144 1.23797 1.81033 -0.0889447 -0.0338642 0.354201 0.930314 5190 5161 5162 5163 5168 5172 5174 5438 5439 5440 5441 5446 5447 5448 5450 5456 5463 5465 5473 5477 5479 5487
24 9.92832 2.04165 1.3376 -0.0882877 -0.0357579 0.373687 0.922651 5512 5513 5514 5515 5528 5536 5537 5538 5539 5544 5545 5546 5547 5551 5552 5553 5559 5567 5448 5450 5175 5458 5463 5465 5467 5468 5473 5475 5477 5479 5481 5483 5485 5487 5489 5491 5492 5496 5498 5500 5501 5503
28 10.7402 1.33188 1.80235 -0.0691395 -0.0401902 0.500944 0.861777 5504 5512 5513 5514 5515 5520 5522 5526 5528 5529 5532 5536 5537 5538 5539 4647 5544 4651 5551 5552 5553 5441 5580 5456 5457 5458 5463 5467 5468 5488 5491 5492 5500 5502 5503
33 10.7483 2.32854 1.80377 -0.0715632 -0.0418076 0.502697 0.860481 5512 5513 5514 5515 5522 5528 5536 5537 5538 5539 5544 5545 5546 5547 5551 5552 5553 5554 5559 5560 5561 5467 5468 5487 5490 5491 5492 5497 5500 5501
59 12.1221 4.19434 1.86323 -0.142855 0.0792649 -0.478662 0.862666 5568 5611 5612 5610 5675 5676 5613 5677 5681 5682 5683 5685 5655 5562 5631 5629 5653
32 11.9414 1.11427 1.33021 -0.0800649 -0.037845 0.425665 0.900537 5504 5508 5512 5513 5514 5515 5520 5522 5524 5526 5528 5529 4655 5532 5466 5534 5536 5537 5538 5539 4647 5544 4649 5546 4651 4653 5636 5551 5552 5553 5554 5559 5561 5562 5570 5572 5574 5576 5578 5580 5582 5584 5458 5588 5592 5594 5467 5468 5598 5600 5601 5602 5606 5610 5618 5491 5620 5622 5596 5502 5503
43 12.627 0.698936 1.29498 -0.0080239 -0.0436618 0.98256 0.180569 5504 5634 5508 5638 5640 5642 5520 5522 5524 5526 5528 5529 4655 5532 5534 4640 4641 4643 4645 4647 4649 4651 4653 5636 5551 5553 4638 5570 5572 5574 5576 5578 5580 5582 5584 5586 5588 5590 5592 5594 5596 5598 5600 5606 5618 5622
44 12.9247 1.15079 1.32403 -0.0739738 -0.0365951 0.441899 0.89326 5504 5505 5634 5508 5638 5640 5514 5515 5645 5647 5520 5649 5522 5524 5526 5528 5529 4655 5532 5534 5538 4651 4653 5636 5551 5552 5553 5554 5559 5561 5642 5570 5572 5574 5576 5578 5580 5582 5584 5586 5588 5590 5592 5594 5596 5598 5600 5601 5602 5606 5610 5611 5612 5618 5620 5622 5624 5626 5628 5629
46 13.8873 1.22509 1.31274 -0.0615293 -0.033832 0.48063 0.874108 5504 5634 5636 5638 5640 5642 5645 5518 5647 5520 5649 5522 5651 5524 5653 5526 5655 5528 5529 5531 5532 5661 5534 5663 5657 5553 4655 5680 5681 5570 5572 5574 5576 5578 5580 5582 5584 5586 5588 5590 5592 5594 5596 5626 5598 5600 5601 5602 5606 5610 5612 5613 5618 5620 5622 5624 6137 6138 6139 5628 5629 5631
51 13.9338 2.15987 1.32434 -0.0737796 -0.0376875 0.453336 0.887481 5634 5636 5638 5640 5642 5645 5647 5649 5651 5653 5655 5528 5529 5659 5532 5661 5534 5663 5531 5657 5669 5671 5675 5677 5680 5553 5554 5683 5685 5686 5561 5572 5576 5578 5580 5582 5584 5586 5667 5588 5590 5592 5594 5596 5626 5598 5600 5601 5602 5682 5606 5610 5611 5612 5613 5618 5620 5681 5622 5624 6137 6138 5628 5629 5631
56 14.9447 3.13863 1.328 -0.0773981 -0.0385195 0.443883 0.891904 6144 5634 6147 5636 5638 5640 5642 5644 5645 5647 5649 5651 5653 5655 5657 5659 5661 5663 5665 5666 5667 5669 5671 5673 5677 5679 5680 5681 5682 5683 6169 5685 5686 5688 5690 5692 6148 5696 5698 6178 5594 5626 5598 5602 5603 5606 5628 5611 5612 5613 6171 5617 5618 5620 5694 5622 5624 6137 6138 5631 6140 5629 6143
58 15.9402 3.14459 1.32675 -0.0762362 -0.0381318 0.445714 0.891108 6144 6145 6146 6147 5636 6149 6150 5640 5642 5644 5645 5647 6160 5649 5651 5653 5655 5657 5659 5661 6174 5663 5665 5666 5667 6180 5669 6182 5671 5673 6186 6173 5680 5681 5682 5683 6169 5685 5686 5688 5690 6175 5692 6148 5696 5698 6177 6178 6179 6159 5626 5631 6181 5628 5612 5629 6171 5617 5618 5620 5694 5622 5624 6137 6138 6139 6140 6141 6142 6143
71 18.9379 3.20279 1.321 -0.0692566 -0.0388708 0.487892 0.869284 6144 6145 6146 6147 6148 6149 6150 6159 6160 6161 6162 6163 6169 6171 6172 6173 6174 5663 5664 5665 5666 6179 6180 6181 6182 5671 5672 5673 5674 6187 6188 6189 6190 6191 6192 6193 6194 6195 6196 6197 6177 6178 6183 6141 6184 6137 6138 6139 6140 6186 6142 6143
82 19.8715 4.27979 1.30726 -0.053951 -0.0332654 0.523784 0.84949 6144 6145 6146 6147 6148 6149 6150 6159 6160 6161 6162 6163 6170 6173 6174 6177 6178 6179 6180 6181 6182 6183 5672 6186 6187 6188 6189 6190 6191 6192 6193 6194 6195 6196 6197 6184 6140 6143
83 19.8867 5.04275 1.33215 -0.0846346 -0.0316457 0.348795 0.932833 6150 6159 6160 6161 6162 6163 6172 6174 6176 6177 6178 6179 6180 6181 6182 6183 6184 6186 6187 6188 6189 6190 6191 6192 6193 6194 6195 6196 6197
41 9.61325 7.448 3.2007 -0.00939859 -0.697258 0.716693 0.00966056 5184 5185 5547 5482 5569 5545 5194 5195 5548 5197 5486 5196 5179 5568 5550 5495 5560 5499 5564 5501 5567
31 4.86601 4.53695 5.16646 0.625962 0.649658 -0.310668 -0.299336 4865 4995 4993 5002 5004 5005 5006 5007 5008 5012 4783 4896 4897 4899 4900 4901 4902 4903 4776 4905 4906 4907 4909 4911 4784 5047 5048 5049 5050 5051 5052 5054 5055 5056 5057 5058 4833 4950 4952 4955 5084 4831 4960 4961 4962 4963 4836 4774 4838 4839 4968 4969 4970 4967 4904 4837 5033 4856 4985 4987 4863
14 4.64 3.05802 5.32979 0.55138 0.732861 -0.318531 -0.239652 4865 4822 4874 4875 4880 4881 4882 4883 4884 4886 4887 4783 4892 4893 4894 4895 4896 4897 4898 4899 4900 4901 4902 4903 4776 4905 4906 4907 4908 4909 4910 4911 4784 4786 4788 4791 5048 4793 5130 5131 4854 4833 4808 4810 5047 4820 4950 5049 4831 4960 4961 4836 4837 4838 4839 4904 5110 4856 4863
27 3.75414 4.87502 5.25382 0.580027 0.701436 -0.319198 -0.263949 4865 4995 4993 5002 5003 5005 4838 4772 4901 4905 4907 4780 4783 5048 5050 5052 5054 5055 5056 5057 4833 4958 4959 4960 4961 4962 4963 4836 4837 4966 4839 4968 4969 4970 4967 4985 4987 4863
28 3.71829 6.13218 5.22143 0.537552 0.73081 -0.338863 -0.249253 4865 4995 4993 5001 5002 5004 5005 5006 5007 5008 5011 5012 5015 5033 5035 5048 5050 5052 5054 5055 5056 5057 5058 4958 4959 4960 4961 4962 4963 4964 4966 4967 4968 4969 4970 4985 4987
33 4.40506 8.19992 4.84258 0.347208 0.799594 -0.449451 -0.195166 4993 4995 5002 5004 5005 5006 5007 5008 5011 5012 5013 5014 5015 5016 5017 5018 4783 4903 5033 5035 4909 4911 4784 5041 5043 5053 5054 5056 5057 5058 4956 4966 4968 4969 4970 5224 5225
22 2.10239 7.26188 1.15783 -0.106498 -0.336971 0.891985 0.281908 5058 4931 4932 4934 4937 4938 4954 4930 4941 4944 4945 4946 4947 4948 4951 4921 4922 4943 5011 4957
26 3.08189 7.01077 1.00493 -0.102794 -0.251708 0.890901 0.36383 4928 4930 4932 4901 4934 4945 4956 5058 5009 5010 4947 5013 5011 4951 4954 4946 4957
30 3.60707 7.26727 1.12391 -0.276075 -0.252801 0.626234 0.683889 5058 5224 5226 5003 4930 5011 5232 5009 5234 4947 4948 5013 5206 5207 5208 5209 4946 4957
42 3.75374 8.34727 1.26943 -0.293248 -0.279971 0.631241 0.661178 5058 5219 5234 4947 5224 5225 5226 5227 5218 5208 4946 5235 5236 5013 5206 5207 5272 5209 5012 5011 4948
43 3.73684 9.39295 1.24914 -0.287383 -0.280013 0.639223 0.656047 5013 5014 5272 5273 5274 5282 5285 4948 5206 5207 5208 5209 5218 5219 5220 5221 5224 5225 5226 5234 5235 5236 5237
45 3.73609 11.3349 1.25078 -0.291288 -0.276446 0.630439 0.664285 5272 5273 5274 5282 5283 5284 5285 5326 5327 5328 5329 5209 5342 5343 5344 5218 5219 5220 5221 5352 5235 5236
53 3.52256 12.3792 1.03944 -0.255482 -0.246526 0.649146 0.672728 5391 5393 5270 5271 5274 5280 5282 5284 5326 5327 5328 5329 5338 5340 5341 5342 5344 5219 5220 5221 5350 5352 5354
54 3.61081 13.3572 1.12176 -0.2702 -0.258378 0.641005 0.670333 5390 5393 5400 5402 5403 5404 5405 5284 5326 5327 5328 5329 5337 5338 5339 5340 5342 5344 5221 5350 5352 5354
52 2.50412 14.5255 1.14293 -0.235227 -0.254146 0.688485 0.637233 5329 5352 5402 5354 5707 5389 5328 5393 5333 5713 5336 5337 5338 5339 5404 5405 5400 5717
62 3.92427 16.8335 1.51338 -0.293763 -0.344587 0.678511 0.578434 5773 5775 5776 5777 5395 5782 5337 5400 5402 5404 5405 5723 5702 5703 5705 5706 5713 5715 5717 5718 5336 5721 5338 5339 5725 5727 5728 5730 5732 5786
63 3.83025 17.8688 1.4004 -0.276441 -0.331342 0.692684 0.577912 5769 5771 5773 5775 5776 5777 5782 5721 5784 5785 5402 5403 5405 5790 5792 5702 5703 5705 5706 5838 5713 5715 5716 5333 5718 5336 5337 5723 5725 5727 5728 5786 5400 5717
66 3.78621 18.9175 1.35908 -0.267316 -0.328424 0.702599 0.571869 5769 5771 5773 5774 5775 5776 5777 5779 5782 5784 5785 5786 5788 5790 5792 5938 5702 5703 5705 5706 5836 5837 5840 5713 5842 5715 5716 5718 5848 5723 5724 5725 5726 5727 5728 5843
70 3.69318 21.003 1.27679 -0.24956 -0.321442 0.721526 0.560174 5890 5894 5896 5769 5898 5771 5901 5775 5776 5777 5780 5782 5784 5785 5790 5792 5935 5936 5937 5938 5942 5897 5947 5948 5706 5950 5899 5832 5705 5834 5836 5837 5880 5842 5843 5844 5846 5848 5849 5949 5833 5881 5884 5886
4 3.69318 21.003 1.27679 -0.24956 -0.321442 0.721526 0.560174 5890 5894 5896 5769 5898 5771 5901 5775 5776 5777 5780 5782 5784 5785 5790 5792 5935 5936 5937 5938 5942 5897 5947 5948 5706 5950 5899 5832 5705 5834 5836 5837 5880 5842 5843 5844 5846 5848 5849 5949 5833 5881 5884 5886
21 3.81239 20.3123 2.82009 -0.272898 -0.122535 0.390859 0.870483 5890 5846 5894 5935 5936 5937 5938 5942 5945 5947 5949 5837 5840 5842 5843 5844 5974 5970 5986 5988 5869 5870 5972
22 5.274 19.0308 4.94645 -0.634087 -0.204487 0.228884 0.70974 5846 5975 5869 5872 5935 5936 5937 5938 5942 5944 5945 5946 5833 5836 5837 5838 6223 5840 6225 5842 5843 5844 6222 5974 6231 6234 6230 6240 6224 5986 5987 5990 5991 5864 5866 5868 6226 5871 6000 6001 5874 6227 5876 6228 6229
20 4.07474 17.8772 5.25278 -0.67803 -0.187649 0.189559 0.684932 5974 5975 5869 5782 5783 5790 5791 5792 5793 5935 5937 5938 5811 5812 5941 5942 5944 5945 5946 5819 5820 5821 5822 5823 6213 6214 6215 6216 6219 5837 6222 6223 6224 6225 5842 5843 6228 6229 6230 6231 6234 6235 5986 5987 5990 5991 5868 6226 5871 5872 6227 6243
5 -0.938714 18.7972 3.88174 -0.580473 0.310078 -0.354758 0.664115 5766 5770 5772 5904 5779 5783 5786 5787 5788 5789 5808 5811 5815 5816 5817 5818 5822 5823 5829 5838 5839 5840 5841 5845 5850 5853 5855 5856 5859 5865 5866 5867 5868 5871 5882 5885
8 -1.56546 21.1084 3.16607 -0.292248 0.248483 -0.598203 0.703563 2762 2764 2772 2773 2776 2777
15 -1.77482 22.0998 3.39799 -0.326883 0.280986 -0.588192 0.684269 2820 2824 2825 2764 2773 2808 2813 2815
16 -1.80513 23.0805 3.43947 -0.333784 0.285144 -0.5836 0.683149 2817 2947 2820 2821 2950 2824 2825 2826 2827 2810 2813 2814 2949
33 1.99872 23.6181 1.43885 -0.155861 -0.0406929 0.249318 0.95493 5888 5889 5890 6019 5892 2949 5894 6017 2952 5897 2954 5899 2828 2829 5902 2959 6020 6045 6048 6050 6055 6057 6059 2988 6061 6063 5896 6068 6070 6065 6074 5948 5898 5950 6079 5952 5953 6082 6084 5900 6090 5901 6016 6072 5978 5980 5982 5984 5968 6011 2957 6076 5994 5998 2931 5886 6007 6009 5951 6018 6013 6014 6015
31 2.06624 25.2805 1.84225 -0.156242 -0.262241 0.818078 0.487407 5888 2817 5890 6019 5892 5894 2823 2952 5897 2954 5899 2956 2829 2958 2959 6020 6045 6047 6048 6050 6053 6055 6057 6059 2988 6063 5896 5898 5951 5952 6016 2828 5900 5901 5968 5902 5881 5889 6017 2957 5886 6007 5880 6009 6011 6018 6013 6014 6015
38 1.42773 27.5383 1.63465 -0.0816889 -0.227836 0.913335 0.32747 2944 6016 2946 2947 2948 2949 5894 2951 2954 2955 2956 2957 2958 2959 2962 6019 2966 6020 6043 6045 6047 6048 6050 6053 6055 6057 6059 2988 6061 2991 6065 6067 6078 5952 6063 5964 6009 6017 6014 5880 5881 6010 6011 6013 6018 6015
41 2.236 27.8162 3.46258 0.0276114 -0.442502 0.894603 -0.0558218 2817 6019 6020 5894 6017 3093 6038 6047 6048 6049 3106 6318 6063 6064 6065 6067 6076 6078 6079 5952 5953 6090 6092 6306 6104 6081 5880 5881 6011 6037
39 3.12197 27.9567 5.12576 -0.343172 -0.596656 0.628828 0.361676 6017 6019 6029 6030 6031 3088 3091 3093 6038 6039 6300 6301 6047 6048 6049 6050 6051 6052 6053 6054 2987 6305 6306 3087 6035 5881 6011 6037
45 4.89417 25.5241 2.30597 -0.0389896 -0.0477611 0.77318 0.631183 5980 6002 5978 6055 6057 6059 6061 6063 6065 6067 6068 5982 6070 6072 6074 6076 6078 6079 6081 6082 6084 6086 6088 6090 6092 6093 5966 6095 5968 6097 6098 6099 5972 6094 6102 6103 6104 6105 6106 6107 6108 6109 6110 5984 6114 6115 6116 6117 5992 5994 5996 5998 6129 6130 6004 6005 6006 6100 6133 6122 6101
42 3.92218 24.7114 2.32007 -0.0369305 -0.0691966 0.879499 0.469392 6019 6020 5974 5953 5902 5976 6038 6041 6045 6047 6048 6055 6057 6059 6061 6063 6065 6067 6068 6070 6072 5945 6074 5948 5949 5950 5951 5952 6081 6082 6084 6086 6088 6090 6092 6093 6094 6095 5968 5970 6099 5972 6101 6102 6104 5978 6107 5980 5982 5984 5986 5988 5990 5992 6076 5994 5996 5998 6000 6002 6078 6006 6100 6079
30 5.00639 23.4812 2.321 -0.0542922 -0.0579577 0.727503 0.681493 5974 5980 6048 5958 6055 6057 6059 6061 6063 6065 5938 6068 5982 5942 6072 5945 6074 6076 5949 5950 6079 5953 6082 6084 6070 6086 6088 6090 5964 5986 5966 6095 5968 5970 6099 5972 6094 6102 6103 5976 5988 5978 6107 6108 6109 6110 5984 6114 6115 6116 6117 5990 5992 5994 5996 6098 5998 6000 6002 6004 6005 6006 6100 5937 6101
29 5.66321 21.424 2.70086 -0.241248 -0.106847 0.390605 0.881936 5894 5937 5942 5943 5945 5946 5949 5950 5953 6086 5970 5972 5974 5976 5978 6107 5980 5982 5984 5986 5988 5990 5992 5994 5996 6098 5998 6000 6002 6004 6005 6006
25 3.00483 22.4862 2.32081 -0.05384 -0.0581017 0.731191 0.677559 6018 5891 6020 5893 5894 5895 5896 5897 5898 5899 5900 5901 5902 5848 5846 6057 6059 6061 5935 5936 5937 6068 6070 6072 5945 5947 5948 5949 5950 5951 5952 5953 6082 5840 5970 5843 5844 5974 5976 5849 5978 5980 5982 5984 5986 5988 5992 5994 5972 6012 5887
23 3.1622 22.5339 1.3512 -0.070168 -0.080104 0.747941 0.655168 5888 5889 5890 6019 5892 5846 5894 5896 5897 5898 5899 5900 5901 5902 5848 6020 5935 6048 5937 6057 6059 5832 6061 6063 5936 6065 6068 5942 6072 5945 6074 5947 5948 5949 5950 6079 5952 5953 6082 5827 6084 6070 6086 6088 5833 5834 5837 6016 5842 5843 5972 5883 5974 6009 5976 5849 5978 5980 5982 5984 5968 5986 6011 5988 5990 5992 6076 5994 5881 5996 5970 5998 6090 6014 5886 5844 5951 5884 6013 6018
24 3.03557 23.7355 1.33945 -0.0487541 -0.083692 0.860014 0.500994 5888 6016 5890 6019 5892 5846 5894 5896 5897 2954 5899 5900 2829 5902 5848 6020 5935 6045 6047 6048 5886 6055 6057 6059 6061 6063 5936 5937 6068 6070 6065 5945 6074 5947 5948 5898 5950 6079 5952 5953 6082 6084 6086 6088 5883 6090 5835 5901 5840 6072 5842 5843 5972 5974 6009 5976 5849 5978 5980 5982 5984 5968 5986 6011 5988 5990 5992 6076 5994 5881 5996 5970 5998 5949 6000 6002 6014 6007 5844 6010 5951 5884 6013 6018
69 1.6163 22.0808 0.557806 -0.106667 -0.185464 0.846783 0.487015 2816 2817 2946 6019 5892 2774 5894 5767 2824 5897 2826 5771 2828 2829 5902 5776 5844 5842 5782 5784 5785 2715 2716 2717 2718 2719 5792 5768 5896 5935 5936 5937 5938 5790 5942 5833 5947 5948 5898 5888 5824 2753 5826 5899 5828 5830 5831 5832 5900 5879 5836 5837 2767 2768 2952 5843 2772 2773 5846 2775 5848 5849 5901 2671 5889 2811 2807 2666 2668 2770 5949 5886 6007 5880 5881 5890 6011 2812 6018 2815
2 1.6163 22.0808 0.557806 -0.106667 -0.185464 0.846783 0.487015 2816 2817 2946 6019 5892 2774 5894 5767 2824 5897 2826 5771 2828 2829 5902 5776 5844 5842 5782 5784 5785 2715 2716 2717 2718 2719 5792 5768 5896 5935 5936 5937 5938 5790 5942 5833 5947 5948 5898 5888 5824 2753 5826 5899 5828 5830 5831 5832 5900 5879 5836 5837 2767 2768 2952 5843 2772 2773 5846 2775 5848 5849 5901 2671 5889 2811 2807 2666 2668 2770 5949 5886 6007 5880 5881 5890 6011 2812 6018 2815
0 1.79883 21.0747 0.636221 -0.128103 -0.205994 0.823825 0.512316 2816 2817 5762 5763 5765 5894 5767 5768 5769 5898 5771 5900 5890 5775 5777 5844 5782 5784 5785 2586 2717 2718 5792 5935 5936 5938 5790 5897 5824 2753 5826 5899 5828 5830 5831 5832 5833 5836 5837 2767 2768 2770 5843 2772 2773 5846 2775 5848 5849 5705 2662 2664 2665 2666 2668 5842 2670 2671 2774 5879 5880 5881 2811 2815
65 1.6536 20.0107 0.557579 -0.11244 -0.181917 0.830952 0.513597 5762 5763 5764 5765 5894 5767 5768 5769 5771 2701 2703 5777 5782 5785 5784 2713 2586 2715 5790 5792 2610 5938 2612 5705 5824 2753 5826 5828 5830 5831 5832 5833 5706 5836 5837 5710 5773 2768 2770 5843 2772 2773 5846 2775 5848 5849 2767 5725 5727 5728 5712 2661 2662 2664 2665 2666 2668 5842 2670 2671 2774 2644 5775
61 1.63047 17.9658 0.539361 -0.110795 -0.174427 0.825889 0.524601 5762 5763 5764 5765 5767 5769 5773 5775 5777 2580 2581 2582 2583 5785 5402 5404 2586 5790 5792 5405 5700 5701 5702 5703 5704 5705 5706 5782 5712 5713 2642 5715 5717 5718 2585 5337 5723 5725 5727 5728 2661 2662 2664 2665 2666 2670
59 0.857877 17.6123 0.827885 -0.0642814 -0.103811 0.843841 0.522517 5762 5763 5764 5765 5767 5769 5335 5773 5775 5777 2580 2581 2582 2583 2584 5785 2586 2601 5700 5701 5702 5703 5704 5705 5706 5712 5713 2642 5715 2644 5717 5718 2585 5723 5725 5728 2661 2662 2664 2665
50 1.02986 14.5604 0.872339 -0.107933 -0.134452 0.76814 0.616631 2446 2447 2448 2449 2453 2454 2455 2456 2457 2458 2459 2460 5402 5322 5323 5324 5325 5329 5330 5331 5332 5333 5334 5335 5336 5337 5338 5339 5393 5352 5400
47 1.04231 13.4867 0.872951 -0.117893 -0.126617 0.720835 0.671168 2442 2443 2444 2445 2446 2447 2448 2449 2453 2455 2456 2339 2341 5318 5319 5320 5321 5322 5323 5324 5325 5327 5328 5329 5330 5331 5332 5333 5338 5339 5342 5344 5393 5352
39 1.05271 11.4585 0.876308 -0.123608 -0.125583 0.701536 0.690505 2442 2443 2444 2445 2446 2327 5274 2334 2335 2336 2337 2338 2339 2340 2341 5214 5318 5319 5320 5321 5326 5210 5211 5212 5213 5342 5215 5216 5217 5219 5220 5221
35 1.05162 9.43279 0.875988 -0.126455 -0.122279 0.684297 0.707668 5272 2322 2323 2324 2325 2326 2327 2328 2329 5274 2334 2335 2336 2209 2338 2337 5198 5199 5200 5201 5202 5203 5204 5205 5206 5207 5208 5209 5210 5211 5212 5213 5218 5226
21 1.04884 7.44258 0.874879 -0.124552 -0.122721 0.691039 0.70135 2193 2322 2323 2324 2325 2326 2204 2205 2206 2207 2208 2209 2210 2211 4935 4936 4937 4938 4939 4940 4941 4942 5199 4944 5201 4947 4948 5198 5206 5200 5224
20 0.953702 6.48364 0.843922 -0.0965737 -0.104537 0.727053 0.671669 2194 2196 2204 2205 2206 2207 2208 2209 2210 2211 4918 4921 4930 4935 4936 4937 4938 4939 4940 4941 4942 4943 4944 4947 4948
19 1.83788 5.81629 0.860946 -0.0548664 -0.151389 0.927892 0.336286 4928 4930 4932 4934 4935 4924 4937 4921 4943 4944 4945 4946 4915 4951 4920 4953 4954 4955 4956 4957 4926
32 0.732783 5.13908 0.903136 -0.2459 0.207034 -0.60988 0.724373 4928 4930 5091 4932 4925 4944 4946 4915 4920 4921 4954 4924 4957 4926
16 0.675888 4.64593 0.802917 -0.0252432 -0.0771284 0.947258 0.310026 2187 4689 4681 4682 4683 2189 2190 4912 4913 4914 4915 4916 4920 2042 4923 4924 4926
7 1.79375 3.50066 0.80696 -0.0567032 -0.0686912 0.768126 0.634073 4769 4773 4678 4679 4682 4683 4914 4685 4687 4688 4689 4690 4691 4949 4923 4925 4775
4 0.637961 2.4077 0.787481 -0.0314585 -0.0212398 0.559166 0.828187 4673 4676 4677 4678 4679 4680 4681 2026 4684 4685 4688 2037 2038 4664 2041 4666 4682
13 0.981308 1.08281 0.741689 -0.216837 0.171474 -0.596111 0.75381 4672 4673 4674 4675 4036 4665 4744 4671 4684 4749 4686 4669 4720 4718 4727 4729 4736 4667 4668 4666 4767
0 0.631844 0.3924 0.787575 -0.033258 -0.0191309 0.498252 0.866183 4672 2021 2022 1299 2025 3991 3992 4659 4660 4661 4662 4663 4664 3993 4667 4668 4665 4671
77 0.639625 -0.604793 0.788007 -0.0343063 -0.0209542 0.520833 0.852712 4000 4001 4004 2021 1299 1295 1298 4659 4660 3989 3990 3991 3992 3993 4667 3987 4661
12 1.31724 0.0835357 0.564909 -0.17396 0.129214 -0.582115 0.783699 4741 4744 4034 4035 4000 4001 4002 4004 4662 4025 4667 4668 4029 4671 4672 4033 4674 4675 4036 4022 4718 4669 4720 4723 4727 4731
79 1.87674 -0.586278 0.82367 -0.0863931 -0.077718 0.664264 0.73841 4000 4001 4002 3995 4004 4718 3992 4019 4020 3989 4662 3993 4024 4025 4667 4669 3998 4661
9 2.73523 1.26048 0.809095 -0.0852996 -0.0370062 0.396273 0.913412 4725
8 2.6967 0.236357 0.807601 -0.0854652 -0.029036 0.320369 0.942983 4716
83 2.92142 -0.683622 0.840673 -0.112715 -0.0804174 0.575198 0.806211 4033 4002 4004 4022 4034 4019 4020 4021 4150 4024 4027 4028 4029 3998
82 3.07386 -1.66648 0.889166 -0.146255 -0.118089 0.61701 0.764174 3984 3996 3998 3999 4002 4004 4009 4010 4011 4012 4019 4020 4021 4022 4024 4025 4027 4028 4029 4149 4033 4150 4173 4179 4187
73 0.655521 -2.60295 0.789165 -0.0373904 -0.0245774 0.54873 0.834801 3967 3969 3970 3971 3972 3973 3976 3980 3981 1294 3986 3987 3988 3994 1275 1278 1279
59 0.65712 -4.60628 0.789419 -0.0383943 -0.0247551 0.541323 0.839573 3808 3809 3968 3812 1093 3974 1096 1097 3818 3802 3816 3806 1274 3807 3805 3966 3967
80 3.09154 -3.63229 0.893708 -0.145309 -0.125438 0.6413 0.74289 3947 3974 3976 3978 3979 3982 3984 4128 4006 4007 4008 4009 4010 4011 4012 4141 4142 4144 3827 4149 4150 4152 4153 3818 3819 3820 3821 3826 3955 3957 3946
84 3.70662 -3.76296 0.530744 -0.155942 -0.130178 0.627482 0.751666 3974 3976 3978 3979 3982 3983 3984 3985 3996 3997 4128 3946 4006 4007 4008 4009 4010 4011 4012 4141 4142 4143 4144 4019 4021 4150 4152 4153 4149 3821 4173 4177 4308 4450 4452 3815 3816 3818 3947 3820 4461 4462 3952 3825 3826 3955 3957 3958 3827 3960 3938
64 3.05514 -4.61326 0.87862 -0.133523 -0.118287 0.652475 0.736516 3974 3975 3976 3977 3978 3979 3983 4128 3952 4006 4007 4008 4141 4142 4143 4144 3827 3929 3936 3938 3812 3813 3814 3815 3816 3817 3818 3947 3820 3821 3824 3825 3826 3955 3957 3958 3960 3946
63 3.2222 -5.60572 0.952341 -0.174575 -0.16099 0.658531 0.714103 4128 3824 3827 3938 3789 3791 3799 3800 3929 3936 3810 3811 3812 3813 3814 3815 3816 3817 3946 3947 3820 3821 3822 3823 3952 3825 3826 3955 3957 3960 3818
57 1.9183 -6.68446 0.839914 -0.112145 -0.0796367 0.573484 0.807587 3782 3784 3785 3789 3791 3793 3794 3795 3796 3797 3798 3799 3800 3803 3805 3810 3812 3814 3815 3822 3823 3824 3924
55 0.642757 -6.71994 0.796932 -0.0649749 -0.019222 0.283032 0.956714 1067 1068 1069 1072 1074 1076 1092 3782 3783 3784 3785 3786 3788 3789 3791 3794 3799 3800 3801 3803 3805 3810 3822
54 0.798968 -7.26649 0.834469 -0.0482039 -0.121572 0.921609 0.365423 3726 3728 3736 538 539 540 541 542 1066 1067 1068 1069 3786 3782 3655 3784 3785 3658 3659 3660 3661 3783 3789 3793 3794 3795 3796 3797
51 2.05295 -8.55346 0.697049 -0.185942 -0.185492 0.681455 0.683109 3726 3728 3730 3731 3736 3738 3740 3741 538 3782 3655 1068 3656 3657 3651 3653 3654 3783 3784 3785 3658 3659 3660 3661 3790 3793 3794 3795 3796 3678 3681 3787 3924
65 1.22902 -9.39357 1.02148 -0.345085 -0.0630145 0.16822 0.921221 3982 3728 3736 3738 3740 541 542 1070 3741 1074 3786 3655 3784 3657 3658 3659 3660 3661 3789 3793 3795 3810 3822 3831
43 0.926389 -10.554 0.835827 -0.0941906 -0.0931894 0.697118 0.704607 3726 527 528 529 530 531 532 533 534 535 536 537 538 539 3740 3681 3646 3647 3648 3649 3650 3651 3652 3653 3654 3655 3656 3657 3666 3668 3670 3671 3676 3678 3680 3728 3730 3731 3605
42 0.938773 -11.5531 0.839253 -0.0970911 -0.0962882 0.69755 0.703367 3595 3522 527 3600 529 3602 531 532 3605 534 535 3524 3525 421 3646 3647 3648 3649 3650 3651 3652 3653 3666 3668 3670 3671 3676 3678 3680 3681 530 3730 528 3604 533
38 2.05815 -13.5527 0.700114 -0.186583 -0.186224 0.681439 0.68275 3520 3542 3590 3592 3594 3595 3600 3602 3604 3605 413 420 3510 3512 3513 3514 3515 3516 3517 3518 3519 3648 3521 3522 3523 3524 3525 3532 3535 3666 3540 3670 3544 3545 3646
31 0.926648 -14.5537 0.835897 -0.0942214 -0.093283 0.697348 0.704363 3590 3592 3594 3595 3468 3604 406 407 408 409 410 411 412 413 414 415 416 417 418 3509 3510 3511 3512 3513 3514 3515 3516 3517 3518 3519 3520 3530 3532 3534 3535 3540 3542 3544 3545
30 0.929539 -15.5523 0.836684 -0.0947497 -0.0941508 0.698545 0.702989 3458 3463 3465 3594 3467 3468 406 407 408 409 410 411 412 413 3509 3510 3511 3512 3385 3386 3387 3388 3530 3532 3534 3535 3540 3542 3513 3544 3545 3514 3515 3516 239 240 241 242
19 0.92051 -18.562 0.834285 -0.0937553 -0.0908412 0.689902 0.712034 3457 3458 3332 3467 3373 3374 3375 3376 3377 3378 3379 3380 3381 3382 3383 3384 3393 3395 3397 3398 3403 3405 3407 3408 227 228 229 230 231 232 233 234 235 236 237 238 239 3453 3455
18 0.930013 -19.5227 0.837065 -0.0915124 -0.097951 0.72412 0.676522 3329 3331 3332 3457 3373 3374 3375 3376 3377 3378 3379 3380 3253 3254 3255 3256 3393 3395 3397 3398 3403 3405 3407 3408 227 228 229 230 231 232 233 234 107 113 114 115 116 3322 3327
22 1.79574 -19.4286 0.564829 -0.145708 -0.160356 0.722521 0.65652 3329 3458 3331 3332 3457 3373 3374 3375 3376 3377 3378 3251 3380 3253 3254 3255 3256 3381 3393 3395 3397 3398 3403 3405 3407 3408 3319 3383 227 229 230 3379 234 237 111 115 116 233 3322 3453 3327
8 0.935285 -23.573 0.838459 -0.0987289 -0.0931988 0.680091 0.720446 2 3 4 5 3218 3219 3220 3221 3222 3224 3261 3263 3265 3266 75 3272 3276 3146 3147 3148 3149 78 77 80 81 82 83 84 79 105 76 3277 3187 3189 3321 3274
0 0.678193 -24.8358 0.972037 -0.0252268 -0.249646 0.963104 0.0973218 0 1 3155 3171 4 3169 3144 3145 10 3179 3148 3181 14 3152 3187 3157 23 25 3146
