10004 -2.22255 -26.2831 0.915538 -0.271431 0.178106 -0.518897 0.79079 
10002 -1.99799 -30.0685 2.57024 -0.596089 0.160804 -0.204887 0.7595 
10005 -2.95187 -25.9019 2.13511 -0.479185 0.281142 -0.420758 0.71715 
10006 -4.30799 -26.33 2.45402 -0.479437 0.36325 -0.482437 0.636745 
10007 -4.13011 -25.0805 1.87946 -0.399563 0.326189 -0.541778 0.663647 
10013 -4.33749 -24.4194 2.67052 -0.507797 0.374214 -0.460334 0.624659 
10016 -3.67341 -21.3736 1.18909 -0.263257 0.285804 -0.677724 0.624261 
10017 -3.6867 -20.2956 1.21086 -0.261245 0.293884 -0.687187 0.610867 
10025 -3.69528 -18.4678 1.20583 -0.27199 0.282488 -0.662666 0.63804 
10037 -3.72187 -14.486 1.23322 -0.277249 0.285441 -0.658088 0.6392 
10041 -3.71734 -12.4633 1.22923 -0.275173 0.286283 -0.661682 0.636003 
10049 -3.67408 -10.4315 1.18571 -0.266581 0.28171 -0.669486 0.633532 
10066 -3.4983 -9.80154 3.53788 -0.689597 0.258669 -0.237564 0.633332 
10067 -3.62954 -8.14567 4.71675 0.770201 -0.381737 0.226902 -0.457802 
10068 -5.20134 -8.89111 3.00446 -0.573244 0.353469 -0.387985 0.62922 
10069 -5.23028 -7.83291 3.00912 -0.569852 0.359993 -0.394527 0.624517 
10070 -5.05087 -7.12914 2.87944 -0.57559 0.318448 -0.364619 0.659045 
10000 -9.47102 -3.96504 0.810094 -0.283736 0.0855363 -0.275669 0.914431 
10002 -8.76397 -1.73684 1.81299 -0.0899838 0.0429827 -0.428874 0.897843 
10005 -8.90564 -1.02526 1.34469 -0.0957109 0.0330765 -0.324954 0.940293 
10014 -8.92866 -0.032647 1.34891 -0.0985635 0.0352637 -0.335015 0.93638 
10016 -8.91953 1.01036 1.34094 -0.0918122 0.0346477 -0.351367 0.931081 
10015 -8.72144 1.23797 1.81033 -0.0889447 0.0338642 -0.354201 0.930314 
10024 -9.92832 2.04165 1.3376 -0.0882877 0.0357579 -0.373687 0.922651 
10028 -10.7402 1.33188 1.80235 -0.0691395 0.0401902 -0.500944 0.861777 
10033 -10.7483 2.32854 1.80377 -0.0715632 0.0418076 -0.502697 0.860481 
10059 -12.1221 4.19434 1.86323 -0.142855 -0.0792649 0.478662 0.862666 
10032 -11.9414 1.11427 1.33021 -0.0800649 0.037845 -0.425665 0.900537 
10043 -12.627 0.698936 1.29498 -0.0080239 0.0436618 -0.98256 0.180569 
10044 -12.9247 1.15079 1.32403 -0.0739738 0.0365951 -0.441899 0.89326 
10046 -13.8873 1.22509 1.31274 -0.0615293 0.033832 -0.48063 0.874108 
10051 -13.9338 2.15987 1.32434 -0.0737796 0.0376875 -0.453336 0.887481 
10056 -14.9447 3.13863 1.328 -0.0773981 0.0385195 -0.443883 0.891904 
10058 -15.9402 3.14459 1.32675 -0.0762362 0.0381318 -0.445714 0.891108 
10071 -18.9379 3.20279 1.321 -0.0692566 0.0388708 -0.487892 0.869284 
10082 -19.8715 4.27979 1.30726 -0.053951 0.0332654 -0.523784 0.84949 
10083 -19.8867 5.04275 1.33215 -0.0846346 0.0316457 -0.348795 0.932833 
10041 -9.61325 7.448 3.2007 -0.00939859 0.697258 -0.716693 0.00966056 
10031 -4.86601 4.53695 5.16646 0.625962 -0.649658 0.310668 -0.299336 
10014 -4.64 3.05802 5.32979 0.55138 -0.732861 0.318531 -0.239652 
10027 -3.75414 4.87502 5.25382 0.580027 -0.701436 0.319198 -0.263949 
10028 -3.71829 6.13218 5.22143 0.537552 -0.73081 0.338863 -0.249253 
10033 -4.40506 8.19992 4.84258 0.347208 -0.799594 0.449451 -0.195166 
10022 -2.10239 7.26188 1.15783 -0.106498 0.336971 -0.891985 0.281908 
10026 -3.08189 7.01077 1.00493 -0.102794 0.251708 -0.890901 0.36383 
10030 -3.60707 7.26727 1.12391 -0.276075 0.252801 -0.626234 0.683889 
10042 -3.75374 8.34727 1.26943 -0.293248 0.279971 -0.631241 0.661178 
10043 -3.73684 9.39295 1.24914 -0.287383 0.280013 -0.639223 0.656047 
10045 -3.73609 11.3349 1.25078 -0.291288 0.276446 -0.630439 0.664285 
10053 -3.52256 12.3792 1.03944 -0.255482 0.246526 -0.649146 0.672728 
10054 -3.61081 13.3572 1.12176 -0.2702 0.258378 -0.641005 0.670333 
10052 -2.50412 14.5255 1.14293 -0.235227 0.254146 -0.688485 0.637233 
10062 -3.92427 16.8335 1.51338 -0.293763 0.344587 -0.678511 0.578434 
10063 -3.83025 17.8688 1.4004 -0.276441 0.331342 -0.692684 0.577912 
10066 -3.78621 18.9175 1.35908 -0.267316 0.328424 -0.702599 0.571869 
10070 -3.69318 21.003 1.27679 -0.24956 0.321442 -0.721526 0.560174 
10004 -3.69318 21.003 1.27679 -0.24956 0.321442 -0.721526 0.560174 
10021 -3.81239 20.3123 2.82009 -0.272898 0.122535 -0.390859 0.870483 
10022 -5.274 19.0308 4.94645 -0.634087 0.204487 -0.228884 0.70974 
10020 -4.07474 17.8772 5.25278 -0.67803 0.187649 -0.189559 0.684932 
10005 0.938714 18.7972 3.88174 -0.580473 -0.310078 0.354758 0.664115 
10008 1.56546 21.1084 3.16607 -0.292248 -0.248483 0.598203 0.703563 
10015 1.77482 22.0998 3.39799 -0.326883 -0.280986 0.588192 0.684269 
10016 1.80513 23.0805 3.43947 -0.333784 -0.285144 0.5836 0.683149 
10033 -1.99872 23.6181 1.43885 -0.155861 0.0406929 -0.249318 0.95493 
10031 -2.06624 25.2805 1.84225 -0.156242 0.262241 -0.818078 0.487407 
10038 -1.42773 27.5383 1.63465 -0.0816889 0.227836 -0.913335 0.32747 
10041 -2.236 27.8162 3.46258 0.0276114 0.442502 -0.894603 -0.0558218 
10039 -3.12197 27.9567 5.12576 -0.343172 0.596656 -0.628828 0.361676 
10045 -4.89417 25.5241 2.30597 -0.0389896 0.0477611 -0.77318 0.631183 
10042 -3.92218 24.7114 2.32007 -0.0369305 0.0691966 -0.879499 0.469392 
10030 -5.00639 23.4812 2.321 -0.0542922 0.0579577 -0.727503 0.681493 
10029 -5.66321 21.424 2.70086 -0.241248 0.106847 -0.390605 0.881936 
10025 -3.00483 22.4862 2.32081 -0.05384 0.0581017 -0.731191 0.677559 
10023 -3.1622 22.5339 1.3512 -0.070168 0.080104 -0.747941 0.655168 
10024 -3.03557 23.7355 1.33945 -0.0487541 0.083692 -0.860014 0.500994 
10069 -1.6163 22.0808 0.557806 -0.106667 0.185464 -0.846783 0.487015 
10002 -1.6163 22.0808 0.557806 -0.106667 0.185464 -0.846783 0.487015 
10000 -1.79883 21.0747 0.636221 -0.128103 0.205994 -0.823825 0.512316 
10065 -1.6536 20.0107 0.557579 -0.11244 0.181917 -0.830952 0.513597 
10061 -1.63047 17.9658 0.539361 -0.110795 0.174427 -0.825889 0.524601 
10059 -0.857877 17.6123 0.827885 -0.0642814 0.103811 -0.843841 0.522517 
10050 -1.02986 14.5604 0.872339 -0.107933 0.134452 -0.76814 0.616631 
10047 -1.04231 13.4867 0.872951 -0.117893 0.126617 -0.720835 0.671168 
10039 -1.05271 11.4585 0.876308 -0.123608 0.125583 -0.701536 0.690505 
10035 -1.05162 9.43279 0.875988 -0.126455 0.122279 -0.684297 0.707668 
10021 -1.04884 7.44258 0.874879 -0.124552 0.122721 -0.691039 0.70135 
10020 -0.953702 6.48364 0.843922 -0.0965737 0.104537 -0.727053 0.671669 
10019 -1.83788 5.81629 0.860946 -0.0548664 0.151389 -0.927892 0.336286 
10032 -0.732783 5.13908 0.903136 -0.2459 -0.207034 0.60988 0.724373 
10016 -0.675888 4.64593 0.802917 -0.0252432 0.0771284 -0.947258 0.310026 
10007 -1.79375 3.50066 0.80696 -0.0567032 0.0686912 -0.768126 0.634073 
10004 -0.637961 2.4077 0.787481 -0.0314585 0.0212398 -0.559166 0.828187 
10013 -0.981308 1.08281 0.741689 -0.216837 -0.171474 0.596111 0.75381 
10000 -0.631844 0.3924 0.787575 -0.033258 0.0191309 -0.498252 0.866183 
10077 -0.639625 -0.604793 0.788007 -0.0343063 0.0209542 -0.520833 0.852712 
10012 -1.31724 0.0835357 0.564909 -0.17396 -0.129214 0.582115 0.783699 
10079 -1.87674 -0.586278 0.82367 -0.0863931 0.077718 -0.664264 0.73841 
10009 -2.73523 1.26048 0.809095 -0.0852996 0.0370062 -0.396273 0.913412 
10008 -2.6967 0.236357 0.807601 -0.0854652 0.029036 -0.320369 0.942983 
10083 -2.92142 -0.683622 0.840673 -0.112715 0.0804174 -0.575198 0.806211 
10082 -3.07386 -1.66648 0.889166 -0.146255 0.118089 -0.61701 0.764174 
10073 -0.655521 -2.60295 0.789165 -0.0373904 0.0245774 -0.54873 0.834801 
10059 -0.65712 -4.60628 0.789419 -0.0383943 0.0247551 -0.541323 0.839573 
10080 -3.09154 -3.63229 0.893708 -0.145309 0.125438 -0.6413 0.74289 
10084 -3.70662 -3.76296 0.530744 -0.155942 0.130178 -0.627482 0.751666 
10064 -3.05514 -4.61326 0.87862 -0.133523 0.118287 -0.652475 0.736516 
10063 -3.2222 -5.60572 0.952341 -0.174575 0.16099 -0.658531 0.714103 
10057 -1.9183 -6.68446 0.839914 -0.112145 0.0796367 -0.573484 0.807587 
10055 -0.642757 -6.71994 0.796932 -0.0649749 0.019222 -0.283032 0.956714 
10054 -0.798968 -7.26649 0.834469 -0.0482039 0.121572 -0.921609 0.365423 
10051 -2.05295 -8.55346 0.697049 -0.185942 0.185492 -0.681455 0.683109 
10065 -1.22902 -9.39357 1.02148 -0.345085 0.0630145 -0.16822 0.921221 
10043 -0.926389 -10.554 0.835827 -0.0941906 0.0931894 -0.697118 0.704607 
10042 -0.938773 -11.5531 0.839253 -0.0970911 0.0962882 -0.69755 0.703367 
10038 -2.05815 -13.5527 0.700114 -0.186583 0.186224 -0.681439 0.68275 
10031 -0.926648 -14.5537 0.835897 -0.0942214 0.093283 -0.697348 0.704363 
10030 -0.929539 -15.5523 0.836684 -0.0947497 0.0941508 -0.698545 0.702989 
10019 -0.92051 -18.562 0.834285 -0.0937553 0.0908412 -0.689902 0.712034 
10018 -0.930013 -19.5227 0.837065 -0.0915124 0.097951 -0.72412 0.676522 
10022 -1.79574 -19.4286 0.564829 -0.145708 0.160356 -0.722521 0.65652 
10008 -0.935285 -23.573 0.838459 -0.0987289 0.0931988 -0.680091 0.720446 
10000 -0.678193 -24.8358 0.972037 -0.0252268 0.249646 -0.963104 0.0973218 
