0 9.15815 -3.49328 1.63445 -0.283736 -0.0855363 0.275669 0.914431 4608 4621 4622 4625 4629 4638 5160 5172 4540 4416 5448 4425 4426 4556 4557 4558 4559 4561 5463 4448 4587 4589 4603 4605 4606 4607
1 8.84115 -1.7992 1.32294 -0.0899838 -0.0429827 0.428874 0.897843 4608 4613 4614 4615 4616 4621 4622 4625 4627 4628 4629 4630 4638 4645 5159 5162 5163 5438 5439 5440 4557 4558 5455 4568 4569 4448 4582 4587 4588 4589 4590 4595 4596 4597 4598 4603 4605 4606 4607
15 8.7905 1.15698 2.32168 -0.0918122 -0.0346477 0.351367 0.931081 5448 5450 5463
17 9.81775 0.143415 2.32754 -0.0980282 -0.0385374 0.363834 0.925489 5440 5441 5512 5455 5456 5457 5458 5503 4628 4630 5467 5502 5439
10 10.6136 -0.45622 2.287 -0.0108352 -0.0290223 0.936389 0.349593 4640 4641 5508 4645 4647 4649 4651 5502 4653 4655 5520 4625 5524 4629 4630 4638 5503
28 10.8203 1.16171 2.32513 -0.0946582 -0.039148 0.380167 0.919228 5504 5536 5538 5537 5512 5513 5514 5515 5522 5532 5551 5458 5491 5528 5529 5466 5467 5468 5503
19 9.82818 1.14382 2.32903 -0.0992894 -0.0401025 0.372349 0.921895 5536 5512 5513 5514 5456 5458 5491 5463 5465 5467 5468
23 9.79635 2.17784 2.31945 -0.0882877 -0.0357579 0.373687 0.922651 5536 5537 5538 5544 5500 5487 5489 5491 5492 5468
21 8.68955 2.80544 1.39648 -0.167115 -0.020069 0.117534 0.978701 5473 5475 5477 5190 5479 5192 5481 5194 5483 5196 5485 5489 5544 5545 5496 5498 5537 5567
20 8.81784 2.15394 1.32593 -0.0958991 -0.0386783 0.37204 0.922439 5536 5537 5190 5448 5170 5174 5450 5182 5439 5186 5188 5446 5447 5192 5194 5196 5465 5473 5475 5477 5479 5481 5483 5485 5487 5489 5496 5498
35 10.813 3.15668 2.32482 -0.0947213 -0.0379909 0.370312 0.923284 5537 5539 5544 5545 5546 5547 5559 5560 5561 5499 5500 5501
37 11.8167 2.20318 2.31893 -0.0860559 -0.0392226 0.412875 0.905864 5600 5537 5538 5539 5601 5546 5515 5580 5551 5552 5553 5554 5559 5528 5561 5532 5534
48 12.8273 3.18174 2.32332 -0.0916543 -0.0405048 0.402183 0.910059 5568 5601 5602 5675 5610 5611 5612 5613 5629 5680 5681 5554 5620 5677 5561 5562 5628 5626 5631
42 12.7939 1.2506 2.3104 -0.0739738 -0.0365951 0.441899 0.89326 5636 5522 5524 5526 5529 5531 5532 5534 5553 5570 5572 5574 5576 5578 5580 5582 5584 5588 5592 5594 5596 5598 5600 5606 5618 5620 5622
43 13.1813 1.35833 2.53614 0.0461315 -0.24722 0.951438 -0.177539 5570 5572 5574 5576 5578 5634 5582 4655 5586 5588 5590 5592 5594 5596 5598
49 13.8 2.25665 2.31061 -0.0737796 -0.0376875 0.453336 0.887481 5634 5636 5645 5647 5649 5651 5653 5655 5657 5663 5681 5580 5582 5584 5590 5592 5594 5596 5598 5600 5602 5603 5606 5612 5618 5620 5622 5624 5626 5628 5629 5631
52 15.5004 1.83486 2.32075 0.00402019 -0.0968636 0.994433 -0.0412725 5665 5634 5636 5666 5638 5640 5642 5644 5645 5649 5651 6137 6138 6139 6140 5661 5663
61 15.7928 4.19411 2.31679 -0.0845667 -0.0354372 0.384855 0.918411 6144 5655 6169 6171 6175 6178 5667 5657 5669 6182 5671 5673 5683 5685 5686 5688 5690 5692 5694 5696 5698 6179 5659 6141 6142
65 16.6209 2.49381 3.28559 -0.0130378 -0.0209501 0.848759 0.528204 5664 5665 5666 6147 6144 6145 5644 6137 6138 6139 6140 6141 6143
68 17.7084 3.40395 3.29145 -0.036065 -0.027808 0.609983 0.791105 6144 6145 6146 6147 6148 6149 6150 6186 6178 6159 6160 6180 6138 6140 6173 6174 6143
77 17.7808 4.22741 3.31119 -0.0764426 -0.0341184 0.406143 0.909967 6144 6177 6178 6179 6148 6149 6150 6183 6184 6186 6187 6180 6182 6173 6174 6181
71 18.5619 3.68678 3.29742 -0.00370334 -0.0595878 0.996294 0.061919 6146 6180 6149 6150 6186 6188 6194 6159 6160 6161 6162 6163
84 19.7727 4.19783 3.31376 -0.0812076 -0.0324755 0.369894 0.924948 6163 6188 6189 6192 6194 6195 6196
72 19.2955 4.16424 3.43004 0.0305709 -0.189172 0.968898 -0.156577 6161 6162 6163 6188 6194
82 18.8227 4.16502 3.325 -0.0943202 -0.0395612 0.384761 0.917332 6192 6194 6180 6181 6150 6183 6186 6187 6188 6189 6190 6191 6160 6161 6162 6195
83 18.819 5.14322 3.32775 -0.0982295 -0.0387234 0.364696 0.925121 6183 6184 6187 6189 6190 6191 6192 6193 6196 6197
