0 0.726785 -24.5979 0.534997 -0.0252268 -0.249646 0.963104 0.0973218 0 1 2 4 5 10 14 23 25 3144 3145 3146 3147 3148 3149 3152 3155 3157 3169 3171 3179 3181 3187 3189
8 0.800996 -23.5653 1.32003 -0.0987289 -0.0931988 0.680091 0.720446 3187 3219 5 3272 3147 77 78 3149 3218 83 84 3189 3222 3220 3263 3261 3221
9 1.55527 -23.567 1.56459 -0.189134 -0.185973 0.676009 0.687499 3265 3266 3263 3272 3276 3149 3277 3220 3221 3195 3261 3189
5 2.14538 -25.4512 2.5178 -0.479185 -0.281142 0.420758 0.71715 97 3145 3148 3181 3149 3187 3224 3195
6 3.3828 -26.0699 2.7304 -0.479437 -0.36325 0.482437 0.636745 3212 3220 3221 3224 3261 3262 3265 3144 3145 3148 3149 3155 3156 3157 86 3163 3165 3166 97 100 3179 3180 3181 3182 3183 3184 3185 3186 3187 3188 3189 3190 3191 3192 3193 3194 3195 3196
11 3.40247 -24.1295 2.87473 -0.507797 -0.374214 0.460334 0.624659 3213 3220 3221 3224 3225 3226 3227 3238 3242 3248 3249 3250 3251 3261 3263 3265 3266 3268 3269 3270 3271 3272 3276 3274 3148 3149 3278 3277 3279 3187 3188 3189 3190 3191 3192 3195 3196
7 3.26421 -24.9036 2.34736 -0.399563 -0.326189 0.541778 0.663647 3220 3221 3224 3225 3226 3227 3261 3263 3265 3266 3144 3145 3148 3149 79 81 3179 3180 3181 3182 3183 3185 3186 3187 3188 3189 3190 3191 3195
4 1.65918 -26.0387 1.70475 -0.271431 -0.178106 0.518897 0.79079 3168 3169 3171 3187 3144 3145 3146 3179 3148 3181 3152 3176 3154 3155 3157 3177 3195 3166 3167
1 0.766919 -24.5928 1.312 -0.0922605 -0.0768597 0.635435 0.76276 1 3179 4 5 3169 3145 3146 3147 3148 77 78 3149 3261 3218 3187 3220 3189 3181
10 1.34456 -22.3468 1.46679 -0.13186 -0.16888 0.769895 0.601128 3265 3266 3272 3274 3276 3277 3317 3319 3224 3321 3226 3263
13 1.29924 -21.3782 1.44399 -0.125358 -0.156501 0.764636 0.612474 3329 3331 3274 3276 3277 3250 3317 3319 3321 3322 3327
17 0.797481 -19.5317 1.3191 -0.0915124 -0.097951 0.72412 0.676522 3329 3395 229 230 3393 233 3403 3379 3373 3374 3375 3376 3377 3405 115 116 3254 3256
18 0.791146 -18.5579 1.31724 -0.0937553 -0.0908412 0.689902 0.712034 3393 3395 230 233 234 3403 237 3374 3405 3376 3377 3378 3379 3380 3381 3383 3453 3455
25 1.54162 -17.5557 1.55646 -0.185378 -0.184285 0.680501 0.684538 3457 3458 3463 3467 3468 3405 3407 3408 3380 3382 3383 3384 3387 3453 3455
26 1.54317 -16.5555 1.55737 -0.18566 -0.184618 0.680517 0.684355 3457 3458 3463 3465 3530 3467 3468 3534 3535 3511 3384 3386 3387 3388 3455
34 1.54723 -14.5564 1.55976 -0.186547 -0.185338 0.679999 0.684435 3590 3594 3595 3532 3534 3535 3544 3540 3542 3512 3545 3514 3515 3516 3519
31 0.795028 -13.5515 1.31826 -0.0939881 -0.0933597 0.69852 0.703221 416 417 420 3590 3521 3592 3540 3517 3600 3602 3520 3542 3524 3514 3516 413 3518 3519
37 1.54958 -13.5517 1.56113 -0.186583 -0.186224 0.681439 0.68275 3520 3524 3590 3592 3594 3595 3600 3604 3605 3542 3544 3545 3516 3517 3518 3519
30 0.795238 -14.5524 1.31832 -0.0942214 -0.093283 0.697348 0.704363 416 3542 3590 3592 3516 3530 3532 3517 3540 3510 3513 3512 409 3514 3515 412 413 3519
33 1.54252 -15.5565 1.55699 -0.185629 -0.184391 0.680187 0.684754 3465 3530 3467 3468 3534 3535 3532 3544 3540 3510 3511 3512 3545 3515 3388
20 0.798516 -16.5531 1.31922 -0.0955471 -0.0943443 0.696251 0.705127 3463 3465 3530 3532 238 241 242 3455 3509 3382 3511 408 3385 3386 3387 3388 3453 3384
19 0.795262 -17.552 1.31832 -0.0941638 -0.0933564 0.697839 0.703874 3463 3465 234 3403 237 238 3405 241 3378 3380 3381 3382 3383 3384 3385 3387 3453 3455
22 1.37071 -18.5484 1.46732 -0.151605 -0.151845 0.691183 0.690091 3408 3458 3395 3397 3398 3457 3403 3405 3374 3407 3376 3377 3378 3379 3380 3383 3453
14 1.16314 -20.2862 1.4036 -0.0961813 -0.144428 0.8197 0.545877 3329 3331 3332 3397 3393 3319 3373 3247 3395 3253 3254 3255 3256 3321 3322 3375 3327
21 1.37464 -19.469 1.47094 -0.145708 -0.160356 0.722521 0.65652 3329 3331 3332 3397 3398 3393 3395 3403 3405 3374 3375 3376 3377 3379 3408 3254 3256 3407
12 1.19657 -21.1969 1.84895 0.0456443 -0.373317 0.919731 -0.112453 3321 3274 3276 3317 3319
16 2.96861 -20.3803 1.90162 -0.261245 -0.293884 0.687187 0.610867 3328 3329 3330 3331 3332 3227 3375 3376 3249 3251 3255 3256 3393 3394 3395 3397 3398 3317 3318 3319 3320 3321 3322 3327
23 3.00919 -19.4546 1.93776 -0.276703 -0.295105 0.66713 0.625529 3329 3330 3331 3332 3375 3376 3379 3380 3255 3256 3393 3394 3395 3397 3398 3403 3404 3405 3406 3407 3408 3251 3319 3320 3454 3327
24 2.97433 -18.4952 1.89827 -0.27199 -0.282488 0.662666 0.63804 3456 3457 3330 3464 3458 3375 3376 3379 3380 3383 3384 3393 3394 3395 3396 3397 3398 3403 3404 3405 3407 3408 3256 3453 3454 3455
27 3.02207 -17.5127 1.94916 -0.284915 -0.292102 0.653551 0.637472 3457 3458 3463 3465 3466 3467 3468 3376 3379 3380 3383 3384 3387 3388 3531 3403 3404 3405 3407 3408 3453 3455
28 2.94334 -16.4672 1.86807 -0.262375 -0.278185 0.672187 0.633985 3456 3457 3458 3463 3464 3465 3466 3467 3468 3380 3511 3512 3387 3388 3531 3530 3383 3532 3405 3406 3533 3384 3534 3535 3541 3453 3454 3455
36 2.99205 -14.5073 1.91653 -0.277249 -0.285441 0.658088 0.6392 3590 3591 3592 3593 3466 3595 3601 3511 3512 3515 3388 3594 3519 3520 3530 3531 3532 3534 3535 3540 3541 3542 3544 3545 3516
39 3.01015 -13.4771 1.93742 -0.278868 -0.292911 0.662381 0.630624 3590 3591 3592 3594 3595 3600 3601 3602 3603 3604 3605 3512 3515 3516 3519 3520 3524 3525 3532 3533 3667 3540 3542 3543 3544 3545
40 2.98903 -12.4921 1.91387 -0.275173 -0.286283 0.661682 0.636003 3648 3590 3591 3592 3593 3594 3595 3600 3601 3602 3604 3605 3671 3516 3519 3520 3649 3524 3525 3666 3667 3668 3669 3670 3543 3677
47 3.02868 -11.5085 1.9567 -0.286132 -0.294132 0.653659 0.635881 3648 3727 3600 3601 3602 3604 3605 3652 3653 3520 3649 3522 3524 3525 3666 3668 3670 3671 3676 3678 3679 3680 3681
48 2.9602 -10.4709 1.88486 -0.266581 -0.28171 0.669486 0.633532 3726 3727 3728 3729 3602 3603 3737 3653 3648 3649 3652 3525 3656 3657 3666 3667 3668 3669 3670 3671 3676 3677 3678 3679 3680 3681 3730 3731
67 4.3117 -8.444 3.09736 -0.573244 -0.353469 0.387985 0.62922 3841 3858 3859 3860 3861 3736 3738 3740 3741 3742 3743 3744 3745 3870 3871 3772 3774 3903 3872 3910 3873 3660 3661 3795 3796 3925 3926 3928 3929 3930 3931 3932 3942 3822 3823 3902 3831 3832 3924 3834 3835 3836 3837 3838
69 4.21139 -6.60268 3.01401 -0.57559 -0.318448 0.364619 0.659045 3870 3872 3824 3953 4008 3954 3902 3903 3905 3915 3925 3926 3929 3930 3931 3936 3937 3938 3939 3942 3822 3823 3952 3825 3826
70 3.40957 -4.7012 1.49216 -0.174843 -0.147244 0.627103 0.744642 3936 4128 3938 4006 3946 3947 4141 4143 3952 3825 3826 3827 3957 3960 3955
82 3.31522 -3.6919 1.44822 -0.155942 -0.130178 0.627482 0.751666 4128 4011 4006 4007 4008 4009 3946 3947 4141 4142 4144 3955 3957 3827 4152 4149
63 2.8809 -4.5921 1.3468 -0.133523 -0.118287 0.652475 0.736516 3936 4128 3938 3979 4006 3815 3946 3947 3820 3821 4141 3952 3825 3826 3827 3957 3955 3978
80 2.91408 -2.61289 1.36102 -0.150465 -0.127626 0.63414 0.747622 4011 4150 4007 4008 4009 4010 3979 4012 4142 3982 3983 3984 4019 4021 4149 4173 3996 3997 3999
74 1.80596 -2.59629 1.32243 -0.107062 -0.090393 0.638753 0.756545 3984 3980 3981 3982
83 2.37401 -1.81816 1.30759 -0.0753899 0.0205895 -0.262653 0.96172 4033 4010 4011 4012 4177 4019 4020 4021 4022 4024 4153 4027 3996 4029
81 2.89338 -1.62758 1.35383 -0.146255 -0.118089 0.61701 0.764174 4003 4150 4010 4012 4173 4029 3985 4019 4020 4021 4022 4024 4027 3996 3997 3998
78 1.76197 -0.57411 1.31017 -0.0863931 -0.077718 0.664264 0.73841 4000 4001 4002 4004
75 0.608307 -1.58718 1.28674 -0.0359548 -0.0223629 0.527676 0.84839 3973 1294 3986 3987 3988 3989 3990 3995
77 1.78283 -1.59845 1.31624 -0.0992438 -0.0818107 0.630797 0.765214 3994 3995 3996 3998
84 1.97576 -0.800487 1.37862 -0.129741 0.0838586 -0.536318 0.829758 4002 4034 4020 4022 4024 4025 4027 4029
76 0.603889 -0.586453 1.28639 -0.0343063 -0.0209542 0.520833 0.852712 4001 1298 4659 3989 3990 3991 3992 3993
72 0.614486 -2.58523 1.28716 -0.0373904 -0.0245774 0.54873 0.834801 3969 3970 3971 3972 3973 3981 3986 1278
73 1.82029 -3.59391 1.32651 -0.111713 -0.0958887 0.644222 0.750535 4006 3974 4007 3976 4009 3978 3979 3821
71 0.615129 -3.58636 1.28726 -0.0379352 -0.0247001 0.545084 0.837158 3968 3809 3970 3969 3976 1274 3966 3967
60 1.83227 -4.58737 1.32991 -0.114641 -0.101165 0.653885 0.740984 4006 3815 3816 3818 3820 3821 3826 3827 3978
57 0.614114 -5.596 1.28757 -0.0405902 -0.0236689 0.503177 0.862905 1092 3791 3812 3801 3802 3803 3805 3806
56 1.78967 -6.63957 1.321 -0.112145 -0.0796367 0.573484 0.807587 3810 3814 3785 3789 3822 3823 3792 3794 3796 3797 3798 3799 3800
53 0.710118 -7.36092 1.31737 -0.0482039 -0.121572 0.921609 0.365423 3782 3783 3784 3785 3658 3659 1068 1069 3661 3793 3794 3736 1066 542
64 0.99682 -8.77897 1.77538 -0.345085 -0.0630145 0.16822 0.921221 3659 3660 3661 3793 3829 3738
42 0.795065 -10.5526 1.31827 -0.0941906 -0.0931894 0.697118 0.704607 3649 3650 3651 3652 3653 3654 3656 3666 3726 3728 530 3668 533 534 537 3676 3678 3647
49 1.54634 -9.55229 1.55922 -0.185994 -0.185532 0.681422 0.683117 3680 3681 3653 3654 3655 3656 3657 3660 3726 3728 3730 3731 3736 3740 3741 3678
44 0.79012 -8.55225 1.31694 -0.0923359 -0.0914523 0.697731 0.704473 3660 3782 3738 3655 3784 3657 3658 3659 1068 3661 3726 3728 3793 3736 538 541 542
54 0.605977 -6.66322 1.29234 -0.0649749 -0.019222 0.283032 0.956714 3782 3786 3788 3789 3791 3799
59 1.82843 -5.58131 1.3285 -0.11196 -0.100666 0.660984 0.735141 3810 3812 3814 3815 3820 3824 3825 3826 3800
58 0.615553 -4.58744 1.28733 -0.0383943 -0.0247551 0.541323 0.839573 3808 3809 1096 3818 3966 3805 3806 3807
