0 1.6503 -29.8902 5.79078 0.845334 0.191523 -0.110201 -0.486401 3201 3203 8 9 3210 3212 3214 3217 21 3208 60 63 64 71 73 3150 3151 3155 3156 3160 3163 3165 3166 3300 3183 3184 3196 3197 3198
3 4.26158 -26.5351 5.04525 0.648051 0.455022 -0.350945 -0.499822 3201 3203 3210 3212 3213 3214 3216 3217 3261 3265 3268 3269 3150 3151 3155 3156 3160 3163 3164 3165 3166 3296 3299 3300 3303 3304 3179 3180 3181 3182 3183 3184 3185 3186 3187 3188 3189 3190 3191 3192 3195 3196 3198
6 2.20486 -25.9282 7.35751 0.83175 0.392322 -0.167562 -0.355243 3200 3201 3203 3210 3212 3214 3216 3217 19 21 22 160 163 3288 3151 3285 3160 3162 3163 3165 3166 3299 3300 3184 3197 3198
9 4.00212 -25.8239 6.41323 0.708502 0.431706 -0.290484 -0.476733 3201 3203 3210 3212 3213 3214 3216 3217 3311 3356 3359 3292 3294 3288 3268 3269 3271 3156 3160 3163 3164 3165 3166 3299 3300 3301 3303 3304 3182 3183 3184 3185 3186 3188 3191 3192 3196 3198
2 2.11887 -26.9186 6.4301 0.842088 0.385632 -0.156996 -0.342824 3200 3201 3203 3208 9 3210 3212 3214 3217 21 73 3151 3160 3162 3163 3165 3166 3184 3186 3195 3196 3198
5 1.88357 -27.5701 7.04181 0.852164 0.258699 -0.132129 -0.43524 3201 3202 3203 3208 9 3210 3212 3214 3217 19 21 22 3356 3359 160 163 3288 63 71 73 3151 3285 3160 3162 3163 3165 3166 3300 3184 3186 3195 3196 3198
12 1.91067 -24.177 7.87295 0.811639 0.522374 -0.14151 -0.219871 3203 3300 3302 3303 3208 3209 74 3211 3308 3214 3311 3312 3217 3283 3304 3286 3288 3310 3292 3210 3352
14 1.6171 -23.0315 9.0384 0.821142 0.533792 -0.110079 -0.169337 3208 3209 3210 3211 3340 3342 3343 3344 3217 3346 147 3348 3289 3356 158 3359 160 161 163 165 167 168 169 3370 3371 3372 3292 3358 3337 3338 3360 71 72 73 74 203 3283 3285 3286 215 3288 217 3290 219 220 221 3294 223 224 225 226 3300 3302 3303 3304 3308 3310 3311 3312 3368
32 3.64152 -19.6436 8.41456 0.66829 0.639236 -0.262998 -0.274951 3495 3355 3356 3357 3358 3359 3360 3491 3492 3493 3494 3367 3368 3369 3370 3371 3372 3431 3432 3433 3434 3435 3436 3496 3443 3444 3445 3446 3447 3448
25 4.27227 -20.6381 6.50192 0.602401 0.583302 -0.379019 -0.39143 3457 3435 3333 3334 3335 3336 3351 3352 3353 3354 3439 3356 3358 3359 3360 3363 3364 3365 3366 3368 3370 3371 3372 3399 3400 3401 3402 3278 3279 3280 3281 3410 3411 3412 3292 3427 3428 3429 3430 3409 3432 3434 3307 3436 3309 3310 3311 3440 3441 3442 3444 3446 3447 3322 3323 3324 3325 3326
26 3.65246 -20.5989 8.40519 0.660854 0.645712 -0.267336 -0.273605 3436 3355 3356 3357 3358 3359 3360 3491 3367 3368 3369 3370 3371 3372 3287 3288 3292 3294 3298 3302 3431 3432 3433 3434 3435 3308 3310 3311 3312 3443 3444 3445 3446 3447 3448
29 1.54607 -19.5249 9.10661 0.688033 0.705114 -0.122772 -0.119798 3414 3337 3338 3340 3342 3343 3344 3416 3346 276 278 345 3419 3495 3358 287 3360 290 291 292 293 294 295 296 297 3370 3371 3372 3496 3420 3359 3424 331 3492 329 3476 203 339 3413 342 343 344 217 3418 219 220 221 3422 223 224 225 226 3473 3432 3434 3435 3436 3474 3368 3444 3446 3447 3448 3348
34 3.6492 -18.5509 8.40901 0.653739 0.653402 -0.26983 -0.26997 3495 3491 3492 3493 3494 3367 3368 3369 3370 3371 3372 3503 3504 3505 3506 3507 3508 3431 3432 3433 3434 3435 3436 3496 3443 3444 3445 3446 3447 3448
40 3.65269 -17.5674 8.40545 0.65606 0.650616 -0.269319 -0.271572 3491 3492 3493 3494 3495 3496 3503 3504 3505 3506 3507 3508 3572 3573 3431 3432 3433 3434 3435 3436 3571 3568 3569 3570 3443 3444 3445 3446 3447 3448
42 3.625 -16.5913 8.43243 0.661534 0.648525 -0.263602 -0.26889 3584 3585 3491 3492 3493 3494 3495 3496 3503 3504 3505 3506 3507 3508 3572 3573 3571 3568 3569 3570 3443 3444 3445 3446 3447 3448 3581 3582 3583
48 3.6118 -15.5593 8.44558 0.657403 0.654389 -0.263586 -0.2648 3584 3585 3632 3491 3492 3493 3494 3495 3496 3628 3629 3630 3631 3504 3505 3506 3507 3508 3633 3568 3569 3570 3571 3572 3573 3580 3581 3583
46 1.6804 -14.5789 9.05467 0.702244 0.684669 -0.136228 -0.139725 3584 3585 516 518 519 520 521 522 523 524 525 3479 3480 3610 3611 3484 346 3615 3616 3619 3621 3629 3613 3632 3633 3506 3507 3508 3641 3644 3645 454 456 467 468 469 470 471 472 473 474 347 348 349 3550 3551 3553 3555 3556 3557 3559 3561 3569 3571 3572 3573 3631 506 508 3581 3583
62 1.69598 -10.5851 9.0481 0.703562 0.682513 -0.137818 -0.142068 640 641 642 643 644 645 646 3719 3720 3708 1179 3717 3746 3747 3621 3751 3752 1449 1450 3755 3757 4657 4658 3765 3721 3768 3769 3643 3644 3645 574 576 3777 3780 3781 3767 588 590 591 592 593 594 3749 3687 3689 3691 3692 3693 3695 3697 626 3753 3705 3707 636 3709 638 639
64 3.61876 -11.612 8.43799 0.66511 0.645576 -0.261403 -0.269313 3716 3717 3718 3719 3720 3721 4657 3628 3629 3630 3631 3632 3633 4658 3764 3765 3766 3767 3640 3641 3642 3643 3644 3645 3776 3768 3769 3705 3706 3707 3708 3709 3582
66 3.58505 -10.6615 8.46816 0.674951 0.639225 -0.253429 -0.267594 3717 3718 3719 3720 3721 4657 4658 3765 3766 3767 3768 3769 3642 3643 3644 3645 3776 3777 3778 3779 3780 3781 3640 3924 3641 3704 3705 3706 3707 3708 3709
72 3.58936 -9.6676 8.46378 0.67558 0.637988 -0.253725 -0.268675 3716 3717 3718 3719 3720 3721 3862 3863 3864 3865 3866 3867 4658 3765 3766 3767 3768 3769 3777 3778 3779 3780 3781 3924 3930 3931 3932 3704 3705 3706 3707 3708 3709
70 1.6935 -8.54616 9.04936 0.692115 0.69427 -0.139799 -0.139365 640 641 642 643 644 645 646 3719 3720 3721 3850 3851 1164 3853 1166 3845 3863 1176 3844 1178 1179 1180 1181 1182 1183 1184 1185 1186 3747 3749 3865 3751 3752 3753 3755 3757 3765 3866 3767 3768 3769 3849 3777 3779 3780 3781 584 586 3867 3746 591 592 593 594 3875 3930 3847 3942 3943 3879 3692 3693 3697 626 3878 628 639
75 2.71572 -10.771 6.24912 -0.245664 -0.517019 0.74061 0.351905 3643 3717 3705 3707 3708 3709
60 4.52234 -10.6272 4.04994 -0.486347 -0.473917 0.512309 0.525746 3712 3713 3714 3715 3734 3720 3721 3735 3726 3600 3736 3602 3731 3732 3605 3606 3607 3608 3609 3738 3740 3741 3742 3743 3744 3745 3760 3761 3762 3763 3636 3637 3638 3639 3768 3769 3644 3645 3774 3775 3780 3781 3728 3666 3668 3670 3671 3672 3673 3674 3675 3676 3678 3680 3681 3682 3683 3684 3685 3772 3730 3773 3700 3701 3702 3703 3708 3709 3733
43 4.5212 -15.6406 4.04044 -0.486569 -0.472015 0.511881 0.527665 3584 3585 3458 3627 3460 3461 3462 3463 3592 3465 3594 3467 3468 3469 3470 3471 3472 3487 3488 3489 3490 3590 3495 3496 3625 3626 3499 3500 3501 3502 3632 3633 3507 3508 3599 3595 3596 3530 3532 3534 3535 3536 3537 3538 3539 3540 3598 3542 3544 3545 3546 3547 3548 3549 3564 3565 3566 3567 3624 3572 3573 3576 3577 3578 3579 3597 3453 3455
20 4.50567 -20.7341 3.92849 -0.483825 -0.454754 0.512108 0.544846 3329 3331 3332 3333 3334 3335 3336 3436 3352 3408 3351 3224 3353 3226 3354 3359 3360 3363 3364 3365 3366 3243 3372 3248 3400 3250 3251 3453 3402 3393 3395 3397 3398 3399 3272 3401 3274 3403 3277 3405 3280 3281 3410 3411 3412 3407 3435 3371 3427 3428 3429 3430 3409 3307 3308 3309 3310 3439 3440 3441 3442 3447 3317 3319 3448 3321 3322 3323 3324 3325 3326 3327
36 4.5273 -16.6769 4.16272 -0.500142 -0.479359 0.499005 0.520641 3584 3457 3458 3459 3460 3461 3462 3463 3465 3467 3468 3469 3470 3471 3472 3585 3567 3576 3487 3488 3489 3490 3590 3495 3496 3499 3500 3501 3502 3507 3508 3530 3403 3532 3405 3534 3535 3408 3537 3538 3411 3412 3542 3577 3544 3545 3546 3547 3548 3549 3536 3564 3565 3566 3439 3440 3441 3442 3539 3572 3573 3447 3448 3540 3578 3579
19 4.47138 -21.7845 3.72871 -0.469063 -0.433096 0.522133 0.565495 3329 3331 3332 3333 3334 3335 3336 3436 3352 3220 3221 3351 3224 3225 3226 3227 3402 3354 3359 3360 3376 3363 3364 3365 3366 3371 3372 3375 3248 3249 3250 3251 3399 3255 3256 3261 3263 3393 3266 3395 3397 3270 3271 3272 3401 3274 3447 3276 3277 3278 3279 3280 3281 3427 3398 3428 3353 3435 3429 3400 3299 3300 3301 3302 3379 3307 3308 3309 3310 3430 3317 3319 3321 3322 3323 3324 3325 3326 3327
8 4.27193 -26.7415 5.55665 -0.617745 -0.404935 0.369559 0.563777 3201 3203 3210 3212 3213 3214 3216 3217 3356 3288 3261 3265 3268 3150 3151 3155 3156 3160 3163 3164 3165 3166 3296 3300 3303 3304 3179 3180 3181 3182 3183 3184 3185 3186 3187 3188 3189 3190 3191 3192 3195 3196 3198
1 1.941 -28.2424 6.32055 0.861655 0.311635 -0.136229 -0.376665 3201 3203 3208 9 3210 3212 3214 3217 21 60 63 64 71 73 3151 3160 3163 3164 3165 3166 3183 3184 3195 3196 3197 3198
