0 5.13215 -7.61788 5.75414 0.816876 0.279064 -0.163196 -0.477707 4060 3841 3843 4310 4320 4471 4313 4314 3870 4067 3872 3873 4315 3879 3881 3883 3885 3887 4317 3902 3903 3904 3905 3909 3910 3911 3914 3915 3916 3917 4316 3919 3921 3922 3923 3924 3925 3926 4311 3929 3930 3931 3932 4061 4318 3936 3937 3938 3939 4068 3942 3943 4077 3953 3954 4065 3958 3959 4308 3834 3964 4477
1 3.94641 -5.19122 7.18439 0.951292 0.280324 -0.0362655 -0.123068 4480 4459 4486 4487 4332 4497 4498 4499 4314 4130 4131 4132 4133 3932 4138 4139 4140 4338 4145 4146 4147 4148 4318 4315 4477 4460 4154 4155 4156 4157 3904 4164 4470 4517 3914 3915 3916 3917 4468 4307 4316 4181 4182 4311 4312 4313 3930 3931 4060 4317 4062 4457 4320 4321 3940 3941 3942 3943 4201 4458 4199 3948 3949 3950 3951 4336 3954 4467 4340 4469 4342 4137 3962 3963 3964 3965 4478 4479
18 7.16799 -0.0462968 7.21807 -0.306491 0.946158 -0.0990849 0.0320967 4609 4610 4611 4612 5121 4617 4618 4619 4620 4622 4624 4626 5143 4632 5145 4635 4637 5150 5152 5154 4644 5158 5127 5164 5165 5166 5167 5171 5173 5175 5187 5191 5193 4633 5149 4593 5156 4346 4352 5442 5443 5444 5445 5452 5453 5454 5459 5460 5461 5462 5469 5474 5476 5505 4488 4489 4502 4504 4508 4517 4518 4519 4520 4529 4530 4539 4540 4549 4550 4551 4552 4559 4560 4561 4562 4571 4572 4573 4574 4583 4584 4585 4586 5101 4591 4592 5105 4594 4599 4600 4601 4602 5115 4604 5117 5119
2 3.26405 -3.0626 7.23115 -0.248019 0.964271 -0.0901695 0.0231924 4480 4486 4487 4488 4332 4497 4312 4498 4499 4500 4334 4504 4468 4508 4549 4489 4130 4131 4132 4133 4137 4138 4139 4140 4338 4145 4146 4147 4148 4315 4477 4536 4460 4154 4155 4156 4157 4164 4470 4166 4458 4188 4306 4307 4316 4181 4182 4311 4184 4313 4314 3931 3932 4317 4517 4320 4539 3940 3941 3942 3943 4457 4330 4459 3948 3949 3950 3951 4336 3954 4467 4340 4469 4342 4344 3962 3963 3964 3965 4478 4479
28 6.22484 0.867895 7.23798 -0.310898 0.946473 -0.0824439 0.0270812 4609 4610 5123 4612 5125 5127 5129 4618 4619 4620 5133 4623 5136 5138 4611 5141 4631 4632 4633 4636 4637 5150 5152 5154 5156 5158 5164 5165 5166 5167 5169 5171 5173 4617 5177 5179 5130 5183 5187 5189 5191 5132 5195 5197 5135 4188 4190 5143 5145 5149 5121 4593 4885 4887 4889 4891 4892 4893 4895 5442 5443 5444 5445 5447 5175 5452 5453 5454 5459 5460 5461 5462 5469 5474 5476 5478 5181 5505 4487 4488 4489 4499 4500 4502 4504 4506 4591 4508 4517 4518 4519 4520 4524 4529 4530 5193 4550 4551 4552 4560 4600 4562 4571 4572 4573 4574 4583 4584 4585 4586 5101 5103 4592 5105 4594 5107 5109 4599 5112 4601 4602 5115 4604 5117 5119
42 11.0432 4.02999 7.18567 -0.340497 0.931565 -0.119721 0.0437592 5632 5505 5507 5683 5510 5511 5676 5516 5517 5518 5519 5614 5527 5656 5530 5531 5533 5535 5540 5541 5542 5543 5545 5548 5549 5550 5679 5680 5681 5682 5555 5556 5557 5558 5628 5563 5564 5565 5566 5567 5569 5678 5623 5581 5583 5585 5599 5625 5593 5595 5471 5472 5627 5604 5605 5607 5480 5609 5482 5621 5484 5486 5615 5616 5617 5619 5493 5494 5495 5497 5499 5500 5501 5630 5631
75 16.1223 4.77472 7.23722 -0.433951 0.896677 -0.0787596 0.0381161 6144 6151 6152 6153 6154 6155 6156 6157 6158 6165 5656 5658 6191 5660 6170 6174 5664 5665 5666 6179 5668 6181 5670 6183 5672 6172 5674 6190 6173 6192 6193 5682 5684 6198 5687 6200 5689 6202 5691 5693 5695 5697 5699 6177 6199 6178 6176 6182 6184 6185 6137 6138 6141 6142
71 18.1269 3.69766 7.24531 -0.487892 0.869284 -0.0692566 0.0388708 6151 6152 6153 6154 6155 6156 6157 6158 6164 6165 6166 6167 6168 6173 6178 6179 6181 6182 6183 6184 6185 6191 6198 6199 6200 6201 6202 6203 6204 6142
66 17.7232 1.67069 7.17382 0.983722 0.118606 -0.0161587 -0.134021 6151 6152 6153 6154 6155 5644 6157 6158 6164 6165 6166 6167 6168 5658 5660 6170 5662 5664 5665 5666 5668 5670 5672 6185 5674 6173 5687 5689 5691 5695 5697 6156 6137 6139
46 14.0591 -0.911921 6.90368 0.951438 0.177539 -0.0461315 -0.24722 5633 5635 5637 5639 5641 5643 5521 5525 5527 5533 5535 4649 4652 4654 4656 5571 5573 5575 5577 5579 5581 5583 5585 5587 5589 5591 5593 5595 5597 5599
52 15.4827 -2.39524 4.30098 -0.700015 -0.113797 0.113123 0.695868 5633 6145 5638 5639 6153 5642 6151 5644 4655 4656 5586 5587 5590 5591 6137 6139
24 11.8702 -4.21567 4.60484 -0.724025 -0.171468 0.15397 0.650138 4608 4621 4622 4624 4625 4626 4629 4638 4639 4640 4645 4646 4649 4650 4653 4654 4655 4656 5574 5575 4424 4445 4446 4447 4448 4449 4603 4604 4607
19 9.41442 -4.43315 6.44533 0.905405 0.201503 -0.0811789 -0.364758 4352 4609 4611 4622 4624 4625 4626 4638 4639 4532 4536 4540 4426 4414 4416 4551 4552 4553 4554 4559 4560 4561 4562 4591 4593 4343 4344 4604 4349 4350 4351
5 5.55166 -6.34042 6.46369 0.898277 0.237742 -0.0945552 -0.357263 4459 4338 4471 4313 4321 4314 4132 4316 3883 3885 3887 4145 4147 4532 4318 4534 4536 4538 4319 4540 4317 4039 4041 3914 4043 3916 3917 3923 4474 4311 4312 3929 3930 4315 4060 4061 4062 4063 4320 3937 4539 3942 3943 4072 4073 4074 4075 4332 4477 4336 3954 4340 4342 4457 4344 3962 3963 3964 3965 4478 4479
22 10.0217 -2.74715 6.98999 0.956977 0.187971 -0.0426044 -0.216903 4352 4609 4610 4611 4612 5509 4617 4618 4622 4624 5164 4626 4632 4635 4637 5150 4639 4642 4644 4646 4648 4650 4652 5166 5167 4554 4414 4416 5442 5444 5445 4552 4553 4426 4559 4560 4561 4562 5459 5460 4573 4574 5521 4591 4592 4593 4594 4599 4600 4601 4602 4604
26 11.9607 -1.6905 7.02457 0.962485 0.174716 -0.0370788 -0.204262 5506 5509 5511 4622 5521 4626 5523 5525 5527 4635 4637 4639 4642 4644 4646 4648 4650 4652 4654 5533 4656 5571 5445 5575 5577 5573 5579 5583 5587 5460 5589 5593 5469 5470 5471
27 13.8052 -3.2287 4.73405 -0.739812 -0.166814 0.143371 0.635843 5633 5638 5574 5575 5639 4649 4650 4651 4653 4654 4655 4656 5586 5587 4629 5590 5591 4638 4639
