0 1.72681 8.47062 9.03507 0.686398 0.698218 -0.145007 -0.142553 5248 5249 2307 2309 2310 2311 5309 2313 2315 2316 2317 5293 5265 5251 5268 5269 5290 5019 5020 5022 5253 5024 5025 5026 5028 5030 5034 5291 5036 5037 5038 5261 5042 5044 5045 5046 5257 5305 5050 5307 5052 5247 5054 5259 5260 2379 2381 2382 2383 2385 2387 2388 2389 2266 5243 5308 5245 5267 2297 5242 2427 2429 2430 2431
11 3.64022 11.4624 8.41788 0.652249 0.656016 -0.269299 -0.267753 5377 5378 5251 5253 5383 5379 5385 5386 5259 5375 5265 5267 5268 5269 5413 5292 5293 5294 5295 5425 5299 5301 5302 5305 5307 5308 5309 5313 5315 5316 5317 5363 5364 5365 5387 5369 5371 5373 5247
88 2.29206 15.5953 8.85258 0.81058 0.323313 -0.180904 -0.453545 5760 5761 5416 5417 5421 5810 2996 5813 5814 2999 5812 5820 3005 6206 6207 3008 6209 6212 2634 6221 3026 6239 5734 5735 5737 5739 5740 5743 5745 6218 5751 5752 5753 5757 2558 5759
13 1.72068 13.4272 9.0377 0.699179 0.68574 -0.141626 -0.144402 2433 5378 2435 2436 2437 5377 5385 5386 5366 5379 5316 5317 5367 5410 5411 2630 5415 5416 5417 5383 5421 5296 5297 5427 5428 5301 5419 5435 5436 5437 5429 5313 2498 5315 2500 2501 2502 2504 2506 2507 2508 5433 5387 5413 5425 5360 5361 5363 2548 5365 2550 2551 2552 5369 2554 5371 2556 2557 2558 5375
89 2.89418 17.2179 8.66281 0.73062 0.442873 -0.269378 -0.444401 5760 5761 6206 5938 5798 5800 5802 5803 5804 5805 5806 5810 5812 5813 5814 5820 5822 5823 6208 6209 6210 6211 6212 6213 6214 6215 6216 6217 6218 6219 6220 6221 6223 3026 5851 6238 6226 5734 5735 5736 5738 5739 5741 5870 5743 5744 5745 5877 5753 6207
23 3.65327 15.5168 8.4039 0.64291 0.663418 -0.274903 -0.266405 5760 5377 5379 5381 5383 5385 5386 5387 5807 5413 5414 5415 5813 6207 5419 5421 5423 5425 5810 5427 5428 5429 5433 5435 5436 5437 6206 5749 5753 5761 5797 5737 5739 5743 5745 5365 5751 5752 5369 5370 5371 5757 5759
49 4.07474 17.8772 5.25278 -0.67803 -0.187649 0.189559 0.684932 6230 6231 5782 5783 5790 5791 5792 5793 5935 5937 5938 5811 5812 5941 5942 5944 5945 5946 5819 5820 5821 5822 5823 6213 6214 6215 6216 6219 5837 6222 6223 6224 6225 5842 5843 6228 6229 5974 5975 6234 6235 5986 5987 6226 5990 5991 5868 5869 5871 5872 6227 6243
20 4.26415 14.5998 6.51412 0.577327 0.609798 -0.394308 -0.373312 5376 5377 5378 5379 5382 5383 5384 5385 5386 5387 5394 5396 5397 5398 5399 5404 5405 5406 5407 5408 5409 5413 5415 5419 5421 5424 5425 5426 5427 5428 5301 5432 5433 5434 5435 5436 5437 5429 5750 5719 5720 5721 5722 5343 5346 5347 5348 5349 5753 5353 5739 5356 5357 5358 5359 5363 5748 5365 5749 5737 5752 5369 5371 5374 5375
51 5.274 19.0308 4.94645 -0.634087 -0.204487 0.228884 0.70974 5974 6231 6000 5935 5936 5937 5938 5942 5944 5945 5946 5833 5836 5837 5838 6223 5840 6225 5842 5843 5844 6222 5846 5975 6234 6230 6240 6224 5986 5987 6226 5990 5991 5864 5866 5868 5869 5871 5872 6001 5874 6227 5876 6228 6229
32 4.25638 18.8105 6.48741 0.551735 0.629521 -0.411423 -0.360587 5760 5761 6206 5777 5780 5781 5782 5783 5871 5790 5791 5792 5793 5798 5800 5802 5804 5421 5809 5810 5811 5812 5813 5814 5819 5820 5437 5822 5823 6208 6209 6210 6211 6213 6214 6215 6216 5837 6222 6223 6224 6225 5842 5719 5721 5722 5852 5854 5728 5821 5730 5731 5732 5733 5737 5739 5868 5869 5743 5745 5749 5750 5751 5752 5753 6207 5756 5757 5758 5759
63 1.60812 22.3247 7.39888 0.923229 0.0164361 -0.00683344 -0.383839 6060 6062 5911 6040 6041 6042 6044 5919 5920 5921 5922 5926 5928 5930 5932 5934 6069 5957 5961 5963 5965 5967 5969 5981 6056
36 2.03132 20.7197 7.86786 0.618906 0.740094 -0.201821 -0.168773 5906 5910 5924 5927 5928 5801 5802 5803 5804 5805 5806 5938 5939 5812 5820 5822 5823 6213 6215 6222 6224 6230 5851 5852 5853 5854 5855 5856 5859 5860 5861 5862 5863 5864 5869 5870 5871 5872 5874 5876 5877 5878
55 3.06816 23.2698 8.24152 0.822419 -0.562749 0.047042 -0.0687486 6060 6091 6083 6062 6105 6042 6044 6046 6085 6056 6058 6087 5932 6066 5934 6064 5938 5941 6071 5944 6073 5946 6075 6077 6078 6069 6080 6081 6097 5955 5957 5959 5961 6093 5963 6092 5965 6094 5967 6096 5969 6089 5971 6100 5973 5975 6104 5977 5979 5981 5983 6098 5985 5987 5989 5991 5993 5995 5997 5999 6001 6003 6004 6005 6006 6099 6101
108 3.52801 23.5988 9.21726 -0.482076 -0.506576 0.517829 0.492785 6224 6225 6228 6229 6230 6231 6232 6233 6234 6235 6236 6237 6240 6241 6242 6243 6244 6245 6246 6247 6248 6249 6250 6251 6252 6253 6254 6255 6256 6257 6258 6259 6260 6261 6262 6263 6264 6265 6266 6267 6268 6269 6270 6271 6272 6273 6274 6275 6276 6277 6278 6279 6280 6281 6282 6283 6284 6285 6286 6287 6288 6289 6290 6291 6292 6293 6295 6298 6299 6300 6301 6302 6303 6304 6305 6306 6307 6308 6309 6310 6311 6312 6313 6314 6315 6316 6317 6318 6319 6320 6321 6322 6323 6325 6326 6327 6328 6329 6332 6333 6334 6335 5854 5860
57 4.05844 23.4192 8.24532 0.727503 -0.681493 0.0542923 -0.0579577 6103 6119 6118 6087 6060 6062 6066 6069 6071 5944 6073 5946 6075 6077 6080 6097 6083 6085 5959 5961 6091 6092 6093 6094 5967 6096 5969 6089 5971 6100 5973 6102 5975 5977 5979 6108 5981 5983 6098 5985 5987 5989 6111 5991 5993 5995 5997 5999 6001 6003 6004 6005 6006 6115 6099 6101
46 3.33308 23.7578 7.31355 0.546997 0.610349 -0.426672 -0.382385 6038 6024 6039 6028 6029 6030 6031 6300 5907 6036 5909 5910 5911 5914 6299 5916 6298 5918 5920 5921 5922 5923 5924 5926 6044 5932 5934 6301 6259 6046 6260 6304 5955 5957 6049 5963 5965 6302 6224 6230 6231 6232 6233 6234 6236 5854 5860 5862 5863 5864 6306 6251 6252 6253 6254 6255 6257 5875 5876 6261 6262 6263 6265
56 3.40163 23.4764 7.86546 -0.390605 0.881936 -0.241248 0.106847 6085 6087 5944 6073 5946 6083 5957 5959 5961 5967 6096 6098 5971 5973 5975 5977 5979 5981 5983 5985 5987 5989 5991 5993 5995 5997 5999 6001 6003 6004 6005 6006
45 2.86997 23.8199 7.12685 0.5836 0.683149 -0.333784 -0.285144 6023 6024 6039 6028 6029 6030 6031 6300 5907 6036 5909 5910 5911 5913 5914 5915 5916 6042 5918 5920 5921 5922 5924 5926 6056 6044 6058 5932 5934 6046 5957 5963 5965 6298 6232 5860 5862 5864 6251 6253 6259 6261 6037
64 2.02193 22.8143 6.62935 -0.847512 -0.0780273 0.0481321 0.522798 6024 6300 5965 5934 5969 6042 5916
67 2.82883 23.0843 7.10374 0.894603 0.0558217 -0.0276114 -0.442502 5985 6085 6023 6056 6058 6060 5965 5934 5969 6069 6071 6073 6042 6075 6044 5981
38 2.6303 21.7921 7.40024 0.598203 0.703563 -0.292248 -0.248483 6253 5905 5907 5909 5910 5911 5914 5921 5924 5926 5927 5928 5804 5938 5939 5941 5955 5957 6215 6222 6224 6230 6232 5852 5854 5857 5858 5860 5862 5863 5864 6251 5869 5870 5872 5874 5876 5877 5878
69 3.86594 22.8816 6.79676 0.865526 0.0559577 -0.0321119 -0.496691 5985 6083 6054 6087 5995 6060 5999 5969 6069 6038 6073 5981
40 3.58498 21.5751 7.15976 0.459434 0.775686 -0.3723 -0.220511 5910 5796 5800 5802 6215 5804 5938 5939 5941 5942 5944 5821 5822 5823 6208 6210 5955 6213 5959 6222 6224 6230 6232 5924 5852 5854 5860 5862 5863 5864 5865 5866 5868 5869 5870 5871 5872 5874 5876 5877 6207
