0 3.97313 -7.3101 5.85313 0.702921 0.517265 -0.289354 -0.393208 3841 3842 3843 3905 3858 3859 3860 3861 3866 3867 3740 3741 3870 3871 3744 3745 3878 3879 3881 3882 3883 3774 3903 3904 3872 3910 3873 3914 3911 3924 3930 3931 3932 3940 3941 3942 3943 3902 3832 3834 3835 3836 3837 3838
17 2.67194 -4.30327 7.26976 0.254396 0.965945 -0.0457028 -0.0120365 4459 4460 4313 4130 4131 4132 4133 4137 4138 4139 4140 4145 4146 4147 4148 4477 4154 4155 4156 4164 3918 3922 3923 4316 4311 4312 4068 4314 3931 3932 4317 4318 4320 3940 3941 3942 3943 4201 4458 4199 3948 3949 3950 3951 4337 3954 4467 4457 3962 3963 3964 3965 4478 4479
10 1.68885 -4.55717 9.0513 0.695523 0.691089 -0.138557 -0.139446 4049 4139 3910 3850 3851 3855 3907 3909 1176 1178 1183 1184 1185 1186 4132 3877 3878 3879 3911 4140 3888 3889 3891 1204 3893 1206 3895 3897 3899 4166 4051 4169 1219 1220 1221 1222 1223 1224 1225 1226 4046 3919 3921 3922 3894 4052 4053 4055 3930 4047 4133 4069 4065 4067 4068 3942 1382 3943 1384 4077 3950 3951 4080 4081 1394 3923 1396 1397 1398 1399 1400 1402 1404 1405 1406
35 3.21048 -2.18683 7.1829 0.509542 0.850681 -0.110895 -0.0664238 4459 4871 4105 4107 4112 4312 4498 4885 4887 4889 4130 4131 4132 4133 4137 4138 4139 4140 4145 4146 4147 4148 4873 4460 4154 4155 4156 4157 4163 4164 4165 4166 4169 4170 4171 4172 4176 4497 4180 4181 4182 4184 4186 4188 4190 4063 3941 3942 3943 4457 4458 4075 3948 3949 3950 3951 4080 4081 3954 4467 4468 4469 4470 3962 3963 3964 3965 4478
44 4.26675 1.5355 6.51448 0.584482 0.602993 -0.389851 -0.377883 4864 4865 4867 4868 4871 4873 4874 4875 4855 4880 4838 4882 4883 4116 4117 4118 4119 4121 4123 4125 4902 4903 4905 4907 4856 4785 4786 4787 4788 4790 4791 4792 4793 4854 4810 4803 4805 4808 4809 4170 4171 4172 4813 4815 4816 4817 4884 4820 4821 4822 4823 4826 4827 4830 4831 4832 4833 4836 4837 4811 4839 4860 4843 4845 4849 4851 4086 4087 4088 4089 4857 4863
66 4.27158 6.61473 6.49556 0.574447 0.609982 -0.397362 -0.374214 4993 4994 4995 4996 4997 4998 5256 5257 5002 5260 5005 5006 5007 5008 5012 5230 5014 5015 5016 5017 5018 5022 5024 5028 5030 5033 5034 5035 5036 5037 5038 5261 5041 5042 5043 5044 5045 5046 5048 5050 5052 5258 5054 5057 5058 5245 4958 4960 4961 4962 4963 4964 4967 4968 4969 4970 5228 5229 4974 5231 4976 4851 4980 4982 4985 4986 4987 4988 4989 4990 5247
69 3.63127 7.4607 8.42668 0.65306 0.656328 -0.267823 -0.26649 4994 5251 4996 4997 4998 5255 5257 5259 5260 5261 5293 5265 5267 5268 5269 5021 5022 5023 5024 5028 5030 5031 5034 5036 5037 5038 5042 5044 5045 5046 5048 5305 5050 5052 5054 5055 5056 5057 5058 5253 4976 4980 4982 4988 5245 5246 5247
65 1.74191 7.4469 9.02854 0.692891 0.690988 -0.145464 -0.145865 5248 5249 4994 2307 4996 2309 2310 2311 2313 2315 2316 2317 5265 5251 5268 5269 5019 5020 5022 4997 5024 5025 5026 5028 4998 5030 5034 4907 5036 5037 5038 5261 5042 5044 5045 5046 5257 5048 5050 5052 5247 5054 5259 5260 2379 2381 2254 2383 2256 2385 2387 2388 2382 2264 2266 2267 2268 5243 4977 4978 5267 4982 5242 2427 5245 2389
67 3.64284 6.45079 8.41532 0.653885 0.65406 -0.268959 -0.268887 4866 5251 4996 4997 4998 5257 5259 5260 4994 5265 5022 5024 5028 5029 5030 4905 5034 4907 5036 5037 5038 5040 5042 4979 5044 5045 5046 5048 5050 5052 5054 5055 5056 5057 5058 5261 4974 5245 4976 4851 4980 4982 4986 5247 4988 4989 4990 4991
63 3.64504 5.44477 8.41313 0.654677 0.652988 -0.268915 -0.26961 4864 4866 4867 4868 4997 4998 5257 4994 4973 4996 5022 5023 5024 4900 4901 4902 4903 5032 4905 5034 4907 5036 5037 5038 5042 5044 5045 5046 5048 5050 5052 5054 5055 5056 5057 5058 5028 5030 4845 4974 5245 4976 4849 4851 4980 4982 4983 4857 4986 4988 4989 4990
40 1.6949 0.492058 9.04846 0.680562 0.705492 -0.142344 -0.137314 4096 4097 4826 4099 4101 4801 4873 4843 4111 1424 4113 1426 4803 4885 4887 4121 4123 1436 4125 1438 4805 1440 1441 1442 1444 4166 1446 1447 1448 4124 4859 4139 4140 4909 4908 4893 4860 4154 4155 4170 2110 4799 2112 4797 2114 4163 2116 2117 2118 4858 2120 4169 2122 2123 2124 4813 4815 4176 4817 4882 4181 4800 4184 4825 4186 4827 4794 4112 4795 4892 4840 4841 2155 4824 2157 2158 2159 4871 4816 4090 4091 1404 4093 4880 4095
59 1.76736 5.43598 9.01715 0.69523 0.687255 -0.148026 -0.149744 4864 4866 2307 4868 2309 2310 2311 2313 2315 2316 2317 5037 4882 4867 4974 4996 5019 5020 4893 5022 4997 5024 5025 5026 5028 4998 4902 4903 4905 5034 4907 4908 4909 5038 5042 4851 5044 5045 5046 5048 4980 5050 5052 5054 2379 2256 2258 2260 2261 2262 2264 2266 2267 2268 4994 4977 2153 4971 4972 5036 4846 4847 4976 2161 4978 2163 2164 2165 4982 4986 4988 4989 4990
43 3.62206 0.487071 8.43538 0.649448 0.661 -0.26813 -0.263444 4864 4812 4871 4873 4874 4875 4108 4109 4111 4112 4113 4882 4803 4804 4120 4121 4122 4123 4124 4125 4805 4900 4901 4902 4903 4137 4138 4907 4140 4155 4163 4164 4165 4166 4169 4170 4171 4172 4813 4814 4815 4176 4817 4181 4184 4825 4826 4827 4816 4843 4824 4845 4848 4849 4883 4884 4858 4859 4860 4880
19 3.99043 -2.50575 6.00252 0.62148 0.632711 -0.329592 -0.323741 4104 4105 4106 4107 4112 4113 4116 4130 4131 4132 4133 4137 4138 4139 4140 3886 3887 4145 4146 4169 4154 4155 4166 4171 4164 4165 4038 4039 4041 4043 3916 3917 4045 4181 4060 4061 4062 4063 4068 4069 4072 4073 4074 4075 3949 3951 4080 4081 4082 4083 4085 4087 4088
7 3.67871 -5.62472 6.37786 0.662853 0.640112 -0.269831 -0.279417 3840 3841 3843 4060 3860 3870 3871 3872 3873 4130 4132 3878 3879 3880 3881 3883 3884 3885 3887 3902 3903 3904 3905 3910 3911 3914 3915 3916 3917 3922 3923 4039 3930 3931 3932 3940 3941 3942 3943 3948 3949 3950 3951 3954 3962 3963 3838
16 3.60865 -6.20012 7.0069 0.850686 0.479886 -0.105428 -0.18689 3871 3872 3873 4130 4131 4132 4133 3879 4137 4139 4145 4146 4147 4148 4315 4154 3902 3903 3904 3905 3910 3911 3914 3915 3916 3917 3924 4311 4312 4313 3930 3931 3932 4318 4319 3940 3941 3942 3943 4457 3948 3949 3950 3951 3954 3962 3963 3964 3965
3 4.3104 -7.63008 6.41293 0.595056 0.578103 -0.389036 -0.400445 3841 3842 3843 3905 3863 3930 3870 3858 3859 3732 3733 3734 3735 3865 3866 3867 3740 3741 3742 3743 3744 3745 3875 3877 3878 3879 3880 3881 3882 3883 3884 3872 3760 3762 3763 3765 3767 3769 3871 3772 3773 3774 3775 3904 3777 3779 3780 3781 3910 3873 3924 3907 3931 3932 3681 3940 3941 3942 3903 3909 3902 3860 3835 3836 3837 3838 3861
15 4.18251 -7.99277 6.33131 0.835229 0.379145 -0.164635 -0.36268 3840 3841 3842 3843 3905 3858 3859 3860 3861 3867 3741 3870 3871 3744 3745 3878 3879 3880 3881 3882 3883 3902 3903 3904 3872 3910 3873 3911 3924 4311 3930 3931 3932 3940 3942 3964 3953 3954 3958 3959 3832 4308 3835 3836 3837 3838
4 3.59155 -7.62635 8.46355 0.669135 0.644715 -0.256442 -0.266155 3906 3907 3863 3864 3865 3866 3867 3909 3874 3875 3876 3877 3878 3879 3764 3765 3766 3767 3768 3769 3776 3777 3778 3779 3780 3781 3910 3911 3918 3924 3930 3931 3932 3940 3941 3942 3943 3948 3949 3950 3954 3908 3962
1 1.66034 -7.50963 9.06276 0.681543 0.706233 -0.137913 -0.133092 640 641 642 643 644 645 646 3847 3849 3850 3851 3930 3853 3855 3781 3779 3845 3863 1176 3780 1178 1179 1180 1181 1182 1183 1184 1185 1186 3747 3749 3878 3751 3752 3753 3755 3757 3888 3889 3891 3910 3866 3767 3768 3769 1216 3777 1219 1220 1221 1222 3911 3867 3746 592 3875 3907 3877 3942 3943 3879 3865 3950 3951 626 628 3844 636 638 639
12 3.61522 -5.56968 8.44222 0.65881 0.652543 -0.263455 -0.265985 3863 3864 3865 3866 3867 4131 4130 3875 3876 3877 3878 3879 4137 4138 4139 4145 4146 4154 4132 3906 3907 3908 3909 3910 3911 3918 3919 3920 3921 3922 3923 4068 3930 3931 3932 4133 4069 4064 4065 4066 4067 3940 3941 3942 3943 3948 3949 3950 3951 3954 3962 3963
