0 0.598701 0.411675 1.2861 -0.033258 -0.0191309 0.498252 0.866183 2021 3993 4659 4660 4661 4662 4663 4668
1 0.595789 1.41397 1.28583 -0.0315983 -0.0183271 0.501385 0.864453 2025 4662 4663 4664 4665 4666 4673 4676
2 1.7257 0.371764 1.30516 -0.0869969 -0.0585756 0.555427 0.824925 4667 4668 4669 4671
3 1.71403 1.40103 1.30102 -0.0750547 -0.0574275 0.604949 0.790637 4672 4673 4674 4675
4 0.60278 2.42187 1.28604 -0.0314585 -0.0212398 0.559166 0.828187 2037 4676 4677 4678 4679 4680 4685
5 0.605892 3.46363 1.28595 -0.0239366 -0.0286964 0.767383 0.640099 4680 4681 4682 4683
6 1.69014 2.35308 1.30047 -0.0812139 -0.0453602 0.48551 0.869268 4684 4685 4686 4687
7 1.70664 3.48385 1.29903 -0.0567032 -0.0686912 0.768126 0.634073 4685 4688 4689 4690 4691
8 0.213543 2.38611 1.78101 -0.255447 0.243329 -0.645376 0.677515 4676
9 3.13157 3.64281 4.46875 0.592106 0.667689 -0.337597 -0.299381 4833 4836 4837 4838 4839 4899 4901 4903 4905 4907 4960 4961 5048
10 1.7223 0.205766 1.47099 -0.17396 0.129214 -0.582115 0.783699 4669 4671 4718 4720
11 1.49834 1.20528 1.58885 -0.216837 0.171474 -0.596111 0.75381 4674 4675
12 3.93747 2.85543 4.64758 0.55138 0.732861 -0.318531 -0.239652 4783 4833 4836 4837 4838 4882 4883 4884 4892 4893 4895 4896 4897 4898 4899 4900 4901 4902 4903 4904 4905 4906 4907 4908 4909 4910
13 4.27859 3.54729 4.25345 0.592182 0.626014 -0.368589 -0.348669 4773 4774 4775 4776 4783 4793 4831 4833 4836 4837 4838 4839 4878 4897 4899 4902 4903 4904 4905 4906 4907 4909 4911 4950 4952 4960 4961 4962 4963 4967 5047 5048 5049 5050
14 0.628065 4.5807 1.29633 -0.0252432 -0.0771284 0.947258 0.310026 4912 4913 4914 4915
15 0.692908 5.56598 1.30293 -0.0452951 -0.0885158 0.885804 0.453281 4916 4918 4920 4921
16 1.73517 4.59558 1.31478 -0.0574376 -0.11185 0.882503 0.453187 4689 4923 4924 4925 4926
17 1.73606 5.69427 1.33502 -0.0548664 -0.151389 0.927892 0.336286 4928 4930 4932 4934 4943 4945 4954
18 0.813274 6.4725 1.32367 -0.0965737 -0.104537 0.727053 0.671669 2206 2207 2210 4935 4936 4937 4938 4939 4941 4943 4944 4947
19 0.876698 7.44513 1.34431 -0.124552 -0.122721 0.691039 0.70135 2207 2210 2211 2324 2325 4936 4938 4939 4940 4941 4942 4944 4947 4948 5198 5200 5206
20 2.29238 7.53243 0.782724 -0.106498 -0.336971 0.891985 0.281908 4901 4921 4922 4930 4931 4932 4934 4937 4938 4939 4941 4942 4943 4944 4945 4946 4947 4948 4951 4954 4956 4957 5011 5013 5058
21 2.93506 7.27851 0.867848 -0.286299 -0.253388 0.612404 0.691946 4943 4944 4945 4946 4947 4948 4957 5011 5013 5058 5206 5207 5224 5226 5234
22 2.81745 4.60463 1.33716 -0.0840808 -0.141172 0.847482 0.504752 4949 4951 4955
23 2.60355 5.65764 1.3075 -0.0181395 -0.108809 0.980367 0.163437 4932 4934 4945 4953 4954 4955 4956 4957
24 3.26505 7.19762 0.578852 -0.102794 -0.251708 0.890901 0.36383 4772 4901 4928 4929 4930 4931 4932 4933 4934 4943 4944 4945 4946 4947 4948 4951 4953 4954 4955 4956 4957 5011 5013 5058 5224
25 3.01356 4.73342 4.59693 0.580027 0.701436 -0.319198 -0.263949 4838 4839 4907 4958 4959 4960 4961 4962 4963 4967 4968 5048 5050 5052
26 2.98967 5.90486 4.57534 0.537552 0.73081 -0.338863 -0.249253 4959 4962 4963 4964 4966 4967 4968 4969 4970 5002 5004 5005 5006 5050 5052 5054 5055 5057 5058
27 2.91552 7.32826 1.84366 -0.276075 -0.252801 0.626234 0.683889 4946 4947 4948 5001 5003 5011 5013 5058 5206 5207 5224
28 4.08815 4.50805 4.53869 0.625962 0.649658 -0.310668 -0.299336 4776 4783 4836 4837 4838 4839 4898 4899 4904 4905 4906 4907 4950 4952 4960 4961 4962 4963 4967 4968 4969 4970 5047 5048 5049 5050 5052 5054 5055 5056 5057
30 3.78084 7.61669 4.32277 0.347208 0.799594 -0.449451 -0.195166 4772 4778 4783 4882 4901 4903 4956 4966 4969 4970 5002 5004 5005 5006 5007 5008 5011 5012 5013 5015 5016 5054 5056 5057 5058
31 0.879339 8.45725 1.34529 -0.123363 -0.125888 0.70305 0.688952 2210 2211 2324 2325 2328 4940 4942 4948 5198 5199 5200 5201 5202 5204 5206 5207 5208
32 0.878549 9.4386 1.34504 -0.126455 -0.122279 0.684297 0.707668 2325 2328 2329 2336 2337 5199 5201 5202 5203 5204 5205 5208 5209 5210 5212 5218
33 2.88838 8.44925 0.813003 -0.257446 -0.257261 0.658375 0.658848 4942 4944 4947 4948 5003 5011 5013 5204 5206 5207 5208 5209 5218 5224 5226 5234 5236 5272
34 2.8945 9.45031 0.818664 -0.258716 -0.258732 0.658094 0.658054 4948 5013 5201 5206 5207 5208 5209 5212 5218 5219 5220 5224 5226 5234 5236 5272 5274 5282
35 0.87876 10.4556 1.34507 -0.123439 -0.125365 0.701446 0.690666 2328 2329 2336 2337 2340 5203 5205 5209 5210 5211 5212 5213 5214 5216 5218 5219 5220
36 0.879279 11.4557 1.34526 -0.123608 -0.125583 0.701536 0.690505 2336 2337 2340 2341 2444 5211 5213 5214 5215 5216 5217 5219 5220 5221 5318 5320 5326
37 2.88428 10.4634 0.809292 -0.255197 -0.257697 0.662167 0.655745 5205 5207 5208 5209 5216 5218 5219 5220 5221 5226 5234 5236 5272 5274 5282 5284 5326 5342
38 2.88001 11.4618 0.805368 -0.254393 -0.256587 0.662161 0.656498 5209 5213 5218 5219 5220 5221 5236 5272 5274 5282 5284 5320 5326 5327 5328 5342 5344 5352
39 3.0133 8.38159 1.94067 -0.293248 -0.279971 0.631241 0.661178 4947 4948 5011 5013 5206 5207 5208 5209 5224 5226 5234
40 3.00203 9.41204 1.92714 -0.287383 -0.280013 0.639223 0.656047 5206 5207 5208 5209 5218 5219 5224 5226 5234 5236 5272 5274
41 2.85704 10.3354 1.7891 -0.262114 -0.24038 0.6317 0.688817 5208 5209 5218 5219 5220 5221 5234 5236 5270 5272 5274 5282 5284
42 3.00153 11.3734 1.92824 -0.291288 -0.276446 0.630439 0.664285 5218 5219 5220 5221 5272 5274 5282 5284 5326 5327 5342
43 0.876999 12.4705 1.34462 -0.12027 -0.127538 0.716268 0.675448 2340 2341 2444 2445 2448 5215 5217 5221 5318 5319 5320 5321 5322 5324 5326 5327
44 0.872344 13.4745 1.34302 -0.117893 -0.126617 0.720835 0.671168 2444 2445 2448 2449 2455 5319 5321 5322 5323 5324 5325 5327 5328 5329 5330 5332
45 2.87534 12.4756 0.801301 -0.252076 -0.256892 0.665934 0.65345 5217 5219 5220 5221 5274 5282 5284 5324 5326 5327 5328 5329 5338 5342 5344 5352 5354 5393
46 2.89413 13.4863 0.818768 -0.255302 -0.262151 0.666717 0.649297 5221 5284 5321 5326 5327 5328 5329 5332 5336 5338 5339 5342 5344 5352 5354 5389 5393 5400 5405
47 0.864047 14.5237 1.34261 -0.107933 -0.134452 0.76814 0.616631 2448 2449 2455 2456 2459 5323 5325 5330 5331 5332 5333 5334 5336 5338
48 0.844904 15.5381 1.33731 -0.0993647 -0.131154 0.786212 0.595647 2455 2456 2459 2460 2582 5331 5333 5334 5335 5336 5337 5400 5402 5700 5702 5713
49 2.82802 14.5506 0.762848 -0.235227 -0.254146 0.688485 0.637233 5321 5325 5327 5328 5329 5332 5333 5336 5337 5338 5339 5344 5352 5354 5388 5393 5400 5402 5404 5405 5702 5707 5713 5717 5718
50 2.85918 12.4029 1.78734 -0.255482 -0.246526 0.649146 0.672728 5220 5221 5281 5282 5284 5326 5327 5328 5329 5340 5342 5344 5352 5354
51 2.91801 13.3882 1.84223 -0.2702 -0.258378 0.641005 0.670333 5326 5327 5328 5329 5338 5339 5342 5344 5352 5354 5393
52 1.41239 15.6018 1.49355 -0.147768 -0.175396 0.744384 0.627131 5331 5333 5334 5335 5336 5337 5339 5400 5402 5404 5405 5700 5702 5713 5715 5717
53 2.36111 14.3304 1.46687 -0.162019 -0.140277 0.639349 0.738447 5329 5336 5337 5338 5339 5352 5354 5389 5393 5400 5402 5405 5717
54 0.673756 15.2239 1.4911 -0.1806 0.139169 -0.594312 0.771238 5333 5336 5337 5339
55 0.772154 16.5751 1.32039 -0.0707603 -0.116653 0.847002 0.513783 2460 2582 2583 2585 5334 5335 5337 5402 5700 5701 5702 5703 5704 5706 5713 5715 5723
56 0.74939 17.5583 1.31298 -0.0642814 -0.103811 0.843841 0.522517 2582 2583 2585 2586 2665 5701 5703 5704 5705 5706 5712 5715 5723 5725 5763 5764 5765 5773
57 1.53897 16.6727 1.56928 -0.167475 -0.208525 0.75127 0.603377 5337 5402 5405 5702 5703 5706 5713 5715 5717 5718 5723 5725
58 1.26445 17.794 1.45396 -0.110795 -0.174427 0.825889 0.524601 2664 2665 5701 5703 5704 5705 5706 5712 5715 5717 5718 5723 5725 5727 5728 5762 5763 5764 5765 5773 5775
59 3.12699 16.7058 2.10331 -0.293763 -0.344587 0.678511 0.578434 5333 5336 5337 5400 5402 5404 5405 5702 5703 5705 5706 5713 5715 5717 5718 5723 5725 5727 5728
60 3.06431 17.7292 2.02799 -0.276441 -0.331342 0.692684 0.577912 5337 5702 5703 5705 5706 5713 5714 5715 5716 5717 5718 5723 5725 5727 5728 5773 5775 5776 5777 5782 5786 5790
61 1.24393 18.7813 1.44356 -0.107663 -0.168844 0.826094 0.526754 2664 2665 2670 2671 5705 5711 5712 5725 5727 5728 5762 5763 5764 5765 5767 5768 5769 5771 5773 5775 5777 5784 5785 5790 5836
62 1.27988 19.8239 1.46611 -0.11244 -0.181917 0.830952 0.513597 2664 2665 2670 2671 2768 5705 5762 5763 5764 5765 5767 5768 5769 5771 5775 5782 5784 5785 5790 5792 5824 5832 5836 5837 5842
63 3.03494 18.7617 2.00044 -0.267316 -0.328424 0.702599 0.571869 5703 5705 5706 5723 5725 5726 5727 5728 5769 5771 5773 5774 5775 5776 5777 5779 5782 5784 5785 5786 5788 5790 5792 5838
64 2.9758 19.7871 1.94035 -0.251944 -0.317526 0.716123 0.568215 5704 5705 5706 5769 5771 5773 5774 5775 5776 5777 5782 5784 5785 5790 5792 5832 5836 5837 5838 5842 5843 5844 5848 5938
65 1.37669 20.8665 1.51853 -0.128103 -0.205994 0.823825 0.512316 2670 2671 2767 2768 2770 2772 2773 2774 2775 5768 5769 5771 5784 5785 5790 5792 5824 5826 5828 5830 5831 5832 5833 5836 5837 5842 5843 5844 5846 5848 5881 5894 5938
66 1.25501 21.8706 1.46626 -0.106667 -0.185464 0.846783 0.487015 2718 2753 2767 2768 2770 2772 2773 2774 2775 2811 2815 2816 2817 5785 5792 5824 5825 5826 5828 5830 5831 5832 5833 5836 5837 5842 5843 5844 5846 5848 5849 5879 5880 5881 5886 5890 5894 5896 5897 5899 5935 5936 5938
67 2.97293 20.8188 1.94558 -0.24956 -0.321442 0.721526 0.560174 2586 5705 5765 5769 5771 5775 5782 5784 5785 5790 5792 5832 5833 5835 5836 5837 5842 5843 5844 5846 5848 5849 5881 5884 5894 5897 5935 5936 5938
68 0.994471 22.8579 1.38045 -0.0641505 -0.142154 0.900333 0.406298 2701 2703 2713 2715 2716 2718 2719 2752 2753 2767 2769 2772 2773 2774 2775 2807 2811 2812 2815 2816 2817 2824 2826 2828 2829 2946 2949 2952 5824 5826 5828 5830 5831 5832 5833 5837 5842 5843 5844 5846 5848 5849 5879 5880 5881 5886 5888 5889 5890 5892 5894 5896 5897 5898 5899 5900 5901 5902 5935 5936 5937 5947 5948 5949 5950 5951 6007 6009 6011 6018
69 1.37669 20.8665 1.51853 -0.128103 -0.205994 0.823825 0.512316 2670 2671 2767 2768 2770 2772 2773 2774 2775 5768 5769 5771 5784 5785 5790 5792 5824 5826 5828 5830 5831 5832 5833 5836 5837 5842 5843 5844 5846 5848 5881 5894 5938
70 2.24071 21.0708 3.44852 -0.309728 -0.442051 0.689431 0.483057 5771 5832 5836 5837 5838 5839 5840 5841 5842 5843 5844
71 1.25501 21.8706 1.46626 -0.106667 -0.185464 0.846783 0.487015 2718 2753 2767 2768 2770 2772 2773 2774 2775 2811 2815 2816 2817 5785 5792 5824 5825 5826 5828 5830 5831 5832 5833 5836 5837 5842 5843 5844 5846 5848 5849 5879 5880 5881 5886 5890 5894 5896 5897 5899 5935 5936 5938
72 1.95631 21.8628 2.94064 -0.243547 -0.324122 0.730809 0.549134 5824 5828 5829 5832 5833 5834 5835 5837 5840 5843 5844 5846 5848 5881 5884 5886 5894
73 2.97293 20.8188 1.94558 -0.24956 -0.321442 0.721526 0.560174 2586 5705 5765 5769 5771 5775 5782 5784 5785 5790 5792 5832 5833 5835 5836 5837 5842 5843 5844 5846 5848 5849 5881 5884 5894 5897 5935 5936 5938
74 -0.115003 19.3482 4.01555 -0.580473 0.310078 -0.354758 0.664115 5772 5787 5788 5789 5815 5817 5825 5827 5829 5838 5839 5840 5841 5850 5865 5866 5867 5868 5885
75 1.58173 21.112 2.31258 -0.0855325 -0.00620282 0.0720636 0.993706 5828 5832 5833 5837 5842 5843 5844 5846 5848 5849 5879 5881 5894 5897 5898 5899 5900 5901 5902 5935 5936 5937 5938 5947 5948 5949 5950 5951 5953 5974 5976 5982 5984 6072
76 -0.86617 21.2223 3.87177 -0.292248 0.248483 -0.598203 0.703563 2776
77 0.164039 19.7003 4.03209 -0.3723 0.220511 -0.459434 0.775686 5788 5789 5806 5815 5817 5829 5838 5839 5840 5841 5850 5853 5855 5857 5859 5861 5865 5867
78 0.994471 22.8579 1.38045 -0.0641505 -0.142154 0.900333 0.406298 2701 2703 2713 2715 2716 2718 2719 2752 2753 2767 2769 2772 2773 2774 2775 2807 2811 2812 2815 2816 2817 2824 2826 2828 2829 2946 2949 2952 5824 5826 5828 5830 5831 5832 5833 5837 5842 5843 5844 5846 5848 5849 5879 5880 5881 5886 5888 5889 5890 5892 5894 5896 5897 5898 5899 5900 5901 5902 5935 5936 5937 5947 5948 5949 5950 5951 6007 6009 6011 6018
79 1.84523 22.8556 2.82984 -0.21948 -0.297487 0.747687 0.551629 5833 5835 5846 5849 5880 5881 5884 5886 5890 5892 5894 5896 5897 5898 5899 5900
80 1.6684 23.8663 2.69054 -0.182782 -0.261603 0.776869 0.542797 2931 5879 5880 5881 5883 5886 5888 5889 5890 5892 5895 5896 5898 5899 5900 5901 5902 6009 6011 6013 6018 6019
81 1.79832 22.5855 2.30554 -0.0390997 -0.0637617 0.850094 0.521292 2828 5833 5840 5843 5844 5846 5848 5849 5880 5881 5883 5886 5888 5890 5892 5894 5896 5897 5898 5899 5900 5901 5902 5935 5936 5937 5947 5948 5949 5950 5951 5952 5953 5974 6018 6020 6057 6059
82 1.81749 23.6937 2.31861 -0.0394133 -0.0854993 0.904119 0.416779 2828 5849 5886 5888 5889 5890 5892 5894 5896 5897 5898 5899 5900 5901 5902 5936 5947 5948 5949 5950 5951 5952 5953 5976 5980 5982 5984 6007 6011 6013 6018 6019 6020 6048 6055 6057 6059 6061 6063 6068
83 1.22549 22.4373 3.30689 -0.0555967 0.0533121 -0.690065 0.719637 5886 5894 5896 5898 5899 5901 5936 5947 5948 5951
84 1.78558 23.516 3.30034 -0.040091 -0.0518408 0.789347 0.61044 5891 5893 5896 5898 5899 5900 5901 5902 5948 5951 5952 6018 6020 6057
85 3.14781 21.172 2.40064 -0.143993 -0.092928 0.534227 0.827788 5837 5838 5840 5842 5843 5844 5846 5848 5849 5886 5891 5894 5895 5896 5897 5898 5899 5901 5935 5936 5937 5938 5942 5945 5947 5948 5949 5950 5951 5952 5953 5970 5972 5974 5976 5978 5982 5986 5988
86 3.56063 18.7349 5.2629 -0.67803 -0.187649 0.189559 0.684932 5792 5793 5821 5823 5837 5842 5843 5864 5868 5869 5872 5910 5935 5937 5938 5941 5942 5944 5945 5946 5974 5975 6222 6223 6224 6225 6228 6230 6231 6232 6233 6234 6236 6237 6251 6256 6267
87 3.38573 20.6916 3.64111 -0.272898 -0.122535 0.390859 0.870483 5843 5870 5935 5936 5937 5938 5942 5945
88 4.69348 19.8373 5.05868 -0.634087 -0.204487 0.228884 0.70974 5843 5844 5862 5863 5864 5868 5872 5874 5876 5907 5910 5935 5937 5938 5942 5943 5944 5945 5946 5974 5975 5986 5987 5990 5991 6230 6231 6232 6233 6234 6235 6236 6237 6245 6251 6252 6255 6256 6267 6268
89 2.95227 22.506 2.32852 -0.070168 -0.080104 0.747941 0.655168 5840 5843 5844 5846 5848 5849 5886 5887 5890 5891 5892 5893 5894 5896 5897 5898 5899 5900 5901 5902 5935 5936 5937 5945 5947 5948 5949 5950 5951 5952 5953 5970 5972 5974 5976 5978 5980 5982 5984 5986 5988 5992 6012 6018 6020 6057 6059 6068 6072
90 2.86785 23.6404 2.32068 -0.0487541 -0.083692 0.860014 0.500994 5849 5887 5890 5891 5892 5893 5894 5896 5897 5898 5899 5900 5901 5902 5936 5937 5945 5947 5948 5949 5950 5951 5952 5953 5968 5970 5972 5974 5976 5978 5980 5982 5984 5986 5988 5990 5992 5994 5996 6011 6012 6013 6018 6019 6020 6045 6047 6048 6055 6057 6059 6061 6063 6065 6068 6070 6072 6074 6076
91 2.84736 22.4742 3.30826 -0.05384 -0.0581017 0.731191 0.677559 5849 5897 5898 5901 5936 5937 5945 5947 5948 5949 5950 5951 5953 5970 5972 5974 5976 5978 5980 5982 5984
92 2.83127 23.5963 3.31101 -0.0441934 -0.0707848 0.845293 0.527746 5898 5901 5902 5947 5948 5950 5951 5952 5953 5968 5970 5972 5976 5978 5980 5982 5984 6020 6045 6057 6059 6061 6068 6070
93 4.01117 22.2548 3.35116 -0.108222 -0.0727203 0.552975 0.822933 5937 5942 5945 5949 5950 5953 5968 5970 5972 5974 5976 5978 5980 5982 5984 5986 5988 5990 5992 5996 6059
94 3.84192 23.5705 3.31092 -0.047042 -0.0687486 0.82242 0.562749 5945 5950 5952 5953 5964 5968 5970 5972 5974 5976 5978 5980 5982 5984 5986 5988 5990 5992 5994 5996 5998 6055 6059 6061 6068 6070 6072 6074 6082 6084
95 5.28628 21.7661 3.56163 -0.241248 -0.106847 0.390605 0.881936 5945 5946 5949 5950 5974 5976 5982 5986 5988 5990 5992 5996 6000 6004 6005
96 4.8484 23.4709 3.30839 -0.0542922 -0.0579577 0.727503 0.681493 5970 5972 5974 5976 5978 5980 5982 5984 5986 5988 5990 5992 5994 5996 5998 6000 6002 6068 6070 6072 6074 6082 6084 6086 6088 6095 6100 6102
97 1.55496 25.0037 2.65589 -0.156242 -0.262241 0.818078 0.487407 2817 2931 2957 2958 2959 5880 5889 5892 5899 5900 5902 6007 6009 6011 6013 6014 6015 6016 6017 6018 6019 6020 6045 6047
98 1.46431 26.1609 2.66252 -0.136615 -0.276003 0.852663 0.422047 2817 2931 2956 2957 2958 2959 2988 2991 5880 6009 6011 6012 6013 6014 6015 6016 6017 6018 6019 6045 6047 6048 6050 6053 6057 6063
99 1.84329 23.8955 2.38695 -0.155861 -0.0406929 0.249318 0.95493 2959 2988 5889 5890 5892 5896 5899 5900 5901 5902 5951 5952 5968 5980 6007 6009 6011 6013 6014 6015 6016 6017 6018 6019 6020 6045 6048 6050 6055 6057 6059 6061 6063 6065 6068 6070 6072 6076
100 1.48195 25.8673 3.87267 0.00683345 -0.383839 0.923229 -0.0164362 6011 6016 6019 6020 6041 6045 6047 6048 6057 6061 6063
101 1.20608 27.2075 4.3857 0.0481321 -0.522798 0.847512 -0.0780273 3093 5894 5952 6009 6011 6017 6019 6020 6037 6038 6047 6048 6049 6063 6064 6065 6067 6306
102 1.12929 27.1756 2.51749 -0.0816889 -0.227836 0.913335 0.32747 2916 2931 2943 2954 2956 2957 2958 2959 2988 2991 6009 6011 6013 6014 6015 6016 6017 6019 6041 6045 6047 6048 6050 6053 6063 6067
103 2.25879 27.4545 5.17822 -0.343172 -0.596656 0.628828 0.361676 3087 3088 3091 3093 6015 6017 6030 6031 6037 6038 6047 6050 6051 6052 6053 6054 6300 6301 6304
104 2.82646 24.3775 3.30623 -0.0597988 -0.0468139 0.61465 0.785136 5902 5952 5968 5978 5980 6020 6045 6047 6048 6055 6057 6059 6061 6063 6065 6068 6070 6072 6074 6076 6079
105 2.33481 27.0275 4.06944 0.0276114 -0.442502 0.894603 -0.0558218 3093 5894 5952 5953 6019 6020 6047 6048 6049 6063 6064 6065 6067 6076 6078 6079 6081 6090 6306
106 3.79226 24.6243 3.30777 -0.0369305 -0.0691966 0.879499 0.469392 5966 5968 5972 5978 5980 5982 5984 5992 5994 5998 6048 6055 6057 6059 6061 6063 6065 6068 6070 6072 6074 6076 6079 6082 6084 6086 6088 6090 6095
107 3.31007 27.1626 4.27409 0.0321119 -0.496691 0.865526 -0.0559577 5837 5894 5952 5953 6020 6049 6063 6064 6065 6067 6076 6078 6079 6081 6090 6092 6094 6104
108 4.77399 24.6042 3.30378 -0.0345282 -0.0629596 0.874538 0.479612 5976 5980 5982 5984 5988 5992 5994 5996 5998 6000 6002 6006 6065 6068 6070 6072 6074 6076 6079 6082 6084 6086 6088 6090 6093 6094 6095 6097 6099 6100 6101 6102 6104 6105 6107 6108
109 4.77359 25.4995 3.29836 -0.0389896 -0.0477611 0.77318 0.631183 5984 6067 6068 6070 6072 6074 6076 6078 6079 6081 6082 6084 6086 6088 6090 6092 6093 6094 6095 6097 6098 6099 6100 6101 6102 6103 6104 6105 6106 6107 6108 6114
110 5.01198 24.7212 4.39964 -0.523491 -0.0712534 0.11451 0.841289 6090 6094 6101
