0 0.726785 -24.5979 0.534997 -0.0252268 -0.249646 0.963104 0.0973218 0 1 2 4 5 10 14 23 25 3144 3145 3146 3147 3148 3149 3152 3155 3157 3169 3171 3179 3181 3187 3189
1 0.766919 -24.5928 1.312 -0.0922605 -0.0768597 0.635435 0.76276 1 4 5 77 78 3145 3146 3147 3148 3149 3169 3179 3181 3187 3189 3218 3220 3261
2 1.50947 -29.2289 2.80788 -0.596089 -0.160804 0.204887 0.7595 0 8 9 10 14 3144 3148 3150 3151 3152 3155 3156 3163 3166 3179 3184 3195 3196 3198 3217 3265
3 1.63924 -27.5908 1.98267 -0.383855 -0.165932 0.360431 0.833793 0 79 3144 3148 3150 3155 3166 3179 3180 3196 3217
4 1.65918 -26.0387 1.70475 -0.271431 -0.178106 0.518897 0.79079 3144 3145 3146 3148 3152 3154 3155 3157 3166 3167 3168 3169 3171 3176 3177 3179 3181 3187 3195
5 2.14538 -25.4512 2.5178 -0.479185 -0.281142 0.420758 0.71715 97 3145 3148 3149 3181 3187 3195 3224
6 3.3828 -26.0699 2.7304 -0.479437 -0.36325 0.482437 0.636745 86 97 100 3144 3145 3148 3149 3155 3156 3157 3163 3165 3166 3179 3180 3181 3182 3183 3184 3185 3186 3187 3188 3189 3190 3191 3192 3193 3194 3195 3196 3212 3220 3221 3224 3261 3262 3265
7 3.26421 -24.9036 2.34736 -0.399563 -0.326189 0.541778 0.663647 79 81 3144 3145 3148 3149 3179 3180 3181 3182 3183 3185 3186 3187 3188 3189 3190 3191 3195 3220 3221 3224 3225 3226 3227 3261 3263 3265 3266
8 0.800996 -23.5653 1.32003 -0.0987289 -0.0931988 0.680091 0.720446 5 77 78 83 84 3147 3149 3187 3189 3218 3219 3220 3221 3222 3261 3263 3272
9 1.55527 -23.567 1.56459 -0.189134 -0.185973 0.676009 0.687499 3149 3189 3195 3220 3221 3261 3263 3265 3266 3272 3276 3277
10 1.34456 -22.3468 1.46679 -0.13186 -0.16888 0.769895 0.601128 3224 3226 3263 3265 3266 3272 3274 3276 3277 3317 3319 3321
11 3.40247 -24.1295 2.87473 -0.507797 -0.374214 0.460334 0.624659 3148 3149 3187 3188 3189 3190 3191 3192 3195 3196 3213 3220 3221 3224 3225 3226 3227 3238 3242 3248 3249 3250 3251 3261 3263 3265 3266 3268 3269 3270 3271 3272 3274 3276 3277 3278 3279
12 1.19657 -21.1969 1.84895 0.0456443 -0.373317 0.919731 -0.112453 3274 3276 3317 3319 3321
13 1.29924 -21.3782 1.44399 -0.125358 -0.156501 0.764636 0.612474 3250 3274 3276 3277 3317 3319 3321 3322 3327 3329 3331
14 1.16314 -20.2862 1.4036 -0.0961813 -0.144428 0.8197 0.545877 3247 3253 3254 3255 3256 3319 3321 3322 3327 3329 3331 3332 3373 3375 3393 3395 3397
15 2.95975 -21.4324 1.88711 -0.263257 -0.285804 0.677724 0.624261 3221 3225 3227 3249 3251 3255 3256 3263 3264 3272 3273 3274 3275 3276 3277 3317 3318 3319 3321 3322 3327 3328 3329 3330 3331 3332 3394
16 2.96861 -20.3803 1.90162 -0.261245 -0.293884 0.687187 0.610867 3227 3249 3251 3255 3256 3317 3318 3319 3320 3321 3322 3327 3328 3329 3330 3331 3332 3375 3376 3393 3394 3395 3397 3398
17 0.797481 -19.5317 1.3191 -0.0915124 -0.097951 0.72412 0.676522 115 116 229 230 233 3254 3256 3329 3373 3374 3375 3376 3377 3379 3393 3395 3403 3405
18 0.791146 -18.5579 1.31724 -0.0937553 -0.0908412 0.689902 0.712034 230 233 234 237 3374 3376 3377 3378 3379 3380 3381 3383 3393 3395 3403 3405 3453 3455
19 0.795262 -17.552 1.31832 -0.0941638 -0.0933564 0.697839 0.703874 234 237 238 241 3378 3380 3381 3382 3383 3384 3385 3387 3403 3405 3453 3455 3463 3465
20 0.798516 -16.5531 1.31922 -0.0955471 -0.0943443 0.696251 0.705127 238 241 242 408 3382 3384 3385 3386 3387 3388 3453 3455 3463 3465 3509 3511 3530 3532
21 1.37464 -19.469 1.47094 -0.145708 -0.160356 0.722521 0.65652 3254 3256 3329 3331 3332 3374 3375 3376 3377 3379 3393 3395 3397 3398 3403 3405 3407 3408
22 1.37071 -18.5484 1.46732 -0.151605 -0.151845 0.691183 0.690091 3374 3376 3377 3378 3379 3380 3383 3395 3397 3398 3403 3405 3407 3408 3453 3457 3458
23 3.00919 -19.4546 1.93776 -0.276703 -0.295105 0.66713 0.625529 3251 3255 3256 3319 3320 3327 3329 3330 3331 3332 3375 3376 3379 3380 3393 3394 3395 3397 3398 3403 3404 3405 3406 3407 3408 3454
24 2.97433 -18.4952 1.89827 -0.27199 -0.282488 0.662666 0.63804 3256 3330 3375 3376 3379 3380 3383 3384 3393 3394 3395 3396 3397 3398 3403 3404 3405 3407 3408 3453 3454 3455 3456 3457 3458 3464
25 1.54162 -17.5557 1.55646 -0.185378 -0.184285 0.680501 0.684538 3380 3382 3383 3384 3387 3405 3407 3408 3453 3455 3457 3458 3463 3467 3468
26 1.54317 -16.5555 1.55737 -0.18566 -0.184618 0.680517 0.684355 3384 3386 3387 3388 3455 3457 3458 3463 3465 3467 3468 3511 3530 3534 3535
27 3.02207 -17.5127 1.94916 -0.284915 -0.292102 0.653551 0.637472 3376 3379 3380 3383 3384 3387 3388 3403 3404 3405 3407 3408 3453 3455 3457 3458 3463 3465 3466 3467 3468 3531
28 2.94334 -16.4672 1.86807 -0.262375 -0.278185 0.672187 0.633985 3380 3383 3384 3387 3388 3405 3406 3453 3454 3455 3456 3457 3458 3463 3464 3465 3466 3467 3468 3511 3512 3530 3531 3532 3533 3534 3535 3541
29 0.797165 -15.5515 1.31884 -0.0947497 -0.0941508 0.698545 0.702989 242 408 409 412 3386 3388 3463 3465 3509 3510 3511 3512 3513 3515 3530 3532 3540 3542
30 0.795238 -14.5524 1.31832 -0.0942214 -0.093283 0.697348 0.704363 409 412 413 416 3510 3512 3513 3514 3515 3516 3517 3519 3530 3532 3540 3542 3590 3592
31 0.795028 -13.5515 1.31826 -0.0939881 -0.0933597 0.69852 0.703221 413 416 417 420 3514 3516 3517 3518 3519 3520 3521 3524 3540 3542 3590 3592 3600 3602
32 0.791777 -12.5483 1.31738 -0.0922335 -0.0927533 0.702999 0.699059 417 420 3518 3520 3521 3522 3524 3525 3590 3592 3600 3602 3648 3666 3668
33 1.54252 -15.5565 1.55699 -0.185629 -0.184391 0.680187 0.684754 3388 3465 3467 3468 3510 3511 3512 3515 3530 3532 3534 3535 3540 3544 3545
34 1.54723 -14.5564 1.55976 -0.186547 -0.185338 0.679999 0.684435 3512 3514 3515 3516 3519 3532 3534 3535 3540 3542 3544 3545 3590 3594 3595
35 2.9853 -15.4843 1.91027 -0.273602 -0.286215 0.663777 0.634526 3384 3387 3388 3456 3463 3464 3465 3466 3467 3468 3511 3512 3515 3516 3530 3531 3532 3534 3535 3540 3541 3542 3543 3544 3545 3591
36 2.99205 -14.5073 1.91653 -0.277249 -0.285441 0.658088 0.6392 3388 3466 3511 3512 3515 3516 3519 3520 3530 3531 3532 3534 3535 3540 3541 3542 3544 3545 3590 3591 3592 3593 3594 3595 3601
37 1.54958 -13.5517 1.56113 -0.186583 -0.186224 0.681439 0.68275 3516 3517 3518 3519 3520 3524 3542 3544 3545 3590 3592 3594 3595 3600 3604 3605
38 1.54814 -12.5539 1.56029 -0.186499 -0.185742 0.680782 0.68356 3520 3521 3522 3523 3524 3525 3592 3594 3595 3600 3602 3604 3605 3648 3666 3670 3671
39 3.01015 -13.4771 1.93742 -0.278868 -0.292911 0.662381 0.630624 3512 3515 3516 3519 3520 3524 3525 3532 3533 3540 3542 3543 3544 3545 3590 3591 3592 3594 3595 3600 3601 3602 3603 3604 3605 3667
40 2.98903 -12.4921 1.91387 -0.275173 -0.286283 0.661682 0.636003 3516 3519 3520 3524 3525 3543 3590 3591 3592 3593 3594 3595 3600 3601 3602 3604 3605 3648 3649 3666 3667 3668 3669 3670 3671 3677
41 0.803321 -11.552 1.32055 -0.0970911 -0.0962882 0.69755 0.703367 529 530 533 3525 3600 3602 3646 3647 3648 3649 3650 3652 3666 3668 3676 3678
42 0.795065 -10.5526 1.31827 -0.0941906 -0.0931894 0.697118 0.704607 530 533 534 537 3647 3649 3650 3651 3652 3653 3654 3656 3666 3668 3676 3678 3726 3728
43 0.789731 -9.55195 1.31683 -0.0921404 -0.0913638 0.698155 0.70409 534 537 538 541 3651 3653 3654 3655 3656 3657 3658 3660 3676 3678 3726 3728 3736 3738
44 0.79012 -8.55225 1.31694 -0.0923359 -0.0914523 0.697731 0.704473 538 541 542 1068 3655 3657 3658 3659 3660 3661 3726 3728 3736 3738 3782 3784 3793
45 1.54327 -11.5568 1.55743 -0.185805 -0.184514 0.68005 0.684808 3522 3525 3602 3604 3605 3647 3648 3649 3652 3666 3668 3670 3671 3676 3680 3681
46 1.54562 -10.5569 1.55881 -0.186273 -0.184975 0.679918 0.684689 3649 3651 3652 3653 3656 3668 3670 3671 3676 3678 3680 3681 3726 3730 3731
47 3.02868 -11.5085 1.9567 -0.286132 -0.294132 0.653659 0.635881 3520 3522 3524 3525 3600 3601 3602 3604 3605 3648 3649 3652 3653 3666 3668 3670 3671 3676 3678 3679 3680 3681 3727
48 2.9602 -10.4709 1.88486 -0.266581 -0.28171 0.669486 0.633532 3525 3602 3603 3648 3649 3652 3653 3656 3657 3666 3667 3668 3669 3670 3671 3676 3677 3678 3679 3680 3681 3726 3727 3728 3729 3730 3731 3737
49 1.54634 -9.55229 1.55922 -0.185994 -0.185532 0.681422 0.683117 3653 3654 3655 3656 3657 3660 3678 3680 3681 3726 3728 3730 3731 3736 3740 3741
50 1.54611 -8.55223 1.55909 -0.185942 -0.185492 0.681455 0.683109 3657 3658 3659 3660 3661 3728 3730 3731 3736 3738 3740 3741 3784 3793
51 3.00357 -9.49756 1.92928 -0.279108 -0.289189 0.658865 0.635897 3649 3652 3653 3656 3657 3660 3661 3669 3676 3677 3678 3680 3681 3726 3727 3728 3730 3731 3736 3737 3738 3739 3740 3741 3830
52 3.06032 -8.52717 1.99281 -0.295624 -0.300031 0.646048 0.63656 3653 3656 3657 3660 3661 3726 3727 3728 3730 3731 3736 3738 3740 3741 3795 3831 3832 3833
53 0.710118 -7.36092 1.31737 -0.0482039 -0.121572 0.921609 0.365423 542 1066 1068 1069 3658 3659 3661 3736 3782 3783 3784 3785 3793 3794
54 0.605977 -6.66322 1.29234 -0.0649749 -0.019222 0.283032 0.956714 3782 3786 3788 3789 3791 3799
55 2.46291 -8.52396 0.804939 -0.335242 -0.134378 0.346948 0.865553 3660 3661 3728 3736 3738 3740 3741 3783 3784 3785 3789 3790 3793 3794 3795 3796 3797 3799 3810 3822 3924 3929
56 1.78967 -6.63957 1.321 -0.112145 -0.0796367 0.573484 0.807587 3785 3789 3792 3794 3796 3797 3798 3799 3800 3810 3814 3822 3823
57 0.614114 -5.596 1.28757 -0.0405902 -0.0236689 0.503177 0.862905 1092 3791 3801 3802 3803 3805 3806 3812
58 0.615553 -4.58744 1.28733 -0.0383943 -0.0247551 0.541323 0.839573 1096 3805 3806 3807 3808 3809 3818 3966
59 1.82843 -5.58131 1.3285 -0.11196 -0.100666 0.660984 0.735141 3800 3810 3812 3814 3815 3820 3824 3825 3826
60 1.83227 -4.58737 1.32991 -0.114641 -0.101165 0.653885 0.740984 3815 3816 3818 3820 3821 3826 3827 3978 4006
61 4.19784 -7.65389 2.36858 -0.636174 -0.341522 0.327234 0.60956 3789 3791 3795 3796 3810 3812 3816 3822 3823 3824 3831 3832 3837 3924 3925 3926 3929 3930 3952 3953 3982 4008
62 3.45212 -5.62437 0.508735 -0.174575 -0.16099 0.658531 0.714103 3789 3791 3796 3798 3799 3800 3810 3811 3812 3813 3814 3815 3816 3818 3819 3820 3821 3822 3823 3824 3825 3826 3827 3929 3936 3938 3946 3947 3952 3955 3957 3958 3960 3974 3975 3977 3978 4006 4128 4141
63 2.8809 -4.5921 1.3468 -0.133523 -0.118287 0.652475 0.736516 3815 3820 3821 3825 3826 3827 3936 3938 3946 3947 3952 3955 3957 3978 3979 4006 4128 4141
64 0.99682 -8.77897 1.77538 -0.345085 -0.0630145 0.16822 0.921221 3659 3660 3661 3738 3793 3829
65 2.843 -9.05095 3.45297 -0.689597 -0.258669 0.237564 0.633332 3736 3738 3740 3741 3742 3744 3795 3831 3835 3836 3924 3926 3929 3931
66 2.9305 -7.6137 4.23889 0.770201 0.381737 -0.226902 -0.457802 3831 3832 3833 3834 3837 3924 3926 3929 3930 3931
67 4.3117 -8.444 3.09736 -0.573244 -0.353469 0.387985 0.62922 3660 3661 3736 3738 3740 3741 3742 3743 3744 3745 3772 3774 3795 3796 3822 3823 3831 3832 3834 3835 3836 3837 3838 3841 3858 3859 3860 3861 3870 3871 3872 3873 3902 3903 3910 3924 3925 3926 3928 3929 3930 3931 3932 3942
68 4.33099 -7.4052 3.10047 -0.569852 -0.359993 0.394527 0.624517 3795 3796 3822 3823 3824 3825 3831 3832 3834 3835 3836 3837 3838 3858 3860 3870 3871 3872 3873 3902 3903 3904 3905 3915 3922 3924 3925 3926 3929 3930 3931 3932 3936 3937 3942 3952 3953 3954
69 4.21139 -6.60268 3.01401 -0.57559 -0.318448 0.364619 0.659045 3822 3823 3824 3825 3826 3870 3872 3902 3903 3905 3915 3925 3926 3929 3930 3931 3936 3937 3938 3939 3942 3952 3953 3954 4008
70 3.40957 -4.7012 1.49216 -0.174843 -0.147244 0.627103 0.744642 3825 3826 3827 3936 3938 3946 3947 3952 3955 3957 3960 4006 4128 4141 4143
71 0.615129 -3.58636 1.28726 -0.0379352 -0.0247001 0.545084 0.837158 1274 3809 3966 3967 3968 3969 3970 3976
72 0.614486 -2.58523 1.28716 -0.0373904 -0.0245774 0.54873 0.834801 1278 3969 3970 3971 3972 3973 3981 3986
73 1.82029 -3.59391 1.32651 -0.111713 -0.0958887 0.644222 0.750535 3821 3974 3976 3978 3979 4006 4007 4009
74 1.80596 -2.59629 1.32243 -0.107062 -0.090393 0.638753 0.756545 3980 3981 3982 3984
75 0.608307 -1.58718 1.28674 -0.0359548 -0.0223629 0.527676 0.84839 1294 3973 3986 3987 3988 3989 3990 3995
76 0.603889 -0.586453 1.28639 -0.0343063 -0.0209542 0.520833 0.852712 1298 3989 3990 3991 3992 3993 4001 4659
77 1.78283 -1.59845 1.31624 -0.0992438 -0.0818107 0.630797 0.765214 3994 3995 3996 3998
78 1.76197 -0.57411 1.31017 -0.0863931 -0.077718 0.664264 0.73841 4000 4001 4002 4004
79 2.90517 -3.60478 1.35686 -0.145309 -0.125438 0.6413 0.74289 3821 3827 3946 3947 3957 3978 3979 3982 3983 3985 4006 4007 4008 4009 4011 4128 4141 4142 4149
80 2.91408 -2.61289 1.36102 -0.150465 -0.127626 0.63414 0.747622 3979 3982 3983 3984 3996 3997 3999 4007 4008 4009 4010 4011 4012 4019 4021 4142 4149 4150 4173
81 2.89338 -1.62758 1.35383 -0.146255 -0.118089 0.61701 0.764174 3985 3996 3997 3998 4003 4010 4012 4019 4020 4021 4022 4024 4027 4029 4150 4173
82 3.31522 -3.6919 1.44822 -0.155942 -0.130178 0.627482 0.751666 3827 3946 3947 3955 3957 4006 4007 4008 4009 4011 4128 4141 4142 4144 4149 4152
83 2.37401 -1.81816 1.30759 -0.0753899 0.0205895 -0.262653 0.96172 3996 4010 4011 4012 4019 4020 4021 4022 4024 4027 4029 4033 4153 4177
84 1.97576 -0.800487 1.37862 -0.129741 0.0838586 -0.536318 0.829758 4002 4020 4022 4024 4025 4027 4029 4034
