0 1.37669 20.8665 1.51853 -0.128103 -0.205994 0.823825 0.512316 2670 2671 2767 2768 2770 2772 2773 2774 2775 5768 5769 5771 5784 5785 5790 5792 5824 5826 5828 5830 5831 5832 5833 5836 5837 5842 5843 5844 5846 5848 5881 5894 5938
1 2.24071 21.0708 3.44852 -0.309728 -0.442051 0.689431 0.483057 5771 5832 5836 5837 5838 5839 5840 5841 5842 5843 5844
2 1.25501 21.8706 1.46626 -0.106667 -0.185464 0.846783 0.487015 2718 2753 2767 2768 2770 2772 2773 2774 2775 2811 2815 2816 2817 5785 5792 5824 5825 5826 5828 5830 5831 5832 5833 5836 5837 5842 5843 5844 5846 5848 5849 5879 5880 5881 5886 5890 5894 5896 5897 5899 5935 5936 5938
3 1.95631 21.8628 2.94064 -0.243547 -0.324122 0.730809 0.549134 5824 5828 5829 5832 5833 5834 5835 5837 5840 5843 5844 5846 5848 5881 5884 5886 5894
4 2.97293 20.8188 1.94558 -0.24956 -0.321442 0.721526 0.560174 2586 5705 5765 5769 5771 5775 5782 5784 5785 5790 5792 5832 5833 5835 5836 5837 5842 5843 5844 5846 5848 5849 5881 5884 5894 5897 5935 5936 5938
5 -0.115003 19.3482 4.01555 -0.580473 0.310078 -0.354758 0.664115 5772 5787 5788 5789 5815 5817 5825 5827 5829 5838 5839 5840 5841 5850 5865 5866 5867 5868 5885
6 1.58173 21.112 2.31258 -0.0855325 -0.00620282 0.0720636 0.993706 5828 5832 5833 5837 5842 5843 5844 5846 5848 5849 5879 5881 5894 5897 5898 5899 5900 5901 5902 5935 5936 5937 5938 5947 5948 5949 5950 5951 5953 5974 5976 5982 5984 6072
7 -0.86617 21.2223 3.87177 -0.292248 0.248483 -0.598203 0.703563 2776
8 0.164039 19.7003 4.03209 -0.3723 0.220511 -0.459434 0.775686 5788 5789 5806 5815 5817 5829 5838 5839 5840 5841 5850 5853 5855 5857 5859 5861 5865 5867
9 0.994471 22.8579 1.38045 -0.0641505 -0.142154 0.900333 0.406298 2701 2703 2713 2715 2716 2718 2719 2752 2753 2767 2769 2772 2773 2774 2775 2807 2811 2812 2815 2816 2817 2824 2826 2828 2829 2946 2949 2952 5824 5826 5828 5830 5831 5832 5833 5837 5842 5843 5844 5846 5848 5849 5879 5880 5881 5886 5888 5889 5890 5892 5894 5896 5897 5898 5899 5900 5901 5902 5935 5936 5937 5947 5948 5949 5950 5951 6007 6009 6011 6018
10 1.84523 22.8556 2.82984 -0.21948 -0.297487 0.747687 0.551629 5833 5835 5846 5849 5880 5881 5884 5886 5890 5892 5894 5896 5897 5898 5899 5900
11 1.6684 23.8663 2.69054 -0.182782 -0.261603 0.776869 0.542797 2931 5879 5880 5881 5883 5886 5888 5889 5890 5892 5895 5896 5898 5899 5900 5901 5902 6009 6011 6013 6018 6019
12 1.79832 22.5855 2.30554 -0.0390997 -0.0637617 0.850094 0.521292 2828 5833 5840 5843 5844 5846 5848 5849 5880 5881 5883 5886 5888 5890 5892 5894 5896 5897 5898 5899 5900 5901 5902 5935 5936 5937 5947 5948 5949 5950 5951 5952 5953 5974 6018 6020 6057 6059
13 1.81749 23.6937 2.31861 -0.0394133 -0.0854993 0.904119 0.416779 2828 5849 5886 5888 5889 5890 5892 5894 5896 5897 5898 5899 5900 5901 5902 5936 5947 5948 5949 5950 5951 5952 5953 5976 5980 5982 5984 6007 6011 6013 6018 6019 6020 6048 6055 6057 6059 6061 6063 6068
14 1.22549 22.4373 3.30689 -0.0555967 0.0533121 -0.690065 0.719637 5886 5894 5896 5898 5899 5901 5936 5947 5948 5951
15 1.78558 23.516 3.30034 -0.040091 -0.0518408 0.789347 0.61044 5891 5893 5896 5898 5899 5900 5901 5902 5948 5951 5952 6018 6020 6057
16 3.14781 21.172 2.40064 -0.143993 -0.092928 0.534227 0.827788 5837 5838 5840 5842 5843 5844 5846 5848 5849 5886 5891 5894 5895 5896 5897 5898 5899 5901 5935 5936 5937 5938 5942 5945 5947 5948 5949 5950 5951 5952 5953 5970 5972 5974 5976 5978 5982 5986 5988
17 3.56063 18.7349 5.2629 -0.67803 -0.187649 0.189559 0.684932 5792 5793 5821 5823 5837 5842 5843 5864 5868 5869 5872 5910 5935 5937 5938 5941 5942 5944 5945 5946 5974 5975 6222 6223 6224 6225 6228 6230 6231 6232 6233 6234 6236 6237 6251 6256 6267
18 3.38573 20.6916 3.64111 -0.272898 -0.122535 0.390859 0.870483 5843 5870 5935 5936 5937 5938 5942 5945
19 4.69348 19.8373 5.05868 -0.634087 -0.204487 0.228884 0.70974 5843 5844 5862 5863 5864 5868 5872 5874 5876 5907 5910 5935 5937 5938 5942 5943 5944 5945 5946 5974 5975 5986 5987 5990 5991 6230 6231 6232 6233 6234 6235 6236 6237 6245 6251 6252 6255 6256 6267 6268
20 2.95227 22.506 2.32852 -0.070168 -0.080104 0.747941 0.655168 5840 5843 5844 5846 5848 5849 5886 5887 5890 5891 5892 5893 5894 5896 5897 5898 5899 5900 5901 5902 5935 5936 5937 5945 5947 5948 5949 5950 5951 5952 5953 5970 5972 5974 5976 5978 5980 5982 5984 5986 5988 5992 6012 6018 6020 6057 6059 6068 6072
21 2.86785 23.6404 2.32068 -0.0487541 -0.083692 0.860014 0.500994 5849 5887 5890 5891 5892 5893 5894 5896 5897 5898 5899 5900 5901 5902 5936 5937 5945 5947 5948 5949 5950 5951 5952 5953 5968 5970 5972 5974 5976 5978 5980 5982 5984 5986 5988 5990 5992 5994 5996 6011 6012 6013 6018 6019 6020 6045 6047 6048 6055 6057 6059 6061 6063 6065 6068 6070 6072 6074 6076
22 2.84736 22.4742 3.30826 -0.05384 -0.0581017 0.731191 0.677559 5849 5897 5898 5901 5936 5937 5945 5947 5948 5949 5950 5951 5953 5970 5972 5974 5976 5978 5980 5982 5984
23 2.83127 23.5963 3.31101 -0.0441934 -0.0707848 0.845293 0.527746 5898 5901 5902 5947 5948 5950 5951 5952 5953 5968 5970 5972 5976 5978 5980 5982 5984 6020 6045 6057 6059 6061 6068 6070
24 4.01117 22.2548 3.35116 -0.108222 -0.0727203 0.552975 0.822933 5937 5942 5945 5949 5950 5953 5968 5970 5972 5974 5976 5978 5980 5982 5984 5986 5988 5990 5992 5996 6059
25 3.84192 23.5705 3.31092 -0.047042 -0.0687486 0.82242 0.562749 5945 5950 5952 5953 5964 5968 5970 5972 5974 5976 5978 5980 5982 5984 5986 5988 5990 5992 5994 5996 5998 6055 6059 6061 6068 6070 6072 6074 6082 6084
26 5.28628 21.7661 3.56163 -0.241248 -0.106847 0.390605 0.881936 5945 5946 5949 5950 5974 5976 5982 5986 5988 5990 5992 5996 6000 6004 6005
27 4.8484 23.4709 3.30839 -0.0542922 -0.0579577 0.727503 0.681493 5970 5972 5974 5976 5978 5980 5982 5984 5986 5988 5990 5992 5994 5996 5998 6000 6002 6068 6070 6072 6074 6082 6084 6086 6088 6095 6100 6102
28 1.55496 25.0037 2.65589 -0.156242 -0.262241 0.818078 0.487407 2817 2931 2957 2958 2959 5880 5889 5892 5899 5900 5902 6007 6009 6011 6013 6014 6015 6016 6017 6018 6019 6020 6045 6047
29 1.46431 26.1609 2.66252 -0.136615 -0.276003 0.852663 0.422047 2817 2931 2956 2957 2958 2959 2988 2991 5880 6009 6011 6012 6013 6014 6015 6016 6017 6018 6019 6045 6047 6048 6050 6053 6057 6063
30 1.84329 23.8955 2.38695 -0.155861 -0.0406929 0.249318 0.95493 2959 2988 5889 5890 5892 5896 5899 5900 5901 5902 5951 5952 5968 5980 6007 6009 6011 6013 6014 6015 6016 6017 6018 6019 6020 6045 6048 6050 6055 6057 6059 6061 6063 6065 6068 6070 6072 6076
31 1.48195 25.8673 3.87267 0.00683345 -0.383839 0.923229 -0.0164362 6011 6016 6019 6020 6041 6045 6047 6048 6057 6061 6063
32 1.20608 27.2075 4.3857 0.0481321 -0.522798 0.847512 -0.0780273 3093 5894 5952 6009 6011 6017 6019 6020 6037 6038 6047 6048 6049 6063 6064 6065 6067 6306
33 1.12929 27.1756 2.51749 -0.0816889 -0.227836 0.913335 0.32747 2916 2931 2943 2954 2956 2957 2958 2959 2988 2991 6009 6011 6013 6014 6015 6016 6017 6019 6041 6045 6047 6048 6050 6053 6063 6067
34 2.25879 27.4545 5.17822 -0.343172 -0.596656 0.628828 0.361676 3087 3088 3091 3093 6015 6017 6030 6031 6037 6038 6047 6050 6051 6052 6053 6054 6300 6301 6304
35 2.82646 24.3775 3.30623 -0.0597988 -0.0468139 0.61465 0.785136 5902 5952 5968 5978 5980 6020 6045 6047 6048 6055 6057 6059 6061 6063 6065 6068 6070 6072 6074 6076 6079
36 2.33481 27.0275 4.06944 0.0276114 -0.442502 0.894603 -0.0558218 3093 5894 5952 5953 6019 6020 6047 6048 6049 6063 6064 6065 6067 6076 6078 6079 6081 6090 6306
37 3.79226 24.6243 3.30777 -0.0369305 -0.0691966 0.879499 0.469392 5966 5968 5972 5978 5980 5982 5984 5992 5994 5998 6048 6055 6057 6059 6061 6063 6065 6068 6070 6072 6074 6076 6079 6082 6084 6086 6088 6090 6095
38 3.31007 27.1626 4.27409 0.0321119 -0.496691 0.865526 -0.0559577 5837 5894 5952 5953 6020 6049 6063 6064 6065 6067 6076 6078 6079 6081 6090 6092 6094 6104
39 4.77399 24.6042 3.30378 -0.0345282 -0.0629596 0.874538 0.479612 5976 5980 5982 5984 5988 5992 5994 5996 5998 6000 6002 6006 6065 6068 6070 6072 6074 6076 6079 6082 6084 6086 6088 6090 6093 6094 6095 6097 6099 6100 6101 6102 6104 6105 6107 6108
40 4.77359 25.4995 3.29836 -0.0389896 -0.0477611 0.77318 0.631183 5984 6067 6068 6070 6072 6074 6076 6078 6079 6081 6082 6084 6086 6088 6090 6092 6093 6094 6095 6097 6098 6099 6100 6101 6102 6103 6104 6105 6106 6107 6108 6114
41 5.01198 24.7212 4.39964 -0.523491 -0.0712534 0.11451 0.841289 6090 6094 6101
