0 5.13215 -7.61788 5.75414 0.816876 0.279064 -0.163196 -0.477707 3834 3841 3843 3870 3872 3873 3879 3881 3883 3885 3887 3902 3903 3904 3905 3909 3910 3911 3914 3915 3916 3917 3919 3921 3922 3923 3924 3925 3926 3929 3930 3931 3932 3936 3937 3938 3939 3942 3943 3953 3954 3958 3959 3964 4060 4061 4065 4067 4068 4077 4308 4310 4311 4313 4314 4315 4316 4317 4318 4320 4471 4477
1 3.94641 -5.19122 7.18439 0.951292 0.280324 -0.0362655 -0.123068 3904 3914 3915 3916 3917 3930 3931 3932 3940 3941 3942 3943 3948 3949 3950 3951 3954 3962 3963 3964 3965 4060 4062 4130 4131 4132 4133 4137 4138 4139 4140 4145 4146 4147 4148 4154 4155 4156 4157 4164 4181 4182 4199 4201 4307 4311 4312 4313 4314 4315 4316 4317 4318 4320 4321 4332 4336 4338 4340 4342 4457 4458 4459 4460 4467 4468 4469 4470 4477 4478 4479 4480 4486 4487 4497 4498 4499 4517
2 3.26405 -3.0626 7.23115 -0.248019 0.964271 -0.0901695 0.0231924 3931 3932 3940 3941 3942 3943 3948 3949 3950 3951 3954 3962 3963 3964 3965 4130 4131 4132 4133 4137 4138 4139 4140 4145 4146 4147 4148 4154 4155 4156 4157 4164 4166 4181 4182 4184 4188 4306 4307 4311 4312 4313 4314 4315 4316 4317 4320 4330 4332 4334 4336 4338 4340 4342 4344 4457 4458 4459 4460 4467 4468 4469 4470 4477 4478 4479 4480 4486 4487 4488 4489 4497 4498 4499 4500 4504 4508 4517 4536 4539 4549
3 3.31723 -2.01998 7.22816 -0.19083 0.976943 -0.0939687 0.0183552 3941 3943 3948 3949 3950 3951 3954 3962 3963 3964 3965 4130 4131 4132 4133 4137 4138 4139 4140 4145 4146 4147 4148 4154 4155 4156 4157 4163 4164 4165 4166 4169 4170 4171 4176 4180 4181 4182 4184 4186 4188 4190 4311 4312 4313 4314 4316 4317 4332 4336 4338 4342 4344 4351 4457 4458 4459 4460 4467 4468 4469 4470 4477 4478 4479 4480 4486 4487 4488 4489 4497 4498 4499 4500 4502 4504 4506 4508 4517 4518 4519 4520 4524 4529 4539 4540 4549 4550 4551 4889 5101 5105 5107 5115
4 3.28987 -1.10018 7.23935 -0.243954 0.966015 -0.0828521 0.0209232 3948 3949 3950 3951 3962 3963 3964 3965 4117 4130 4131 4132 4133 4137 4138 4139 4140 4145 4146 4147 4148 4154 4155 4156 4157 4163 4164 4165 4166 4169 4170 4171 4172 4176 4180 4181 4182 4184 4186 4188 4190 4311 4312 4313 4317 4457 4458 4459 4460 4467 4468 4469 4470 4477 4478 4479 4480 4486 4487 4488 4489 4497 4498 4499 4500 4502 4504 4506 4508 4517 4518 4519 4520 4524 4529 4530 4539 4540 4549 4550 4551 4552 4571 4572 4573 4583 4871 4873 4874 4885 4887 4889 4891 4895 5101 5103 5105 5107 5109 5112 5115 5117 5119 5123 5130
5 5.55166 -6.34042 6.46369 0.898277 0.237742 -0.0945552 -0.357263 3883 3885 3887 3914 3916 3917 3923 3929 3930 3937 3942 3943 3954 3962 3963 3964 3965 4039 4041 4043 4060 4061 4062 4063 4072 4073 4074 4075 4132 4145 4147 4311 4312 4313 4314 4315 4316 4317 4318 4319 4320 4321 4332 4336 4338 4340 4342 4344 4457 4459 4471 4474 4477 4478 4479 4532 4534 4536 4538 4539 4540
6 4.55278 -3.58466 7.28289 0.965275 0.261148 -0.00175828 -0.00649908 3942 3943 3948 3949 3950 3951 3954 3962 3963 3964 3965 4041 4043 4130 4131 4132 4133 4137 4138 4139 4140 4145 4146 4147 4148 4154 4155 4156 4157 4164 4166 4181 4182 4184 4188 4190 4199 4306 4307 4311 4312 4313 4314 4315 4316 4317 4318 4319 4320 4321 4330 4332 4334 4336 4338 4340 4342 4344 4348 4351 4352 4457 4458 4459 4460 4467 4468 4469 4470 4477 4478 4479 4480 4486 4487 4488 4489 4497 4498 4499 4500 4504 4508 4517 4518 4519 4520 4529 4530 4536 4539 4540 4549 4550 4551 4552 4571 4572 5105 5115
7 4.22151 -2.00933 7.21765 -0.256656 0.960838 -0.100948 0.0269649 3943 3950 3951 3954 3962 3963 3964 3965 4130 4131 4132 4133 4137 4138 4139 4140 4145 4146 4147 4148 4154 4155 4156 4157 4163 4164 4165 4166 4169 4176 4180 4181 4182 4184 4186 4188 4190 4311 4312 4313 4314 4316 4317 4330 4332 4334 4336 4338 4342 4344 4351 4352 4457 4458 4459 4460 4467 4468 4469 4470 4477 4478 4479 4480 4486 4487 4488 4489 4497 4498 4499 4500 4502 4504 4506 4508 4517 4518 4519 4520 4529 4530 4539 4540 4549 4550 4551 4552 4559 4560 4562 4571 4572 4573 4574 4583 4591 5101 5105 5115 5117 5121
8 6.26485 -4.87592 6.87254 0.934617 0.240943 -0.065306 -0.253322 3953 3962 3964 3965 4041 4043 4045 4072 4074 4083 4085 4087 4104 4132 4139 4145 4146 4147 4148 4154 4155 4156 4157 4182 4311 4312 4313 4314 4315 4316 4317 4318 4319 4320 4321 4332 4338 4340 4342 4344 4349 4350 4352 4414 4416 4457 4458 4459 4460 4467 4468 4469 4470 4477 4478 4479 4480 4486 4487 4488 4489 4497 4499 4517 4519 4532 4536 4539 4540 4549 4550 4551 4552 4553 4554 4559 4560 4561 4562 4571 4573 4591 4593
9 5.24121 -2.04673 7.22631 -0.258141 0.961191 -0.0940064 0.0252467 3964 3965 4139 4140 4145 4146 4147 4148 4154 4155 4156 4157 4163 4166 4176 4181 4182 4188 4307 4311 4312 4313 4314 4315 4316 4317 4326 4330 4332 4334 4336 4338 4340 4342 4344 4347 4348 4351 4352 4457 4458 4459 4460 4467 4468 4469 4470 4477 4478 4479 4480 4486 4487 4488 4489 4497 4498 4499 4500 4504 4506 4508 4517 4518 4519 4520 4529 4530 4539 4540 4549 4550 4551 4552 4559 4560 4561 4562 4571 4572 4573 4574 4583 4584 4585 4586 4591 4592 4593 4594 4599 4604 4609 5115 5145
10 4.22132 -1.01059 7.21786 -0.257271 0.960692 -0.100768 0.0269855 3951 3963 3965 4132 4133 4137 4138 4139 4140 4145 4146 4147 4148 4154 4155 4156 4157 4163 4164 4165 4166 4169 4170 4171 4172 4176 4180 4181 4182 4184 4186 4188 4190 4312 4313 4338 4342 4344 4457 4458 4459 4460 4467 4468 4469 4470 4477 4478 4479 4480 4486 4487 4488 4489 4497 4498 4499 4500 4502 4504 4506 4508 4517 4518 4519 4520 4524 4529 4530 4539 4540 4549 4550 4551 4552 4559 4560 4561 4571 4572 4573 4574 4583 4584 4585 4586 4591 4592 4594 4599 4604 4871 4885 4887 4889 4891 5101 5103 5105 5107 5109 5112 5115 5117 5119 5121 5123 5125 5127 5129 5143 5145
11 5.21039 -1.01771 7.21799 -0.267321 0.957955 -0.100387 0.0280132 3965 4147 4148 4154 4155 4156 4157 4159 4163 4166 4167 4169 4170 4176 4181 4182 4184 4186 4188 4190 4311 4312 4313 4317 4338 4340 4342 4344 4352 4457 4458 4459 4460 4467 4468 4469 4470 4477 4478 4479 4480 4486 4487 4488 4489 4497 4498 4499 4500 4502 4504 4506 4508 4517 4518 4519 4520 4524 4529 4530 4539 4540 4549 4550 4551 4552 4559 4560 4561 4562 4571 4572 4573 4574 4583 4584 4585 4586 4591 4592 4593 4594 4599 4600 4601 4602 4604 4609 4610 4612 4617 4889 5101 5103 5105 5107 5115 5117 5119 5121 5123 5127 5143 5145 5150 5152 5154 5156 5158 5164
12 5.2472 -0.0648261 7.22993 -0.261537 0.960587 -0.0908774 0.024743 4148 4156 4157 4163 4169 4170 4176 4181 4182 4184 4186 4188 4190 4457 4458 4460 4467 4468 4469 4470 4477 4478 4480 4486 4487 4488 4489 4497 4498 4499 4500 4502 4504 4506 4508 4517 4518 4519 4520 4524 4529 4530 4540 4549 4550 4551 4552 4559 4560 4561 4562 4571 4572 4573 4574 4583 4584 4585 4586 4591 4592 4593 4594 4599 4600 4601 4602 4604 4609 4610 4612 4617 4618 4619 4622 4871 4873 4885 4887 4889 4891 4892 4895 5101 5103 5105 5107 5109 5112 5115 5117 5119 5121 5123 5125 5127 5129 5138 5143 5145 5149 5150 5152 5154 5156 5158 5164 5165 5166 5167 5169 5171 5173 5177 5179 5181 5183 5442
13 6.60174 -2.7932 7.27246 0.98951 0.138154 -0.00583826 -0.0418159 4156 4157 4169 4170 4182 4184 4186 4190 4312 4313 4314 4315 4316 4317 4318 4320 4332 4336 4338 4340 4342 4344 4346 4348 4349 4350 4351 4352 4414 4416 4457 4458 4459 4460 4467 4468 4469 4470 4477 4478 4479 4480 4486 4487 4488 4489 4497 4498 4499 4500 4504 4517 4518 4519 4520 4529 4530 4532 4536 4539 4540 4549 4550 4551 4552 4553 4554 4559 4560 4561 4562 4571 4572 4573 4574 4583 4584 4585 4586 4591 4592 4593 4594 4599 4600 4601 4602 4604 4609 4610 4611 4612 4617 4618 4619 4620 4889 5101 5105 5121 5145 5150 5164 5165 5166 5167 5442 5443
14 8.00709 -3.62473 7.04344 0.958718 0.202252 -0.0412592 -0.195577 4172 4318 4319 4332 4336 4338 4340 4342 4344 4349 4350 4351 4352 4414 4416 4460 4469 4470 4477 4478 4479 4480 4486 4487 4488 4489 4500 4517 4518 4519 4520 4529 4530 4532 4536 4539 4540 4549 4550 4551 4552 4553 4554 4559 4560 4561 4562 4571 4572 4573 4574 4583 4584 4585 4586 4591 4592 4593 4594 4599 4601 4602 4604 4609 4610 4611 4612 4617 4618 4619 4622 4624 5150 5164
15 6.20338 -1.03402 7.22012 -0.278662 0.954904 -0.0983983 0.0287148 4176 4182 4184 4188 4190 4313 4314 4315 4317 4338 4340 4342 4344 4346 4349 4351 4352 4459 4460 4467 4468 4469 4470 4477 4478 4479 4480 4486 4487 4488 4489 4497 4498 4499 4500 4502 4504 4508 4517 4518 4519 4520 4524 4529 4530 4539 4540 4549 4550 4551 4552 4559 4560 4561 4562 4571 4572 4573 4574 4583 4584 4585 4586 4591 4592 4593 4594 4599 4600 4601 4602 4604 4609 4610 4611 4612 4617 4618 4619 4620 4622 4623 4624 4631 5105 5115 5117 5119 5121 5145 5150 5152 5156 5164 5165 5166 5167 5171 5442
16 6.1902 -0.0305012 7.21799 -0.285684 0.95264 -0.0998253 0.0299363 4184 4186 4188 4190 4469 4470 4477 4478 4480 4486 4487 4488 4489 4497 4498 4499 4500 4502 4504 4508 4517 4518 4519 4520 4524 4529 4530 4539 4540 4549 4550 4551 4552 4559 4560 4561 4562 4571 4572 4573 4574 4583 4584 4585 4586 4591 4592 4593 4594 4599 4600 4601 4602 4604 4609 4610 4611 4612 4617 4618 4619 4620 4622 4623 4624 4631 4632 4633 4636 4885 4889 4891 5101 5103 5105 5107 5112 5115 5117 5119 5121 5123 5125 5127 5129 5143 5145 5149 5150 5152 5154 5156 5158 5164 5165 5166 5167 5169 5171 5173 5175 5177 5181 5183 5187 5189 5191 5442 5443 5444 5445 5447 5452 5459
17 7.21456 -1.0923 7.23099 -0.29767 0.950104 -0.0889843 0.027879 4317 4320 4336 4338 4340 4342 4344 4345 4346 4347 4348 4349 4350 4351 4352 4479 4480 4486 4487 4488 4489 4499 4500 4502 4508 4517 4518 4519 4520 4529 4530 4539 4540 4549 4550 4551 4552 4559 4560 4561 4562 4571 4572 4573 4574 4583 4584 4585 4586 4591 4592 4593 4594 4599 4600 4601 4602 4604 4609 4610 4611 4612 4617 4618 4619 4620 4622 4624 4626 4632 4633 4635 4639 5119 5143 5145 5150 5164 5165 5166 5167 5175 5442 5443 5444 5445 5452 5459
18 7.16799 -0.0462968 7.21807 -0.306491 0.946158 -0.0990849 0.0320967 4346 4352 4488 4489 4502 4504 4508 4517 4518 4519 4520 4529 4530 4539 4540 4549 4550 4551 4552 4559 4560 4561 4562 4571 4572 4573 4574 4583 4584 4585 4586 4591 4592 4593 4594 4599 4600 4601 4602 4604 4609 4610 4611 4612 4617 4618 4619 4620 4622 4624 4626 4632 4633 4635 4637 4644 5101 5105 5115 5117 5119 5121 5127 5143 5145 5149 5150 5152 5154 5156 5158 5164 5165 5166 5167 5171 5173 5175 5187 5191 5193 5442 5443 5444 5445 5452 5453 5454 5459 5460 5461 5462 5469 5474 5476 5505
19 9.41442 -4.43315 6.44533 0.905405 0.201503 -0.0811789 -0.364758 4343 4344 4349 4350 4351 4352 4414 4416 4426 4532 4536 4540 4551 4552 4553 4554 4559 4560 4561 4562 4591 4593 4604 4609 4611 4622 4624 4625 4626 4638 4639
20 8.49415 -1.63912 7.28158 0.979474 -0.20092 0.00325569 -0.0158713 4350 4351 4352 4414 4486 4488 4489 4519 4520 4539 4540 4549 4550 4551 4552 4553 4559 4560 4561 4562 4571 4572 4573 4574 4583 4584 4585 4586 4591 4592 4593 4594 4599 4600 4601 4602 4604 4609 4610 4611 4612 4617 4618 4619 4620 4622 4624 4626 4632 4635 4637 4639 4642 4644 4646 4648 4650 4652 5150 5152 5158 5164 5165 5166 5167 5171 5175 5181 5187 5191 5442 5443 5444 5445 5452 5453 5459 5460 5462 5506
21 8.1592 -0.0742859 7.22163 -0.324954 0.940293 -0.0957108 0.0330765 4348 4350 4351 4352 4530 4551 4552 4559 4560 4561 4562 4571 4572 4573 4574 4583 4584 4585 4586 4591 4592 4593 4594 4599 4600 4601 4602 4604 4609 4610 4611 4612 4617 4618 4619 4620 4624 4626 4632 4633 4635 4637 4639 4642 4644 4646 4648 4652 5115 5119 5145 5150 5164 5165 5166 5167 5171 5173 5175 5442 5443 5444 5445 5452 5453 5454 5459 5460 5461 5462 5469 5470 5471 5472 5474 5480 5493 5506 5507 5509 5510 5516
22 10.0217 -2.74715 6.98999 0.956977 0.187971 -0.0426044 -0.216903 4352 4414 4416 4426 4552 4553 4554 4559 4560 4561 4562 4573 4574 4591 4592 4593 4594 4599 4600 4601 4602 4604 4609 4610 4611 4612 4617 4618 4622 4624 4626 4632 4635 4637 4639 4642 4644 4646 4648 4650 4652 5150 5164 5166 5167 5442 5444 5445 5459 5460 5509 5521
23 9.15086 -0.162385 7.23347 -0.377607 0.921483 -0.084206 0.0345061 4305 4562 4574 4585 4586 4591 4592 4593 4594 4599 4600 4601 4602 4604 4609 4610 4611 4612 4617 4618 4619 4620 4624 4626 4632 4633 4635 4637 4639 4642 4644 4646 4648 4650 4652 4654 5164 5166 5167 5442 5443 5444 5445 5452 5453 5454 5459 5460 5461 5462 5469 5470 5471 5472 5493 5494 5506 5507 5509 5511 5516 5517 5518 5519 5521 5523 5525 5540
24 11.8702 -4.21567 4.60484 -0.724025 -0.171468 0.15397 0.650138 4424 4445 4446 4447 4448 4449 4603 4604 4607 4608 4621 4622 4624 4625 4626 4629 4638 4639 4640 4645 4646 4649 4650 4653 4654 4655 4656 5574 5575
25 10.4107 -0.690103 7.2774 0.936389 -0.349593 0.0108352 -0.0290223 4594 4599 4600 4601 4602 4609 4610 4611 4617 4618 4620 4622 4624 4626 4632 4633 4635 4637 4639 4642 4644 4646 4648 4650 4652 4654 4656 5166 5442 5443 5444 5445 5453 5459 5460 5461 5462 5469 5470 5471 5472 5493 5494 5495 5506 5509 5511 5516 5517 5519 5521 5523 5525 5527 5530 5533 5540 5541 5542 5543 5555 5571 5573 5575 5577
26 11.9607 -1.6905 7.02457 0.962485 0.174716 -0.0370788 -0.204262 4622 4626 4635 4637 4639 4642 4644 4646 4648 4650 4652 4654 4656 5445 5460 5469 5470 5471 5506 5509 5511 5521 5523 5525 5527 5533 5571 5573 5575 5577 5579 5583 5587 5589 5593
27 13.8052 -3.2287 4.73405 -0.739812 -0.166814 0.143371 0.635843 4629 4638 4639 4649 4650 4651 4653 4654 4655 4656 5574 5575 5586 5587 5590 5591 5633 5638 5639
28 6.22484 0.867895 7.23798 -0.310898 0.946473 -0.0824439 0.0270812 4188 4190 4487 4488 4489 4499 4500 4502 4504 4506 4508 4517 4518 4519 4520 4524 4529 4530 4550 4551 4552 4560 4562 4571 4572 4573 4574 4583 4584 4585 4586 4591 4592 4593 4594 4599 4600 4601 4602 4604 4609 4610 4611 4612 4617 4618 4619 4620 4623 4631 4632 4633 4636 4637 4885 4887 4889 4891 4892 4893 4895 5101 5103 5105 5107 5109 5112 5115 5117 5119 5121 5123 5125 5127 5129 5130 5132 5133 5135 5136 5138 5141 5143 5145 5149 5150 5152 5154 5156 5158 5164 5165 5166 5167 5169 5171 5173 5175 5177 5179 5181 5183 5187 5189 5191 5193 5195 5197 5442 5443 5444 5445 5447 5452 5453 5454 5459 5460 5461 5462 5469 5474 5476 5478 5505
29 7.1608 0.93339 7.22058 -0.320296 0.941797 -0.0966867 0.0328822 4508 4519 4520 4529 4530 4550 4551 4559 4560 4562 4571 4572 4573 4574 4583 4584 4585 4586 4591 4592 4593 4594 4599 4600 4601 4602 4604 4609 4610 4611 4612 4617 4618 4619 4620 4624 4626 4632 4633 4635 4637 5101 5103 5105 5107 5109 5112 5115 5117 5119 5121 5123 5125 5127 5129 5138 5143 5145 5149 5150 5152 5154 5156 5158 5164 5165 5166 5167 5169 5171 5173 5175 5177 5179 5181 5183 5187 5189 5191 5193 5195 5197 5442 5443 5444 5445 5447 5452 5453 5454 5459 5460 5461 5462 5469 5470 5471 5472 5474 5476 5478 5480 5482 5484 5490 5493 5505 5506 5507 5510 5516
30 8.13618 0.933101 7.21741 -0.335015 0.93638 -0.0985635 0.0352637 4560 4561 4562 4573 4574 4583 4584 4585 4586 4591 4592 4593 4594 4599 4600 4601 4602 4604 4609 4610 4611 4612 4617 4618 4619 4620 4624 4626 4632 4633 4635 4637 4639 4642 4644 4646 4648 4652 5115 5117 5119 5121 5127 5145 5150 5152 5154 5156 5158 5164 5165 5166 5167 5169 5171 5173 5175 5181 5187 5189 5191 5193 5442 5443 5444 5445 5447 5452 5453 5454 5459 5460 5461 5462 5469 5470 5471 5472 5474 5476 5478 5480 5482 5484 5486 5493 5494 5495 5497 5499 5506 5507 5509 5511 5516 5517 5518 5519 5521 5529 5540
31 8.1453 1.89009 7.22538 -0.351367 0.931081 -0.0918122 0.0346476 4585 4586 4592 4593 4594 4599 4600 4601 4602 4610 4611 4612 4617 4618 4619 4620 4624 4631 4632 4633 4635 4637 4644 5119 5121 5123 5125 5127 5129 5138 5143 5145 5150 5152 5154 5156 5158 5164 5165 5166 5167 5169 5171 5173 5175 5177 5179 5181 5183 5184 5185 5187 5189 5191 5193 5195 5197 5442 5443 5444 5445 5447 5452 5453 5454 5459 5460 5461 5462 5469 5470 5471 5472 5474 5476 5478 5480 5482 5484 5486 5490 5493 5494 5495 5497 5499 5500 5501 5506 5507 5509 5511 5516 5517 5518 5519 5523 5529 5530 5531 5535 5540 5541 5542 5543 5545 5548 5555
32 9.10443 0.910444 7.21659 -0.363833 0.925489 -0.0980283 0.0385374 4594 4599 4600 4601 4602 4604 4609 4610 4611 4612 4617 4618 4619 4620 4624 4626 4632 4633 4635 4637 4639 4642 4644 4646 4648 4650 4652 4654 4656 5145 5150 5156 5164 5165 5166 5167 5169 5171 5173 5175 5191 5442 5443 5444 5445 5447 5452 5453 5454 5459 5460 5461 5462 5469 5470 5471 5472 5474 5476 5478 5480 5484 5493 5494 5495 5497 5499 5501 5506 5507 5509 5511 5516 5517 5518 5519 5521 5523 5525 5527 5530 5531 5533 5540 5541 5542 5543 5548 5555 5571
33 9.08877 1.90984 7.21436 -0.372349 0.921895 -0.0992893 0.0401025 4602 4610 4611 4612 4617 4618 4619 4620 4632 4633 4635 4637 4642 4644 4646 4648 4652 4654 5152 5154 5156 5158 5164 5165 5166 5167 5169 5171 5175 5181 5187 5189 5191 5193 5197 5442 5443 5444 5445 5447 5452 5453 5454 5459 5460 5461 5462 5469 5470 5471 5472 5474 5476 5478 5480 5482 5484 5486 5490 5493 5494 5495 5497 5499 5500 5501 5506 5507 5509 5511 5516 5517 5518 5519 5521 5523 5525 5527 5530 5531 5533 5535 5540 5541 5542 5543 5548 5549 5550 5555 5556 5557 5558 5563 5579 5603 5604 5605
34 9.13651 2.85881 7.22872 -0.373687 0.922651 -0.0882877 0.0357578 4618 4620 4632 4633 4636 4637 4644 5154 5156 5158 5167 5169 5171 5173 5175 5177 5179 5181 5183 5184 5187 5189 5191 5193 5195 5197 5442 5443 5444 5445 5447 5452 5453 5454 5459 5460 5461 5462 5469 5470 5471 5472 5474 5476 5478 5480 5482 5484 5486 5490 5493 5494 5495 5497 5499 5500 5501 5505 5506 5507 5509 5511 5516 5517 5518 5519 5523 5530 5531 5533 5534 5535 5540 5541 5542 5543 5545 5548 5549 5550 5555 5556 5557 5558 5563 5564 5565 5566 5567 5581 5603 5604 5605 5609 5614 5615
35 10.1311 0.812919 7.23399 -0.404206 0.910178 -0.0827302 0.0367401 4602 4617 4618 4619 4620 4624 4626 4632 4633 4635 4637 4639 4642 4644 4646 4648 4650 4652 4654 4656 5164 5166 5167 5442 5443 5444 5445 5452 5453 5454 5459 5460 5461 5462 5469 5470 5471 5472 5493 5494 5495 5506 5507 5509 5511 5516 5517 5518 5519 5521 5523 5525 5527 5530 5531 5533 5535 5540 5541 5542 5543 5548 5549 5555 5556 5557 5558 5571 5573 5575 5577 5579 5581 5583 5585 5587
36 10.1006 1.88301 7.2202 -0.380167 0.919228 -0.0946583 0.039148 4620 4633 4635 4637 4642 4644 4646 4648 4650 4652 4654 4656 5167 5169 5171 5175 5191 5442 5443 5444 5445 5452 5453 5454 5459 5460 5461 5462 5469 5470 5471 5472 5474 5476 5478 5480 5484 5490 5493 5494 5495 5497 5499 5500 5501 5506 5507 5509 5511 5516 5517 5518 5519 5521 5523 5525 5527 5530 5531 5533 5535 5540 5541 5542 5543 5548 5549 5550 5555 5556 5557 5558 5563 5564 5565 5566 5571 5573 5575 5577 5579 5581 5583 5585 5589 5593 5604 5605 5607 5614
37 11.171 0.72232 7.24885 -0.445146 0.892259 -0.067667 0.0337589 4620 4635 4637 4639 4642 4644 4646 4648 4650 4652 4654 4656 5444 5445 5459 5460 5462 5469 5471 5472 5506 5507 5509 5511 5516 5517 5518 5519 5521 5523 5525 5527 5530 5531 5533 5535 5540 5541 5542 5543 5549 5555 5556 5558 5563 5564 5565 5571 5573 5575 5577 5579 5581 5583 5585 5587 5589 5591 5593 5595 5597 5599 5604 5607 5633
38 11.1234 1.78618 7.2361 -0.425665 0.900537 -0.0800648 0.037845 4644 4646 4648 4650 4652 4654 4656 5445 5452 5453 5454 5459 5460 5461 5462 5469 5470 5471 5472 5493 5494 5495 5506 5507 5509 5511 5516 5517 5518 5519 5521 5523 5525 5527 5530 5531 5533 5535 5540 5541 5542 5543 5548 5549 5550 5555 5556 5557 5558 5563 5564 5565 5566 5569 5571 5573 5575 5577 5579 5581 5583 5585 5587 5589 5591 5593 5595 5597 5599 5604 5605 5607 5609 5614 5615 5616 5617 5619 5621 5623 5625 5635
39 10.0842 2.89933 7.2153 -0.380037 0.918837 -0.0982731 0.0406464 4633 4636 4637 5175 5187 5189 5191 5193 5197 5445 5452 5453 5454 5459 5460 5461 5462 5469 5470 5471 5472 5474 5476 5480 5482 5484 5486 5490 5493 5494 5495 5497 5499 5500 5501 5506 5507 5509 5511 5516 5517 5518 5519 5521 5523 5525 5527 5530 5531 5533 5535 5540 5541 5542 5543 5545 5548 5549 5550 5555 5556 5557 5558 5563 5564 5565 5566 5567 5569 5573 5579 5581 5583 5585 5604 5605 5607 5609 5614 5615 5616 5617 5626 5627 5628 5678
40 10.1115 3.89054 7.22067 -0.370312 0.923284 -0.0947213 0.0379909 5191 5193 5195 5197 5447 5454 5460 5461 5462 5469 5470 5471 5472 5474 5476 5478 5480 5482 5484 5486 5490 5493 5494 5495 5497 5499 5500 5501 5506 5507 5510 5511 5516 5517 5518 5519 5523 5529 5530 5531 5533 5535 5540 5541 5542 5543 5545 5548 5549 5550 5555 5556 5557 5558 5563 5564 5565 5566 5567 5569 5581 5604 5605 5607 5608 5609 5614 5615 5616 5617 5621 5626 5627 5628 5632 5676 5678 5679 5680
41 11.1061 2.82079 7.22949 -0.412875 0.905864 -0.086056 0.0392226 4652 5454 5462 5469 5470 5471 5472 5474 5476 5480 5484 5493 5494 5495 5497 5499 5500 5501 5505 5507 5509 5511 5516 5517 5518 5519 5521 5523 5525 5527 5530 5531 5533 5535 5540 5541 5542 5543 5545 5548 5549 5550 5555 5556 5557 5558 5563 5564 5565 5566 5567 5569 5571 5573 5575 5577 5579 5581 5583 5585 5589 5593 5595 5597 5599 5604 5605 5607 5609 5614 5615 5616 5617 5619 5621 5623 5625 5627 5628 5630 5632 5637 5646 5678 5679 5680 5681
42 11.0432 4.02999 7.18567 -0.340497 0.931565 -0.119721 0.0437592 5471 5472 5480 5482 5484 5486 5493 5494 5495 5497 5499 5500 5501 5505 5507 5510 5511 5516 5517 5518 5519 5527 5530 5531 5533 5535 5540 5541 5542 5543 5545 5548 5549 5550 5555 5556 5557 5558 5563 5564 5565 5566 5567 5569 5581 5583 5585 5593 5595 5599 5604 5605 5607 5609 5614 5615 5616 5617 5619 5621 5623 5625 5627 5628 5630 5631 5632 5656 5676 5678 5679 5680 5681 5682 5683
43 10.9814 7.23485 5.2539 -0.0793285 0.809627 -0.578787 0.0567104 5486 5493 5495 5499 5501 5545 5547 5548 5550 5560 5564 5567 5568 5569 5609 5627 5632 5656 5676 5677 5678 5679 5680 5681 5682 5684 5687
44 12.4378 0.201518 7.27133 0.98256 -0.180569 0.00802389 -0.0436618 4635 4642 4644 4646 4648 4650 4652 4654 4656 5462 5506 5509 5511 5516 5517 5521 5523 5525 5527 5530 5533 5535 5540 5542 5543 5549 5550 5556 5558 5563 5564 5565 5566 5571 5573 5575 5577 5579 5581 5583 5585 5587 5589 5591 5593 5595 5597 5599 5604 5607 5609 5614 5615 5619 5621 5623 5633 5635 5637 5639 5641 5643 5646 5650
45 12.1402 1.74967 7.24229 -0.441899 0.89326 -0.0739738 0.0365951 4652 4654 4656 5462 5471 5472 5509 5511 5516 5517 5519 5521 5523 5525 5527 5530 5531 5533 5535 5540 5542 5543 5555 5556 5557 5558 5563 5564 5565 5566 5569 5571 5573 5575 5577 5579 5581 5583 5585 5587 5589 5591 5593 5595 5597 5599 5604 5605 5607 5609 5614 5615 5617 5619 5621 5623 5625 5627 5630 5633 5635 5637 5639 5641 5646 5648 5650 5652 5678 5679
46 14.0591 -0.911921 6.90368 0.951438 0.177539 -0.0461315 -0.24722 4649 4652 4654 4656 5521 5525 5527 5533 5535 5571 5573 5575 5577 5579 5581 5583 5585 5587 5589 5591 5593 5595 5597 5599 5633 5635 5637 5639 5641 5643
47 13.1775 1.67536 7.25358 -0.48063 0.874108 -0.0615294 0.0338321 4656 5523 5525 5527 5530 5533 5535 5555 5558 5565 5571 5573 5575 5577 5579 5581 5583 5585 5587 5589 5591 5593 5595 5597 5599 5604 5605 5607 5609 5614 5615 5617 5619 5621 5623 5625 5627 5630 5632 5633 5635 5637 5639 5641 5643 5644 5646 5648 5650 5652 5654 5658 5662 5664 5665 5666 5679 5680
48 12.1322 2.7953 7.23626 -0.414877 0.905572 -0.0803791 0.0368247 4656 5472 5493 5494 5495 5516 5517 5518 5519 5523 5525 5527 5530 5531 5533 5535 5540 5541 5542 5543 5548 5549 5550 5555 5556 5557 5558 5563 5564 5565 5566 5569 5571 5573 5575 5577 5579 5581 5583 5585 5587 5589 5591 5593 5595 5597 5599 5604 5605 5607 5609 5614 5615 5616 5617 5619 5621 5623 5625 5627 5628 5630 5632 5633 5635 5637 5639 5641 5646 5648 5650 5652 5654 5656 5658 5660 5662 5678 5679 5680 5681 5682
49 12.0901 3.85295 7.22291 -0.402183 0.910059 -0.0916543 0.0405048 5495 5497 5499 5501 5519 5529 5531 5533 5535 5540 5541 5542 5543 5548 5549 5550 5555 5556 5557 5558 5563 5564 5565 5566 5569 5577 5579 5581 5583 5585 5589 5593 5595 5597 5599 5604 5605 5607 5609 5614 5615 5616 5617 5619 5621 5623 5625 5627 5628 5630 5632 5637 5646 5648 5650 5652 5654 5656 5658 5660 5664 5668 5676 5678 5679 5680 5681 5682 5684 5685 5687 5689
50 13.1311 2.74058 7.24198 -0.453336 0.887481 -0.0737796 0.0376874 5519 5533 5535 5542 5543 5555 5556 5558 5563 5565 5566 5573 5575 5577 5579 5581 5583 5585 5587 5589 5591 5593 5595 5597 5599 5604 5605 5607 5609 5614 5615 5616 5617 5619 5621 5623 5625 5627 5628 5630 5632 5633 5635 5637 5639 5641 5643 5644 5646 5648 5650 5652 5654 5656 5658 5660 5662 5664 5665 5666 5668 5670 5672 5674 5678 5679 5680 5682 5684 5687 6137
51 13.1043 3.77647 7.23447 -0.441999 0.892481 -0.0807245 0.0399786 5543 5549 5550 5555 5556 5557 5558 5563 5564 5565 5566 5569 5581 5583 5585 5589 5593 5595 5597 5599 5604 5605 5607 5609 5614 5615 5616 5617 5619 5621 5623 5625 5627 5628 5630 5632 5635 5637 5639 5641 5643 5646 5648 5650 5652 5654 5656 5658 5660 5662 5664 5665 5666 5668 5670 5672 5674 5676 5678 5679 5680 5681 5682 5684 5685 5687 5689 5691 5693 5695 5697 6138 6141 6170
52 15.4827 -2.39524 4.30098 -0.700015 -0.113797 0.113123 0.695868 4655 4656 5586 5587 5590 5591 5633 5638 5639 5642 5644 6137 6139 6145 6151 6153
53 14.414 1.19472 7.26991 0.975476 -0.215031 0.0101146 -0.0458846 5571 5573 5575 5577 5579 5581 5583 5585 5587 5589 5591 5593 5595 5597 5599 5607 5609 5619 5621 5623 5625 5627 5630 5632 5633 5635 5637 5639 5641 5643 5644 5646 5648 5650 5652 5654 5656 5658 5660 5662 5664 5665 5666 5668 5670 5672 5679 5680 6137 6138 6139 6140 6141
54 15.5804 0.873276 7.22677 0.994433 0.0412725 -0.00402018 -0.0968636 5591 5593 5595 5597 5599 5615 5619 5621 5623 5625 5627 5630 5633 5635 5637 5639 5641 5643 5644 5646 5648 5650 5652 5654 5656 5658 5660 5662 5664 5665 5666 5668 5670 5672 5674 5678 5679 6137 6138 6139 6141 6151 6152 6153 6155
55 14.1394 2.71405 7.24558 -0.468981 0.879655 -0.0698351 0.037232 5581 5583 5585 5589 5591 5593 5595 5597 5599 5604 5607 5609 5614 5617 5619 5621 5623 5625 5627 5628 5630 5632 5633 5635 5637 5639 5641 5643 5644 5646 5648 5650 5652 5654 5656 5658 5660 5662 5664 5665 5666 5668 5670 5672 5674 5680 5682 5684 5687 5689 5691 5695 6137 6138 6139 6140 6141 6142 6143 6144 6151 6152
56 14.1201 3.76183 7.23831 -0.443883 0.891904 -0.0773981 0.0385195 5558 5565 5566 5595 5597 5599 5607 5609 5614 5615 5617 5619 5621 5623 5625 5627 5628 5630 5632 5633 5635 5637 5639 5641 5643 5644 5646 5648 5650 5652 5654 5656 5658 5660 5662 5664 5665 5666 5668 5670 5672 5674 5676 5678 5679 5680 5681 5682 5684 5685 5687 5689 5691 5693 5695 5697 5699 6137 6138 6139 6140 6141 6142 6143 6144 6152 6156 6170 6172 6173 6174
57 15.1809 2.62854 7.25715 -0.522134 0.850318 -0.0561049 0.0344509 5585 5593 5595 5597 5599 5619 5621 5623 5625 5630 5632 5633 5635 5637 5639 5641 5643 5644 5646 5648 5650 5652 5654 5656 5658 5660 5662 5664 5665 5666 5668 5670 5672 5674 5684 5687 5689 5691 5693 5695 5697 6137 6138 6139 6141 6142 6144 6151 6152 6153 6154 6155 6156 6170 6173 6178
58 15.1247 3.75586 7.23956 -0.445714 0.891108 -0.0762361 0.0381318 5617 5621 5623 5625 5627 5630 5632 5637 5639 5641 5643 5644 5646 5648 5650 5652 5654 5656 5658 5660 5662 5664 5665 5666 5668 5670 5672 5674 5680 5682 5684 5685 5687 5689 5691 5693 5695 5697 5699 6137 6138 6139 6141 6142 6144 6151 6152 6153 6155 6156 6157 6170 6172 6173 6174 6176 6177 6178 6179 6180 6181 6185
59 12.0597 5.42296 7.08143 -0.220464 0.958005 -0.178692 0.0411222 5500 5501 5530 5534 5535 5541 5542 5543 5548 5549 5550 5555 5556 5557 5558 5563 5564 5565 5566 5567 5569 5603 5604 5605 5609 5614 5615 5616 5617 5621 5625 5627 5628 5630 5632 5648 5652 5654 5656 5658 5660 5676 5678 5679 5680 5681 5682 5684 5685 5687 5689
60 13.1107 4.87199 7.22327 -0.380752 0.919264 -0.0923027 0.038231 5550 5558 5563 5564 5565 5566 5569 5599 5605 5607 5609 5614 5615 5616 5617 5619 5621 5623 5625 5627 5628 5630 5632 5637 5646 5648 5650 5652 5654 5656 5658 5660 5664 5668 5670 5672 5674 5676 5678 5679 5680 5681 5682 5684 5685 5687 5689 5691 5693 5695 5697 5699 6142 6170
61 14.1136 4.85162 7.22653 -0.390637 0.915404 -0.0893539 0.0381307 5566 5569 5614 5615 5616 5617 5621 5623 5625 5627 5628 5630 5632 5641 5643 5646 5648 5650 5652 5654 5656 5658 5660 5662 5664 5665 5666 5668 5670 5672 5674 5676 5678 5679 5680 5681 5682 5684 5685 5687 5689 5691 5693 5695 5697 5699 6138 6141 6142 6143 6144 6148 6170 6172 6173 6174 6176 6177 6178
62 15.1419 4.8344 7.23271 -0.384855 0.918411 -0.0845667 0.0354372 5617 5630 5632 5648 5650 5652 5654 5656 5658 5660 5662 5664 5665 5666 5668 5670 5672 5674 5676 5679 5680 5682 5684 5685 5687 5689 5691 5693 5695 5697 5699 6137 6138 6141 6142 6144 6148 6151 6152 6156 6170 6172 6173 6174 6176 6177 6178 6179 6180 6181 6182 6183 6185 6199
63 15.0793 8.40567 4.5282 -0.0558833 0.733293 -0.675654 0.0514907 5627 5632 5677 5679 5682 5684 5685 5688 5689 5692 5693 5698 5699 6156 6175 6176 6177 6182 6183 6184 6185 6199 6201
64 16.3128 2.39908 7.27467 0.782655 -0.621318 0.023383 -0.0294549 5639 5641 5643 5644 5648 5650 5652 5654 5656 5658 5660 5662 5664 5665 5666 5668 5670 5672 5674 5687 5691 5695 6137 6138 6139 6141 6142 6151 6152 6153 6154 6155 6156 6157 6158 6164 6170 6172 6173 6174 6179 6183 6185
65 16.1464 3.72944 7.24509 -0.453469 0.887706 -0.0709312 0.036234 5630 5643 5644 5648 5650 5652 5654 5656 5658 5660 5662 5664 5665 5666 5668 5670 5672 5674 5687 5691 5693 5695 5697 5699 6137 6138 6141 6142 6144 6151 6152 6153 6154 6155 6156 6157 6158 6164 6165 6170 6172 6173 6174 6176 6177 6178 6179 6181 6182 6183 6185 6198
66 17.7232 1.67069 7.17382 0.983722 0.118606 -0.0161587 -0.134021 5644 5658 5660 5662 5664 5665 5666 5668 5670 5672 5674 5687 5689 5691 5695 5697 6137 6139 6151 6152 6153 6154 6155 6156 6157 6158 6164 6165 6166 6167 6168 6170 6173 6185
67 16.3996 2.38486 8.27951 0.848759 -0.528204 0.0130378 -0.0209501 5599 5615 5617 5621 5623 5625 5627 5630 5632 5633 5635 5637 5639 5641 5643 5644 5646 5648 5650 5652 5654 5656 5658 5660 5662 5664 5665 5666 5668 5670 5672 5674 5679 5684 5687 5689 5691 5693 5695 5697 5699 6137 6138 6139 6141 6142 6151 6152 6153 6154 6155 6156 6157 6158 6164 6165 6166 6167 6170 6172 6173 6174 6176 6177 6179 6182 6183 6184 6185 6191 6198 6199 6200
68 16.3488 3.60364 8.2736 -0.423198 0.905158 -0.0361489 0.0169011 5609 5614 5617 5621 5623 5625 5627 5630 5632 5637 5639 5641 5643 5644 5646 5648 5650 5652 5654 5656 5658 5660 5662 5664 5665 5666 5668 5670 5672 5674 5680 5682 5684 5687 5689 5691 5693 5695 5697 5699 6137 6138 6141 6142 6144 6151 6152 6153 6154 6155 6156 6157 6158 6164 6165 6166 6167 6168 6170 6172 6173 6174 6176 6177 6178 6179 6181 6182 6183 6184 6185 6190 6191 6198 6199 6200 6201 6203 6204
69 17.6726 1.78517 8.20515 0.988122 0.103027 -0.0118245 -0.113408 5639 5641 5643 5644 5648 5650 5652 5654 5656 5658 5660 5662 5664 5665 5666 5668 5670 5672 5674 5684 5687 5689 5691 5693 5695 5697 5699 6137 6139 6151 6152 6153 6154 6155 6156 6157 6158 6164 6165 6166 6167 6168 6170 6172 6173 6174 6176 6177 6179 6182 6183 6184 6185 6198 6199 6200 6201 6202 6203 6204 6205
70 17.2684 3.51964 8.27071 -0.609983 0.791105 -0.036065 0.027808 5637 5639 5641 5643 5644 5646 5650 5652 5658 5660 5662 5664 5665 5666 5668 5670 5672 5674 5687 5691 5693 5695 5697 5699 6137 6138 6141 6142 6144 6151 6152 6153 6154 6155 6156 6157 6158 6164 6165 6166 6167 6168 6170 6172 6173 6174 6176 6177 6178 6179 6181 6182 6183 6184 6185 6191 6198 6199 6200 6201 6202 6203 6204 6205
71 18.1269 3.69766 7.24531 -0.487892 0.869284 -0.0692566 0.0388708 6142 6151 6152 6153 6154 6155 6156 6157 6158 6164 6165 6166 6167 6168 6173 6178 6179 6181 6182 6183 6184 6185 6191 6198 6199 6200 6201 6202 6203 6204
72 18.9521 4.08733 7.15672 -0.357218 0.922671 -0.135374 0.0524108 6156 6157 6158 6164 6165 6166 6167 6168 6185 6198 6199 6200 6201 6203 6204 6205
73 18.4881 3.0954 8.26177 0.996294 -0.061919 0.00370334 -0.0595877 5644 5665 5666 5672 5674 5695 5697 5699 6137 6139 6142 6151 6152 6153 6154 6155 6156 6157 6158 6164 6165 6166 6167 6168 6170 6172 6173 6174 6176 6177 6178 6179 6182 6183 6184 6185 6191 6198 6199 6200 6201 6202 6203 6204 6205
74 19.8879 2.37921 8.06283 0.968898 0.156577 -0.0305709 -0.189172 5695 6152 6153 6154 6155 6156 6157 6158 6164 6165 6166 6167 6168 6170 6172 6174 6176 6177 6182 6184 6185 6198 6199 6200 6201 6202 6203 6204 6205
75 16.1223 4.77472 7.23722 -0.433951 0.896677 -0.0787596 0.0381161 5656 5658 5660 5664 5665 5666 5668 5670 5672 5674 5682 5684 5687 5689 5691 5693 5695 5697 5699 6137 6138 6141 6142 6144 6151 6152 6153 6154 6155 6156 6157 6158 6165 6170 6172 6173 6174 6176 6177 6178 6179 6181 6182 6183 6184 6185 6190 6191 6192 6193 6198 6199 6200 6202
76 16.164 6.47335 7.07914 -0.168997 0.968213 -0.181654 0.0317068 5660 5674 5685 5687 5689 5691 5693 5695 5697 5699 6144 6148 6152 6156 6170 6172 6173 6174 6176 6177 6178 6179 6181 6182 6183 6184 6185 6187 6190 6191 6192 6193 6199 6202
77 17.1215 4.73906 7.24082 -0.459297 0.884302 -0.0745482 0.0387195 5670 5672 5674 5691 5693 5695 5697 5699 6138 6141 6142 6144 6151 6152 6153 6154 6155 6156 6157 6158 6164 6165 6166 6167 6168 6170 6172 6173 6174 6176 6177 6178 6179 6181 6182 6183 6184 6185 6190 6191 6193 6198 6199 6200 6201 6202 6203 6204 6205
78 17.1602 5.93954 7.21949 -0.317738 0.942566 -0.097614 0.0329056 5695 5697 5699 6141 6142 6144 6148 6152 6155 6156 6158 6165 6167 6170 6172 6173 6174 6176 6177 6178 6179 6181 6182 6183 6184 6185 6190 6191 6193 6198 6199 6200 6201 6202 6203 6204 6205
79 17.1599 4.78445 8.24111 -0.406143 0.909967 -0.0764426 0.0341184 5656 5658 5660 5664 5665 5666 5668 5670 5672 5674 5682 5684 5687 5689 5691 5693 5695 5697 5699 6137 6138 6141 6142 6144 6151 6152 6153 6154 6155 6156 6157 6158 6164 6165 6166 6167 6168 6170 6172 6173 6174 6176 6177 6178 6179 6181 6182 6183 6184 6185 6190 6191 6193 6198 6199 6200 6201 6202 6203 6204 6205
80 18.1356 4.66848 7.24878 -0.507489 0.858327 -0.0651567 0.0385241 5674 6142 6154 6155 6156 6157 6158 6164 6165 6166 6167 6168 6170 6172 6173 6174 6177 6178 6179 6181 6182 6183 6184 6185 6190 6191 6198 6199 6200 6201 6202 6203 6204 6205
81 18.1606 5.89008 7.22735 -0.342118 0.934695 -0.0905645 0.0331486 6158 6165 6166 6167 6168 6173 6174 6176 6177 6178 6179 6181 6182 6183 6184 6185 6190 6191 6193 6198 6199 6200 6201 6202 6203 6204 6205
82 19.1933 4.62067 7.25906 -0.523784 0.84949 -0.053951 0.0332654 6156 6158 6164 6165 6166 6167 6168 6179 6183 6184 6185 6190 6191 6198 6199 6200 6201 6202 6203 6204 6205
83 19.1782 5.8577 7.23417 -0.348795 0.932833 -0.0846346 0.0316457 6167 6168 6182 6183 6184 6190 6191 6193 6198 6199 6200 6201 6202 6203 6204 6205
84 18.0969 4.87803 8.22039 -0.384761 0.917332 -0.0943202 0.0395612 5670 5672 5674 5691 5693 5695 5697 5699 6142 6151 6152 6153 6154 6155 6156 6157 6158 6164 6165 6166 6167 6168 6170 6172 6173 6174 6176 6177 6178 6179 6181 6182 6183 6184 6185 6190 6191 6193 6198 6199 6200 6201 6202 6203 6204 6205
85 18.1025 5.91074 8.21627 -0.364696 0.925121 -0.0982295 0.0387234 5695 5697 5699 6142 6144 6153 6154 6155 6156 6157 6158 6164 6165 6166 6167 6168 6170 6172 6173 6174 6176 6177 6178 6179 6181 6182 6183 6184 6185 6190 6191 6193 6198 6199 6200 6201 6202 6203 6204 6205
86 19.172 4.82883 8.23726 -0.369894 0.924948 -0.0812075 0.0324755 6142 6154 6155 6156 6157 6158 6164 6165 6166 6167 6168 6170 6172 6173 6174 6177 6179 6182 6183 6184 6185 6190 6191 6193 6198 6199 6200 6201 6202 6203 6204 6205
