0 1.6503 -29.8902 5.79078 0.845334 0.191523 -0.110201 -0.486401 8 9 21 60 63 64 71 73 3150 3151 3155 3156 3160 3163 3165 3166 3183 3184 3196 3197 3198 3201 3203 3208 3210 3212 3214 3217 3300
1 1.941 -28.2424 6.32055 0.861655 0.311635 -0.136229 -0.376665 9 21 60 63 64 71 73 3151 3160 3163 3164 3165 3166 3183 3184 3195 3196 3197 3198 3201 3203 3208 3210 3212 3214 3217
2 2.11887 -26.9186 6.4301 0.842088 0.385632 -0.156996 -0.342824 9 21 73 3151 3160 3162 3163 3165 3166 3184 3186 3195 3196 3198 3200 3201 3203 3208 3210 3212 3214 3217
3 4.26158 -26.5351 5.04525 0.648051 0.455022 -0.350945 -0.499822 3150 3151 3155 3156 3160 3163 3164 3165 3166 3179 3180 3181 3182 3183 3184 3185 3186 3187 3188 3189 3190 3191 3192 3195 3196 3198 3201 3203 3210 3212 3213 3214 3216 3217 3261 3265 3268 3269 3296 3299 3300 3303 3304
4 4.28732 -25.5897 4.85679 -0.634803 -0.438896 0.361648 0.523074 3155 3156 3160 3163 3164 3165 3166 3179 3180 3181 3182 3183 3184 3185 3186 3187 3188 3189 3190 3191 3192 3195 3196 3198 3201 3203 3210 3212 3213 3214 3216 3217 3224 3226 3265 3266 3268 3269 3270 3271 3278 3299 3300 3301 3302 3303 3308 3356 3359
5 1.88357 -27.5701 7.04181 0.852164 0.258699 -0.132129 -0.43524 9 19 21 22 63 71 73 160 163 3151 3160 3162 3163 3165 3166 3184 3186 3195 3196 3198 3201 3202 3203 3208 3210 3212 3214 3217 3285 3288 3300 3356 3359
6 2.20486 -25.9282 7.35751 0.83175 0.392322 -0.167562 -0.355243 19 21 22 160 163 3151 3160 3162 3163 3165 3166 3184 3197 3198 3200 3201 3203 3210 3212 3214 3216 3217 3285 3288 3299 3300
7 1.28933 -25.5849 8.99526 0.9275 0.302921 -0.0680065 -0.208226 9 19 21 22 62 64 66 71 72 73 74 147 148 158 160 161 163 168 3151 3160 3162 3163 3165 3166 3184 3198 3200 3201 3203 3208 3209 3210 3211 3212 3214 3217 3283 3285 3286 3288 3300 3302 3303 3304 3308 3310 3311 3312 3355 3356 3359
8 4.27193 -26.7415 5.55665 -0.617745 -0.404935 0.369559 0.563777 3150 3151 3155 3156 3160 3163 3164 3165 3166 3179 3180 3181 3182 3183 3184 3185 3186 3187 3188 3189 3190 3191 3192 3195 3196 3198 3201 3203 3210 3212 3213 3214 3216 3217 3261 3265 3268 3288 3296 3300 3303 3304 3356
9 4.00212 -25.8239 6.41323 0.708502 0.431706 -0.290484 -0.476733 3156 3160 3163 3164 3165 3166 3182 3183 3184 3185 3186 3188 3191 3192 3196 3198 3201 3203 3210 3212 3213 3214 3216 3217 3268 3269 3271 3288 3292 3294 3299 3300 3301 3303 3304 3311 3356 3359
10 4.47592 -24.0295 3.9581 -0.508692 -0.4325 0.482202 0.567149 3179 3180 3181 3182 3183 3184 3185 3186 3187 3188 3189 3190 3191 3192 3195 3196 3212 3213 3214 3217 3224 3226 3242 3243 3248 3250 3261 3263 3265 3266 3268 3269 3270 3271 3272 3274 3276 3277 3278 3279 3280 3281 3299 3300 3301 3302 3307 3308 3309 3310 3317 3319 3321 3322 3323 3324 3325 3326 3327 3351 3352 3353 3354 3359 3360
11 4.48354 -22.8637 3.84456 -0.485825 -0.436892 0.506204 0.5629 3149 3187 3188 3189 3195 3196 3217 3220 3221 3224 3225 3226 3242 3243 3248 3249 3250 3255 3256 3261 3263 3265 3266 3268 3269 3270 3271 3272 3274 3276 3277 3278 3279 3280 3281 3299 3300 3301 3302 3307 3308 3309 3310 3317 3319 3321 3322 3323 3324 3325 3326 3327 3329 3331 3332 3333 3334 3335 3336 3351 3352 3353 3354 3359 3360 3363 3364 3365 3366 3371 3372 3376 3393 3435
12 1.91067 -24.177 7.87295 0.811639 0.522374 -0.14151 -0.219871 74 3203 3208 3209 3210 3211 3214 3217 3283 3286 3288 3292 3300 3302 3303 3304 3308 3310 3311 3312 3352
13 1.63907 -24.3165 8.96411 0.861985 0.451449 -0.106987 -0.204277 21 62 64 66 71 72 73 74 147 158 160 161 163 165 167 168 169 217 220 3160 3184 3198 3200 3203 3208 3209 3210 3211 3212 3214 3217 3283 3285 3286 3288 3289 3290 3292 3294 3300 3302 3303 3304 3308 3310 3311 3312 3337 3340 3356 3359 3360
14 1.6171 -23.0315 9.0384 0.821142 0.533792 -0.110079 -0.169337 71 72 73 74 147 158 160 161 163 165 167 168 169 203 215 217 219 220 221 223 224 225 226 3208 3209 3210 3211 3217 3283 3285 3286 3288 3289 3290 3292 3294 3300 3302 3303 3304 3308 3310 3311 3312 3337 3338 3340 3342 3343 3344 3346 3348 3356 3358 3359 3360 3368 3370 3371 3372
15 3.9806 -24.3714 6.81004 0.705168 0.507167 -0.289315 -0.402265 3166 3183 3184 3185 3186 3191 3192 3196 3201 3203 3210 3212 3213 3214 3216 3217 3269 3271 3279 3281 3288 3292 3294 3299 3300 3301 3302 3303 3304 3307 3308 3309 3310 3311 3312 3324 3340 3352 3355 3356 3358 3359
16 3.3978 -24.1265 8.56083 0.754788 0.556693 -0.20595 -0.279236 21 3151 3160 3163 3165 3166 3184 3198 3201 3203 3209 3210 3211 3212 3214 3217 3287 3288 3292 3293 3294 3300 3302 3303 3304 3308 3310 3311 3312 3340 3355 3356 3359 3360
17 4.14593 -23.0458 6.67007 0.658592 0.545352 -0.330694 -0.399361 3185 3196 3214 3217 3268 3269 3271 3279 3280 3281 3288 3292 3294 3299 3300 3301 3302 3303 3304 3307 3308 3309 3310 3311 3312 3323 3324 3325 3326 3333 3334 3335 3351 3352 3353 3354 3356 3358 3359 3360 3363 3364 3368 3370 3371
18 3.5701 -22.9988 8.43868 0.722547 0.580671 -0.235011 -0.292431 3203 3210 3212 3214 3217 3287 3288 3291 3292 3294 3298 3300 3302 3303 3304 3308 3310 3311 3312 3355 3356 3357 3358 3359 3360 3367 3368 3369 3371 3372
19 4.47138 -21.7845 3.72871 -0.469063 -0.433096 0.522133 0.565495 3220 3221 3224 3225 3226 3227 3248 3249 3250 3251 3255 3256 3261 3263 3266 3270 3271 3272 3274 3276 3277 3278 3279 3280 3281 3299 3300 3301 3302 3307 3308 3309 3310 3317 3319 3321 3322 3323 3324 3325 3326 3327 3329 3331 3332 3333 3334 3335 3336 3351 3352 3353 3354 3359 3360 3363 3364 3365 3366 3371 3372 3375 3376 3379 3393 3395 3397 3398 3399 3400 3401 3402 3427 3428 3429 3430 3435 3436 3447
20 4.50567 -20.7341 3.92849 -0.483825 -0.454754 0.512108 0.544846 3224 3226 3243 3248 3250 3251 3272 3274 3277 3280 3281 3307 3308 3309 3310 3317 3319 3321 3322 3323 3324 3325 3326 3327 3329 3331 3332 3333 3334 3335 3336 3351 3352 3353 3354 3359 3360 3363 3364 3365 3366 3371 3372 3393 3395 3397 3398 3399 3400 3401 3402 3403 3405 3407 3408 3409 3410 3411 3412 3427 3428 3429 3430 3435 3436 3439 3440 3441 3442 3447 3448 3453
21 1.48087 -21.7487 9.12233 0.765822 0.621861 -0.103206 -0.127098 160 163 165 167 168 169 203 215 217 219 220 221 223 224 225 226 276 278 287 290 291 292 293 3285 3288 3289 3290 3292 3294 3300 3302 3303 3304 3308 3310 3311 3312 3337 3338 3340 3342 3343 3344 3346 3348 3356 3358 3359 3360 3368 3370 3371 3372 3413 3414 3416 3418 3432 3435 3436
22 1.54314 -20.5552 9.10777 0.698573 0.694812 -0.12057 -0.121223 165 167 168 169 203 213 215 217 219 220 221 223 224 225 226 287 289 290 291 292 293 294 295 296 297 329 3289 3290 3294 3302 3308 3311 3337 3338 3340 3342 3343 3344 3346 3348 3356 3358 3359 3360 3368 3370 3371 3372 3413 3414 3416 3418 3419 3420 3422 3424 3432 3434 3435 3436 3444 3447 3448
23 4.24047 -21.8661 6.53472 0.628806 0.55964 -0.358888 -0.403243 3266 3269 3270 3271 3277 3278 3279 3280 3281 3288 3292 3294 3299 3301 3302 3304 3307 3308 3309 3310 3311 3312 3322 3323 3324 3325 3326 3331 3333 3334 3335 3336 3351 3352 3353 3354 3356 3358 3359 3360 3363 3364 3365 3366 3368 3370 3371 3372 3399 3400 3401 3402 3427 3428 3429 3430 3432 3434 3435 3436
24 3.61618 -21.7848 8.42855 0.690534 0.617031 -0.251468 -0.281424 3211 3288 3292 3294 3300 3302 3303 3304 3308 3310 3311 3312 3355 3356 3357 3358 3359 3360 3367 3368 3369 3370 3371 3372 3431 3432 3433 3435 3436
25 4.27227 -20.6381 6.50192 0.602401 0.583302 -0.379019 -0.39143 3278 3279 3280 3281 3292 3307 3309 3310 3311 3322 3323 3324 3325 3326 3333 3334 3335 3336 3351 3352 3353 3354 3356 3358 3359 3360 3363 3364 3365 3366 3368 3370 3371 3372 3399 3400 3401 3402 3409 3410 3411 3412 3427 3428 3429 3430 3432 3434 3435 3436 3439 3440 3441 3442 3444 3446 3447 3457
26 3.65246 -20.5989 8.40519 0.660854 0.645712 -0.267336 -0.273605 3287 3288 3292 3294 3298 3302 3308 3310 3311 3312 3355 3356 3357 3358 3359 3360 3367 3368 3369 3370 3371 3372 3431 3432 3433 3434 3435 3436 3443 3444 3445 3446 3447 3448 3491
27 4.52524 -19.7032 4.14366 -0.500581 -0.475572 0.498225 0.524425 3226 3242 3243 3248 3250 3252 3319 3322 3325 3326 3327 3329 3331 3332 3333 3334 3335 3336 3351 3352 3353 3354 3359 3360 3363 3364 3365 3366 3371 3372 3393 3395 3397 3398 3399 3400 3401 3402 3403 3405 3407 3408 3409 3410 3411 3412 3427 3428 3429 3430 3435 3436 3439 3440 3441 3442 3447 3448 3453 3455 3457 3458 3459 3460 3461 3462 3463 3487 3488 3489 3490 3495 3496
28 4.51812 -18.675 4.01872 -0.487356 -0.467344 0.510527 0.532387 3243 3250 3327 3329 3332 3334 3335 3336 3363 3364 3365 3366 3371 3372 3393 3395 3397 3398 3399 3400 3401 3402 3403 3405 3407 3408 3409 3410 3411 3412 3427 3428 3429 3430 3435 3436 3439 3440 3441 3442 3447 3448 3453 3455 3457 3458 3459 3460 3461 3462 3463 3465 3467 3468 3469 3470 3471 3472 3487 3488 3489 3490 3495 3496 3499 3500 3501 3502 3507 3508
29 1.54607 -19.5249 9.10661 0.688033 0.705114 -0.122772 -0.119798 203 217 219 220 221 223 224 225 226 276 278 287 290 291 292 293 294 295 296 297 329 331 339 342 343 344 345 3337 3338 3340 3342 3343 3344 3346 3348 3358 3359 3360 3368 3370 3371 3372 3413 3414 3416 3418 3419 3420 3422 3424 3432 3434 3435 3436 3444 3446 3447 3448 3473 3474 3476 3492 3495 3496
30 1.58674 -18.5598 9.09177 0.699038 0.692422 -0.125688 -0.126888 203 223 224 225 226 276 287 289 290 291 292 293 294 295 296 297 331 342 343 344 345 346 347 348 349 454 3343 3344 3348 3370 3371 3372 3413 3414 3416 3418 3419 3420 3422 3424 3432 3434 3435 3436 3444 3446 3447 3448 3473 3474 3476 3478 3479 3480 3482 3484 3492 3494 3495 3496 3504 3507 3508
31 4.31147 -19.6051 6.4118 0.592371 0.580692 -0.39095 -0.398813 3277 3323 3324 3325 3326 3331 3332 3333 3334 3335 3336 3351 3353 3354 3356 3358 3360 3363 3364 3365 3366 3368 3370 3371 3372 3399 3400 3401 3402 3407 3408 3409 3410 3411 3412 3427 3428 3429 3430 3432 3434 3435 3436 3439 3440 3441 3442 3444 3446 3447 3448 3457 3458 3459 3460 3461 3462 3469 3487 3488 3489 3490 3492 3494 3495
32 3.64152 -19.6436 8.41456 0.66829 0.639236 -0.262998 -0.274951 3355 3356 3357 3358 3359 3360 3367 3368 3369 3370 3371 3372 3431 3432 3433 3434 3435 3436 3443 3444 3445 3446 3447 3448 3491 3492 3493 3494 3495 3496
33 4.3133 -18.5777 6.40828 0.589247 0.583359 -0.393282 -0.397251 3322 3333 3334 3335 3336 3363 3365 3366 3368 3370 3372 3397 3398 3399 3400 3401 3402 3409 3410 3411 3412 3427 3428 3429 3430 3432 3434 3435 3436 3439 3440 3441 3442 3444 3446 3447 3448 3457 3458 3459 3460 3461 3462 3467 3468 3469 3470 3471 3472 3487 3488 3489 3490 3492 3494 3495 3496 3499 3500 3501 3502 3504 3506 3507
34 3.6492 -18.5509 8.40901 0.653739 0.653402 -0.26983 -0.26997 3367 3368 3369 3370 3371 3372 3431 3432 3433 3434 3435 3436 3443 3444 3445 3446 3447 3448 3491 3492 3493 3494 3495 3496 3503 3504 3505 3506 3507 3508
35 4.52516 -17.6366 4.09356 -0.490907 -0.476875 0.508029 0.522978 3393 3395 3398 3400 3401 3402 3403 3405 3407 3408 3409 3410 3411 3412 3427 3428 3429 3430 3435 3436 3439 3440 3441 3442 3447 3448 3453 3455 3457 3458 3459 3460 3461 3462 3463 3465 3467 3468 3469 3470 3471 3472 3487 3488 3489 3490 3495 3496 3499 3500 3501 3502 3507 3508 3530 3532 3534 3535 3536 3537 3538 3539 3564 3565 3566 3567 3572 3573
36 4.5273 -16.6769 4.16272 -0.500142 -0.479359 0.499005 0.520641 3403 3405 3408 3411 3412 3439 3440 3441 3442 3447 3448 3457 3458 3459 3460 3461 3462 3463 3465 3467 3468 3469 3470 3471 3472 3487 3488 3489 3490 3495 3496 3499 3500 3501 3502 3507 3508 3530 3532 3534 3535 3536 3537 3538 3539 3540 3542 3544 3545 3546 3547 3548 3549 3564 3565 3566 3567 3572 3573 3576 3577 3578 3579 3584 3585 3590
37 1.60915 -17.555 9.08327 0.696926 0.693527 -0.128748 -0.129379 215 287 290 291 292 293 294 295 296 297 329 331 339 341 342 343 344 345 346 347 348 349 464 467 468 469 470 3413 3414 3418 3419 3420 3422 3424 3434 3435 3436 3444 3446 3447 3448 3473 3474 3476 3478 3479 3480 3482 3484 3492 3494 3495 3496 3504 3506 3507 3508 3550 3551 3553 3569 3572 3573
38 1.60817 -16.5735 9.08355 0.702869 0.687537 -0.127543 -0.130387 278 294 295 296 297 329 339 341 342 343 344 345 346 347 348 349 454 456 467 468 469 470 471 472 473 474 506 3419 3420 3424 3446 3447 3448 3473 3474 3476 3478 3479 3480 3482 3484 3492 3494 3495 3496 3504 3506 3507 3508 3550 3551 3553 3555 3556 3557 3559 3561 3569 3571 3572 3573 3581 3584 3585
39 4.32671 -17.6152 6.37294 0.590586 0.576921 -0.394283 -0.403622 3332 3399 3400 3401 3402 3407 3409 3410 3411 3412 3427 3429 3430 3432 3434 3436 3439 3440 3441 3442 3444 3446 3447 3448 3457 3458 3459 3460 3461 3462 3467 3468 3469 3470 3471 3472 3487 3488 3489 3490 3492 3494 3495 3496 3499 3500 3501 3502 3504 3506 3507 3508 3534 3535 3536 3537 3538 3539 3564 3565 3566 3567 3569 3571 3572
40 3.65269 -17.5674 8.40545 0.65606 0.650616 -0.269319 -0.271572 3431 3432 3433 3434 3435 3436 3443 3444 3445 3446 3447 3448 3491 3492 3493 3494 3495 3496 3503 3504 3505 3506 3507 3508 3568 3569 3570 3571 3572 3573
41 4.33098 -16.6211 6.36155 0.590363 0.575503 -0.395035 -0.405235 3407 3408 3409 3410 3411 3412 3439 3441 3442 3444 3446 3448 3459 3460 3461 3462 3467 3468 3469 3470 3471 3472 3487 3488 3489 3490 3492 3494 3495 3496 3499 3500 3501 3502 3504 3506 3507 3508 3534 3535 3536 3537 3538 3539 3544 3545 3546 3547 3548 3549 3564 3565 3566 3567 3569 3571 3572 3573 3576 3577 3578 3579 3581 3583 3584
42 3.625 -16.5913 8.43243 0.661534 0.648525 -0.263602 -0.26889 3443 3444 3445 3446 3447 3448 3491 3492 3493 3494 3495 3496 3503 3504 3505 3506 3507 3508 3568 3569 3570 3571 3572 3573 3581 3582 3583 3584 3585
43 4.5212 -15.6406 4.04044 -0.486569 -0.472015 0.511881 0.527665 3453 3455 3458 3460 3461 3462 3463 3465 3467 3468 3469 3470 3471 3472 3487 3488 3489 3490 3495 3496 3499 3500 3501 3502 3507 3508 3530 3532 3534 3535 3536 3537 3538 3539 3540 3542 3544 3545 3546 3547 3548 3549 3564 3565 3566 3567 3572 3573 3576 3577 3578 3579 3584 3585 3590 3592 3594 3595 3596 3597 3598 3599 3624 3625 3626 3627 3632 3633
44 4.51904 -14.6157 4.00798 -0.481747 -0.471228 0.516631 0.528163 3463 3465 3468 3469 3470 3471 3472 3499 3500 3501 3502 3507 3508 3530 3532 3534 3535 3536 3537 3538 3539 3540 3542 3544 3545 3546 3547 3548 3549 3564 3565 3566 3567 3572 3573 3576 3577 3578 3579 3584 3585 3590 3592 3594 3595 3596 3597 3598 3599 3600 3602 3604 3605 3606 3607 3608 3609 3624 3625 3626 3627 3632 3633 3636 3637 3638 3639 3644 3645
45 1.62917 -15.5596 9.07548 0.697865 0.691644 -0.130965 -0.132143 289 339 341 342 343 344 345 346 347 348 349 454 456 464 466 467 468 469 470 471 472 473 474 516 519 520 521 522 3473 3474 3478 3479 3480 3482 3484 3494 3495 3496 3504 3506 3507 3508 3550 3551 3553 3555 3556 3557 3559 3561 3569 3571 3572 3573 3581 3583 3584 3585 3610 3611 3613 3629 3632 3633
46 1.6804 -14.5789 9.05467 0.702244 0.684669 -0.136228 -0.139725 346 347 348 349 454 456 467 468 469 470 471 472 473 474 506 508 516 518 519 520 521 522 523 524 525 3479 3480 3484 3506 3507 3508 3550 3551 3553 3555 3556 3557 3559 3561 3569 3571 3572 3573 3581 3583 3584 3585 3610 3611 3613 3615 3616 3619 3621 3629 3631 3632 3633 3641 3644 3645
47 4.328 -15.6611 6.36589 0.594781 0.571568 -0.391683 -0.40759 3457 3458 3459 3460 3461 3462 3469 3470 3471 3472 3487 3489 3490 3492 3494 3496 3499 3500 3501 3502 3504 3506 3507 3508 3534 3535 3536 3537 3538 3539 3544 3545 3546 3547 3548 3549 3564 3565 3566 3567 3569 3571 3572 3573 3576 3577 3578 3579 3581 3583 3584 3585 3594 3595 3596 3597 3598 3599 3606 3624 3625 3626 3627 3629 3631 3632
48 3.6118 -15.5593 8.44558 0.657403 0.654389 -0.263586 -0.2648 3491 3492 3493 3494 3495 3496 3504 3505 3506 3507 3508 3568 3569 3570 3571 3572 3573 3580 3581 3583 3584 3585 3628 3629 3630 3631 3632 3633
49 4.32904 -14.6463 6.36464 0.59317 0.573058 -0.392892 -0.406681 3467 3468 3469 3470 3471 3472 3499 3501 3502 3504 3506 3508 3536 3537 3538 3539 3544 3545 3546 3547 3548 3549 3564 3565 3566 3567 3569 3571 3572 3573 3576 3577 3578 3579 3581 3583 3584 3585 3594 3595 3596 3597 3598 3599 3604 3605 3606 3607 3608 3609 3624 3625 3626 3627 3629 3631 3632 3633 3636 3637 3638 3639 3641 3643 3644 3672 4657 4658
50 3.6378 -14.5989 8.41973 0.661845 0.646573 -0.26509 -0.271351 3503 3504 3505 3506 3507 3508 3568 3569 3570 3571 3572 3573 3580 3581 3582 3583 3584 3585 3628 3629 3630 3631 3632 3633 3640 3641 3642 3643 3644 3645 3704 4657 4658
51 4.52866 -13.6427 4.16529 -0.497614 -0.482427 0.501769 0.517564 3530 3532 3535 3537 3538 3539 3544 3545 3546 3547 3548 3549 3564 3565 3566 3567 3572 3573 3576 3577 3578 3579 3584 3585 3590 3592 3594 3595 3596 3597 3598 3599 3600 3602 3604 3605 3606 3607 3608 3609 3624 3625 3626 3627 3632 3633 3636 3637 3638 3639 3644 3645 3670 3671 3672 3673 3674 3675 3676 3700 3701 3702 3703 3708 3709
52 4.51676 -12.6171 3.98457 -0.479787 -0.469085 0.518346 0.530171 3540 3542 3545 3546 3547 3548 3549 3576 3577 3578 3579 3584 3585 3590 3592 3594 3595 3596 3597 3598 3599 3600 3602 3604 3605 3606 3607 3608 3609 3624 3625 3626 3627 3632 3633 3636 3637 3638 3639 3644 3645 3666 3668 3670 3671 3672 3673 3674 3675 3676 3678 3680 3681 3682 3683 3684 3685 3700 3701 3702 3703 3708 3709 3712 3713 3714 3715 3720 3721
53 1.67799 -13.5456 9.05582 0.692329 0.694832 -0.137889 -0.137392 454 456 464 466 467 468 469 470 471 472 473 474 516 518 519 520 521 522 523 525 1449 1450 3550 3551 3555 3556 3557 3559 3561 3571 3572 3573 3581 3583 3584 3585 3610 3611 3613 3615 3616 3619 3621 3629 3631 3632 3633 3641 3643 3644 3645 3689 3705 3708 3709 4657 4658
54 1.70355 -12.5598 9.0451 0.695901 0.689961 -0.140242 -0.141449 464 466 471 472 473 474 508 519 520 521 522 523 525 584 586 591 592 593 594 639 1449 1450 3556 3557 3561 3583 3584 3585 3610 3611 3613 3615 3616 3619 3621 3629 3631 3632 3633 3641 3643 3644 3645 3687 3689 3691 3692 3693 3695 3705 3707 3708 3709 3717 3720 3721 4657 4658
55 4.33027 -13.6676 6.35933 0.594954 0.57043 -0.391886 -0.408734 3534 3535 3536 3537 3538 3539 3546 3547 3548 3549 3564 3566 3567 3569 3571 3573 3576 3577 3578 3579 3581 3583 3584 3585 3594 3595 3596 3597 3598 3599 3604 3605 3606 3607 3608 3609 3624 3625 3626 3627 3629 3631 3632 3633 3636 3637 3638 3639 3641 3643 3644 3645 3670 3671 3672 3673 3674 3675 3682 3700 3701 3702 3703 3705 3707 3708 4657 4658
56 3.62313 -13.5945 8.43419 0.662149 0.648123 -0.263122 -0.268816 3568 3569 3570 3571 3572 3573 3580 3581 3582 3583 3584 3585 3628 3629 3630 3631 3632 3633 3640 3641 3642 3643 3644 3645 3705 3706 3707 3708 3709 4657 4658
57 4.31558 -12.6523 6.39829 0.596277 0.574726 -0.388963 -0.403549 3546 3547 3548 3549 3576 3578 3579 3583 3585 3596 3597 3598 3599 3604 3606 3607 3608 3609 3624 3625 3626 3627 3629 3631 3632 3633 3636 3637 3638 3639 3641 3643 3644 3645 3670 3672 3673 3674 3675 3680 3681 3682 3683 3684 3685 3700 3701 3702 3703 3705 3707 3708 3709 3712 3713 3714 3715 3717 3719 3720 3730 3732 4657 4658
58 3.61838 -12.599 8.43869 0.663151 0.647678 -0.262128 -0.26839 3580 3581 3582 3583 3584 3585 3628 3629 3630 3631 3632 3633 3641 3642 3643 3644 3645 3704 3705 3706 3707 3708 3709 3717 3718 3719 3720 3721 3764 4657 4658
59 4.52091 -11.6022 4.02598 -0.482263 -0.473876 0.516401 0.525541 3590 3592 3595 3596 3597 3598 3599 3600 3602 3604 3605 3606 3607 3608 3609 3624 3625 3626 3627 3632 3633 3636 3637 3638 3639 3644 3645 3666 3668 3670 3671 3672 3673 3674 3675 3676 3678 3680 3681 3682 3683 3684 3685 3700 3701 3702 3703 3708 3709 3712 3713 3714 3715 3720 3721 3726 3728 3730 3731 3732 3733 3734 3735 3760 3761 3762 3763 3768 3769
60 4.52234 -10.6272 4.04994 -0.486347 -0.473917 0.512309 0.525746 3600 3602 3605 3606 3607 3608 3609 3636 3637 3638 3639 3644 3645 3666 3668 3670 3671 3672 3673 3674 3675 3676 3678 3680 3681 3682 3683 3684 3685 3700 3701 3702 3703 3708 3709 3712 3713 3714 3715 3720 3721 3726 3728 3730 3731 3732 3733 3734 3735 3736 3738 3740 3741 3742 3743 3744 3745 3760 3761 3762 3763 3768 3769 3772 3773 3774 3775 3780 3781
61 1.66786 -11.5247 9.05987 0.686117 0.701448 -0.137907 -0.134892 472 506 508 519 520 521 522 584 586 588 590 591 592 593 594 636 639 640 641 642 1449 1450 3610 3611 3613 3615 3616 3619 3621 3631 3632 3633 3641 3643 3644 3645 3687 3689 3691 3692 3693 3695 3697 3705 3707 3708 3709 3717 3719 3720 3721 3746 3747 3749 3765 3768 3769 4657 4658
62 1.69598 -10.5851 9.0481 0.703562 0.682513 -0.137818 -0.142068 574 576 588 590 591 592 593 594 626 636 638 639 640 641 642 643 644 645 646 1179 1449 1450 3621 3643 3644 3645 3687 3689 3691 3692 3693 3695 3697 3705 3707 3708 3709 3717 3719 3720 3721 3746 3747 3749 3751 3752 3753 3755 3757 3765 3767 3768 3769 3777 3780 3781 4657 4658
63 4.31934 -11.615 6.39166 0.591933 0.578244 -0.392349 -0.401637 3545 3596 3597 3598 3599 3604 3605 3606 3607 3608 3609 3624 3626 3627 3629 3631 3633 3636 3637 3638 3639 3641 3643 3644 3645 3670 3671 3672 3673 3674 3675 3680 3681 3682 3683 3684 3685 3700 3701 3702 3703 3705 3707 3708 3709 3712 3713 3714 3715 3717 3719 3720 3721 3730 3731 3732 3733 3734 3735 3742 3760 3761 3762 3763 3765 3767 3768 4657 4658
64 3.61876 -11.612 8.43799 0.66511 0.645576 -0.261403 -0.269313 3582 3628 3629 3630 3631 3632 3633 3640 3641 3642 3643 3644 3645 3705 3706 3707 3708 3709 3716 3717 3718 3719 3720 3721 3764 3765 3766 3767 3768 3769 3776 4657 4658
65 4.32228 -10.591 6.38541 0.588991 0.580344 -0.394724 -0.400605 3595 3606 3607 3608 3609 3636 3638 3639 3641 3643 3645 3670 3671 3672 3673 3674 3675 3680 3681 3682 3683 3684 3685 3700 3701 3702 3703 3705 3707 3708 3709 3712 3713 3714 3715 3717 3719 3720 3721 3730 3731 3732 3733 3734 3735 3740 3741 3742 3743 3744 3745 3760 3761 3762 3763 3765 3767 3768 3769 3772 3773 3774 3775 3777 3779 3780 4657 4658
66 3.58505 -10.6615 8.46816 0.674951 0.639225 -0.253429 -0.267594 3640 3641 3642 3643 3644 3645 3704 3705 3706 3707 3708 3709 3717 3718 3719 3720 3721 3765 3766 3767 3768 3769 3776 3777 3778 3779 3780 3781 3924 4657 4658
67 4.51961 -9.63279 4.01898 -0.484065 -0.470799 0.514255 0.528745 3666 3668 3671 3673 3674 3675 3676 3678 3680 3681 3682 3683 3684 3685 3700 3701 3702 3703 3708 3709 3712 3713 3714 3715 3720 3721 3726 3728 3730 3731 3732 3733 3734 3735 3736 3738 3740 3741 3742 3743 3744 3745 3760 3761 3762 3763 3768 3769 3772 3773 3774 3775 3780 3781 3795 3831 3832 3833 3834 3835 3836 3837 3838 3858 3859 3860 3861 3866 3867
68 4.52304 -8.60784 4.0534 -0.485114 -0.475786 0.513733 0.523805 3676 3678 3681 3682 3683 3684 3685 3712 3713 3714 3715 3720 3721 3726 3728 3730 3731 3732 3733 3734 3735 3736 3738 3740 3741 3742 3743 3744 3745 3760 3761 3762 3763 3768 3769 3772 3773 3774 3775 3780 3781 3795 3822 3831 3832 3834 3835 3836 3837 3838 3841 3843 3858 3859 3860 3861 3866 3867 3870 3871 3872 3873 3878 3879 3924 3925 3926 3931
69 1.70613 -9.55575 9.04402 0.694635 0.691105 -0.140806 -0.141525 574 576 586 588 589 590 591 592 593 594 636 639 640 641 642 643 644 645 646 1164 1166 1179 1180 1181 1182 3686 3687 3691 3692 3693 3695 3697 3707 3708 3709 3717 3719 3720 3721 3746 3747 3749 3751 3752 3753 3755 3757 3765 3767 3768 3769 3777 3779 3780 3781 3844 3845 3847 3863 3866 3867 3930 3932
70 1.6935 -8.54616 9.04936 0.692115 0.69427 -0.139799 -0.139365 584 586 591 592 593 594 626 628 639 640 641 642 643 644 645 646 1164 1166 1176 1178 1179 1180 1181 1182 1183 1184 1185 1186 3692 3693 3697 3719 3720 3721 3746 3747 3749 3751 3752 3753 3755 3757 3765 3767 3768 3769 3777 3779 3780 3781 3844 3845 3847 3849 3850 3851 3853 3863 3865 3866 3867 3875 3878 3879 3930 3942 3943
71 4.31295 -9.64763 6.40524 0.596313 0.575695 -0.388573 -0.402489 3672 3673 3674 3675 3680 3682 3683 3684 3685 3700 3702 3703 3705 3707 3709 3712 3713 3714 3715 3717 3719 3720 3721 3730 3732 3733 3734 3735 3740 3742 3743 3744 3745 3760 3761 3762 3763 3765 3767 3768 3769 3772 3773 3774 3775 3777 3779 3780 3781 3832 3834 3835 3836 3837 3838 3840 3858 3859 3860 3861 3863 3865 3866 3924 4657 4658
72 3.58936 -9.6676 8.46378 0.67558 0.637988 -0.253725 -0.268675 3704 3705 3706 3707 3708 3709 3716 3717 3718 3719 3720 3721 3765 3766 3767 3768 3769 3777 3778 3779 3780 3781 3862 3863 3864 3865 3866 3867 3924 3930 3931 3932 4658
73 4.29964 -8.63671 6.43855 0.597625 0.579145 -0.385863 -0.398176 3671 3682 3683 3684 3685 3712 3714 3715 3719 3721 3730 3731 3732 3733 3734 3735 3742 3743 3744 3745 3760 3761 3762 3763 3765 3767 3768 3769 3772 3773 3774 3775 3777 3779 3780 3781 3832 3835 3836 3837 3838 3840 3841 3842 3843 3858 3859 3860 3861 3863 3865 3866 3867 3870 3871 3872 3873 3875 3877 3878 3880 3924 3931 3932
74 3.59351 -8.63033 8.46156 0.669617 0.643956 -0.256501 -0.266723 3716 3717 3718 3719 3720 3721 3764 3765 3766 3767 3768 3769 3777 3778 3779 3780 3781 3862 3863 3864 3865 3866 3867 3874 3875 3876 3877 3878 3879 3924 3930 3931 3932 3940 3941 3942
75 2.71572 -10.771 6.24912 -0.245664 -0.517019 0.74061 0.351905 3643 3705 3707 3708 3709 3717
