0 1.72681 8.47062 9.03507 0.686398 0.698218 -0.145007 -0.142553 2266 2297 2307 2309 2310 2311 2313 2315 2316 2317 2379 2381 2382 2383 2385 2387 2388 2389 2427 2429 2430 2431 5019 5020 5022 5024 5025 5026 5028 5030 5034 5036 5037 5038 5042 5044 5045 5046 5050 5052 5054 5242 5243 5245 5247 5248 5249 5251 5253 5257 5259 5260 5261 5265 5267 5268 5269 5290 5291 5293 5305 5307 5308 5309
1 1.72641 9.44192 9.03531 0.694752 0.689936 -0.143215 -0.144215 2313 2315 2316 2317 2379 2381 2382 2383 2385 2387 2388 2389 2427 2429 2430 2431 2433 2435 2436 2437 2498 5025 5026 5030 5042 5044 5045 5046 5054 5242 5243 5245 5247 5248 5249 5251 5253 5257 5259 5260 5261 5265 5267 5268 5269 5290 5291 5293 5295 5296 5297 5299 5305 5307 5308 5309 5313 5315 5316 5317
2 4.27432 8.51211 6.49895 0.585994 0.599369 -0.389921 -0.38122 4966 4969 5005 5006 5007 5008 5015 5016 5017 5018 5022 5024 5028 5030 5033 5034 5035 5036 5037 5038 5041 5042 5043 5044 5045 5046 5057 5058 5228 5229 5230 5231 5238 5239 5240 5241 5245 5247 5251 5253 5256 5257 5258 5259 5260 5261 5264 5265 5266 5267 5268 5269 5273 5275 5276 5277 5278 5279 5293 5295 5304 5305 5306 5308 5309
3 3.63606 8.44762 8.42201 0.654804 0.653994 -0.267719 -0.268051 4982 4996 5022 5024 5027 5028 5030 5034 5036 5037 5038 5039 5042 5044 5045 5046 5052 5054 5055 5056 5057 5058 5245 5247 5251 5252 5253 5257 5259 5260 5261 5263 5265 5267 5268 5269 5293 5295 5299 5305 5307 5308 5309 5313
4 4.2738 9.53076 6.49903 0.583958 0.601364 -0.391207 -0.379884 5004 5015 5016 5017 5018 5024 5028 5030 5041 5042 5043 5044 5045 5046 5228 5229 5230 5231 5238 5239 5240 5241 5245 5247 5251 5253 5256 5257 5258 5259 5260 5261 5264 5265 5266 5267 5268 5269 5273 5276 5277 5278 5279 5286 5287 5288 5289 5293 5295 5299 5301 5304 5305 5306 5307 5308 5309 5312 5313 5314 5316 5317
5 3.63839 9.45257 8.41972 0.653889 0.654616 -0.26839 -0.268092 5024 5028 5030 5036 5042 5044 5045 5046 5057 5058 5244 5245 5247 5251 5253 5254 5257 5259 5260 5261 5265 5267 5268 5269 5293 5294 5295 5299 5301 5303 5305 5307 5308 5309 5313 5315 5316 5317 5363 5375
6 1.71013 10.4573 9.04232 0.690683 0.694851 -0.142095 -0.141242 2379 2381 2382 2383 2385 2387 2388 2389 2427 2429 2430 2431 2433 2435 2436 2437 2498 2500 2501 2502 5242 5243 5247 5248 5249 5251 5253 5257 5259 5260 5261 5265 5267 5268 5269 5290 5291 5293 5295 5296 5297 5299 5301 5305 5307 5308 5309 5313 5315 5316 5317 5360 5361 5363 5375 5377 5378 5379
7 1.72082 11.4384 9.03771 0.695927 0.689041 -0.142305 -0.143727 2385 2387 2388 2389 2427 2429 2430 2431 2433 2435 2436 2437 2498 2500 2501 2502 2504 2506 2507 2508 2548 5248 5249 5253 5265 5267 5268 5269 5290 5291 5293 5295 5296 5297 5299 5301 5305 5307 5308 5309 5313 5315 5316 5317 5360 5361 5363 5365 5366 5367 5369 5375 5377 5378 5379 5383 5385 5386 5387
8 4.27771 10.5492 6.4888 0.581238 0.60258 -0.393598 -0.379658 5014 5030 5228 5229 5230 5231 5238 5239 5240 5241 5245 5247 5251 5253 5256 5257 5258 5259 5260 5261 5264 5265 5266 5267 5268 5269 5276 5277 5278 5279 5283 5285 5286 5287 5288 5289 5293 5295 5299 5301 5304 5305 5306 5307 5308 5309 5312 5313 5314 5315 5316 5317 5346 5347 5348 5349 5353 5363 5365 5374 5375 5376 5378 5379
9 3.65324 10.4519 8.40498 0.653048 0.653578 -0.270631 -0.270411 5030 5044 5058 5245 5247 5250 5251 5253 5257 5259 5260 5261 5262 5265 5267 5268 5269 5293 5295 5299 5300 5301 5305 5307 5308 5309 5311 5313 5315 5316 5317 5363 5365 5369 5375 5377 5378 5379 5383
10 4.27727 11.5735 6.48756 0.578488 0.605049 -0.395406 -0.378049 5238 5239 5240 5241 5247 5251 5253 5264 5265 5266 5267 5268 5269 5276 5277 5278 5279 5286 5287 5288 5289 5293 5295 5299 5301 5304 5305 5306 5307 5308 5309 5312 5313 5314 5315 5316 5317 5343 5345 5346 5347 5348 5349 5356 5357 5358 5359 5363 5365 5369 5371 5374 5375 5376 5377 5378 5379 5382 5383 5384 5386 5387 5394
11 3.64022 11.4624 8.41788 0.652249 0.656016 -0.269299 -0.267753 5247 5251 5253 5259 5265 5267 5268 5269 5292 5293 5294 5295 5299 5301 5302 5305 5307 5308 5309 5313 5315 5316 5317 5363 5364 5365 5369 5371 5373 5375 5377 5378 5379 5383 5385 5386 5387 5413 5425
12 1.70569 12.4489 9.04421 0.693285 0.692483 -0.141028 -0.141192 2427 2429 2430 2431 2433 2435 2436 2437 2498 2500 2501 2502 2504 2506 2507 2508 2548 2550 2551 2552 5290 5291 5295 5296 5297 5299 5301 5305 5307 5308 5309 5313 5315 5316 5317 5360 5361 5363 5365 5366 5367 5369 5371 5375 5377 5378 5379 5383 5385 5386 5387 5410 5411 5413 5425 5427 5428 5429
13 1.72068 13.4272 9.0377 0.699179 0.68574 -0.141626 -0.144402 2433 2435 2436 2437 2498 2500 2501 2502 2504 2506 2507 2508 2548 2550 2551 2552 2554 2556 2557 2558 2630 5296 5297 5301 5313 5315 5316 5317 5360 5361 5363 5365 5366 5367 5369 5371 5375 5377 5378 5379 5383 5385 5386 5387 5410 5411 5413 5415 5416 5417 5419 5421 5425 5427 5428 5429 5433 5435 5436 5437
14 4.27235 12.552 6.5007 0.58174 0.60374 -0.392492 -0.378189 5253 5276 5277 5278 5279 5286 5287 5288 5289 5293 5295 5299 5301 5304 5305 5306 5307 5308 5309 5312 5313 5314 5315 5316 5317 5346 5347 5348 5349 5353 5355 5356 5357 5358 5359 5363 5365 5369 5371 5374 5375 5376 5377 5378 5379 5382 5383 5384 5385 5386 5387 5396 5397 5398 5399 5404 5413 5415 5424 5425 5426 5428 5429
15 3.65434 12.4526 8.40387 0.652881 0.653604 -0.270841 -0.270542 5253 5267 5293 5295 5298 5299 5301 5305 5307 5308 5309 5310 5313 5315 5316 5317 5363 5365 5369 5370 5371 5375 5377 5378 5379 5381 5383 5385 5386 5387 5413 5415 5419 5425 5427 5428 5429 5433
16 4.27114 13.5098 6.5062 0.586745 0.599642 -0.388972 -0.380606 5275 5278 5286 5287 5288 5289 5299 5301 5312 5313 5314 5315 5316 5317 5346 5347 5348 5349 5356 5357 5358 5359 5363 5365 5369 5371 5374 5375 5376 5377 5378 5379 5382 5383 5384 5385 5386 5387 5396 5397 5398 5399 5404 5405 5406 5407 5408 5409 5413 5415 5419 5421 5424 5425 5426 5427 5428 5429 5432 5433 5434 5436 5437
17 3.66326 13.4495 8.39491 0.652786 0.652557 -0.272019 -0.272115 5295 5299 5301 5307 5313 5315 5316 5317 5362 5363 5365 5369 5371 5372 5375 5377 5378 5379 5383 5385 5386 5387 5413 5414 5415 5419 5421 5423 5425 5427 5428 5429 5433 5435 5436 5437 5737 5749
18 1.68379 14.4872 9.05317 0.682218 0.704449 -0.140641 -0.136202 2435 2498 2500 2501 2502 2504 2506 2507 2508 2548 2550 2551 2552 2554 2556 2557 2558 2630 2632 2633 2634 5360 5361 5363 5365 5366 5367 5369 5371 5375 5377 5378 5379 5383 5385 5386 5387 5410 5411 5413 5415 5416 5417 5419 5421 5425 5427 5428 5429 5433 5435 5436 5437 5734 5735 5737 5749 5751 5752 5753
19 1.64307 15.517 9.06919 0.673225 0.714917 -0.137479 -0.129461 2500 2504 2506 2507 2508 2548 2550 2551 2552 2554 2556 2557 2558 2630 2632 2633 2634 2993 5366 5367 5369 5371 5383 5385 5386 5387 5410 5411 5413 5415 5416 5417 5419 5421 5425 5427 5428 5429 5433 5435 5436 5437 5734 5735 5737 5739 5743 5749 5751 5752 5753 5757 5759 5760 5761 6206
20 4.26415 14.5998 6.51412 0.577327 0.609798 -0.394308 -0.373312 5301 5343 5346 5347 5348 5349 5353 5356 5357 5358 5359 5363 5365 5369 5371 5374 5375 5376 5377 5378 5379 5382 5383 5384 5385 5386 5387 5394 5396 5397 5398 5399 5404 5405 5406 5407 5408 5409 5413 5415 5419 5421 5424 5425 5426 5427 5428 5429 5432 5433 5434 5435 5436 5437 5719 5720 5721 5722 5737 5739 5748 5749 5750 5752 5753
21 3.64759 14.4808 8.41039 0.648922 0.65836 -0.271627 -0.267733 5301 5315 5362 5363 5365 5368 5369 5370 5371 5372 5375 5377 5378 5379 5380 5381 5383 5385 5386 5387 5413 5415 5419 5420 5421 5425 5427 5428 5429 5431 5433 5435 5436 5437 5737 5739 5743 5749 5751 5752 5753 5757 6206
22 4.2793 15.6071 6.479 0.574209 0.60794 -0.398646 -0.376528 5356 5357 5358 5359 5365 5369 5371 5382 5383 5384 5385 5386 5387 5396 5397 5398 5399 5406 5407 5408 5409 5413 5415 5419 5421 5424 5425 5426 5427 5428 5429 5432 5433 5434 5435 5436 5437 5717 5718 5719 5720 5721 5722 5730 5731 5732 5733 5737 5739 5743 5745 5748 5749 5750 5751 5752 5753 5756 5757 5758 5760 5761 6206 6207
23 3.65327 15.5168 8.4039 0.64291 0.663418 -0.274903 -0.266405 5365 5369 5370 5371 5377 5379 5381 5383 5385 5386 5387 5413 5414 5415 5419 5421 5423 5425 5427 5428 5429 5433 5435 5436 5437 5737 5739 5743 5745 5749 5751 5752 5753 5757 5759 5760 5761 5797 5807 5810 5813 6206 6207
24 1.70274 16.5478 9.04374 0.663463 0.721051 -0.146997 -0.135257 2548 2550 2551 2552 2554 2556 2557 2558 2630 2632 2633 2634 2993 2994 5410 5411 5413 5415 5416 5417 5419 5421 5425 5427 5428 5429 5433 5435 5436 5437 5734 5735 5737 5739 5743 5745 5749 5751 5752 5753 5757 5759 5760 5761 5798 5810 5812 5813 5814 6206 6207 6208
25 1.98306 17.6178 8.90376 0.643911 0.722596 -0.187739 -0.167296 2556 2557 2558 2633 2993 2994 5416 5417 5419 5421 5433 5435 5436 5437 5734 5735 5737 5739 5743 5745 5749 5751 5752 5753 5757 5759 5760 5761 5798 5800 5806 5810 5812 5813 5814 5820 5822 5823 6206 6207 6208 6209 6210 6211 6212 6213
26 4.27378 16.6473 6.48569 0.570179 0.612632 -0.400659 -0.372894 5358 5371 5394 5396 5397 5398 5399 5404 5406 5407 5408 5409 5413 5415 5419 5421 5424 5425 5426 5427 5428 5429 5432 5433 5434 5435 5436 5437 5719 5720 5721 5722 5727 5728 5730 5731 5732 5733 5737 5739 5743 5745 5748 5749 5750 5751 5752 5753 5756 5757 5758 5759 5760 5761 5780 5781 5782 5783 5798 5800 5809 5810 5811 5813 5814 6206 6207 6208 6209 6210 6211
27 3.64186 16.5862 8.41196 0.632383 0.674457 -0.277975 -0.260634 5371 5385 5413 5415 5419 5420 5421 5425 5427 5428 5429 5431 5433 5435 5436 5437 5737 5738 5739 5743 5745 5749 5751 5752 5753 5757 5759 5760 5761 5798 5800 5810 5812 5813 5814 6206 6207 6208 6209 6210 6211
28 4.27464 17.7118 6.47134 0.562022 0.618191 -0.406601 -0.369657 5405 5406 5407 5408 5409 5415 5419 5421 5432 5433 5434 5435 5436 5437 5717 5719 5720 5721 5722 5730 5731 5732 5733 5737 5739 5743 5745 5748 5749 5750 5751 5752 5753 5756 5757 5758 5759 5760 5761 5780 5781 5782 5783 5790 5791 5792 5793 5798 5800 5804 5809 5810 5811 5812 5813 5814 5819 5820 5821 5822 5823 5852 6206 6207 6208 6209 6210 6211 6213 6214 6215 6216
29 3.57971 17.6445 8.46739 0.625467 0.687626 -0.272768 -0.248111 5419 5421 5427 5433 5435 5436 5437 5737 5738 5739 5743 5744 5745 5749 5751 5752 5753 5757 5759 5760 5761 5798 5800 5802 5804 5805 5806 5810 5812 5813 5814 5820 5822 5823 5852 6206 6207 6208 6209 6210 6211 6212 6213 6214 6215 6217
30 2.28863 18.7194 8.70044 0.618916 0.720988 -0.236464 -0.202987 5734 5735 5737 5739 5740 5741 5743 5745 5749 5751 5752 5753 5757 5759 5760 5761 5794 5798 5800 5802 5804 5805 5806 5810 5812 5813 5814 5820 5822 5823 5854 5855 5856 5870 5871 5872 5877 6206 6207 6208 6209 6210 6211 6212 6213 6214 6215 6216 6217 6219 6222
31 2.55784 19.7418 8.47693 0.609218 0.703194 -0.277053 -0.240027 5745 5757 5759 5760 5761 5794 5798 5800 5801 5802 5803 5804 5805 5806 5810 5812 5813 5814 5820 5822 5823 5851 5852 5854 5855 5856 5859 5860 5861 5862 5863 5864 5869 5870 5871 5872 5876 5877 5878 6207 6208 6209 6210 6211 6212 6213 6214 6215 6216 6217 6219 6222 6223 6224 6225 6226 6228 6230
32 4.25638 18.8105 6.48741 0.551735 0.629521 -0.411423 -0.360587 5421 5437 5719 5721 5722 5728 5730 5731 5732 5733 5737 5739 5743 5745 5749 5750 5751 5752 5753 5756 5757 5758 5759 5760 5761 5777 5780 5781 5782 5783 5790 5791 5792 5793 5798 5800 5802 5804 5809 5810 5811 5812 5813 5814 5819 5820 5821 5822 5823 5837 5842 5852 5854 5868 5869 5871 6206 6207 6208 6209 6210 6211 6213 6214 6215 6216 6222 6223 6224 6225
33 3.53693 18.6721 8.50413 0.622272 0.694939 -0.26844 -0.24037 5435 5437 5737 5739 5743 5744 5745 5749 5751 5752 5753 5757 5759 5760 5761 5797 5798 5799 5800 5802 5804 5805 5806 5810 5812 5813 5814 5820 5822 5823 5852 5854 5860 5863 5869 5870 5871 5872 5874 5877 5938 5939 6206 6207 6208 6209 6210 6211 6212 6213 6214 6215 6216 6217 6219 6222 6223 6224 6226
34 4.26703 19.85 6.45026 0.545006 0.630465 -0.418132 -0.361454 5730 5732 5733 5739 5743 5745 5756 5757 5758 5759 5760 5761 5780 5781 5782 5783 5790 5791 5792 5793 5798 5800 5802 5804 5809 5810 5811 5812 5813 5814 5819 5820 5821 5822 5823 5836 5837 5842 5852 5854 5860 5862 5864 5866 5868 5869 5871 5872 5874 5876 5938 6206 6207 6208 6209 6210 6211 6213 6214 6215 6216 6222 6223 6224 6225 6230 6231 6232 6233
35 3.5383 19.7803 8.4894 0.60283 0.710142 -0.277286 -0.235385 5742 5743 5744 5745 5751 5757 5759 5761 5797 5798 5799 5800 5802 5804 5805 5806 5810 5812 5813 5814 5820 5822 5823 5852 5854 5855 5856 5858 5860 5862 5863 5864 5869 5870 5871 5872 5874 5876 5877 5878 5910 5924 5938 5939 5941 5942 5944 6206 6207 6208 6209 6210 6211 6212 6213 6214 6215 6216 6217 6219 6222 6223 6224 6225 6226 6228 6230 6231 6232 6234
36 2.03132 20.7197 7.86786 0.618906 0.740094 -0.201821 -0.168773 5801 5802 5803 5804 5805 5806 5812 5820 5822 5823 5851 5852 5853 5854 5855 5856 5859 5860 5861 5862 5863 5864 5869 5870 5871 5872 5874 5876 5877 5878 5906 5910 5924 5927 5928 5938 5939 6213 6215 6222 6224 6230
37 2.93022 20.7676 8.05793 0.58795 0.670902 -0.339853 -0.297833 5799 5800 5802 5804 5805 5806 5812 5814 5820 5822 5823 5852 5854 5855 5860 5862 5863 5864 5869 5870 5871 5872 5874 5876 5877 5907 5909 5910 5911 5924 5926 6208 6209 6210 6211 6212 6213 6214 6215 6216 6217 6219 6222 6223 6224 6225 6226 6228 6230 6231 6232 6233 6234 6236 6251 6252
38 2.6303 21.7921 7.40024 0.598203 0.703563 -0.292248 -0.248483 5804 5852 5854 5857 5858 5860 5862 5863 5864 5869 5870 5872 5874 5876 5877 5878 5905 5907 5909 5910 5911 5914 5921 5924 5926 5927 5928 5938 5939 5941 5955 5957 6215 6222 6224 6230 6232 6251 6253
39 2.88697 21.786 8.11163 0.587845 0.677631 -0.333783 -0.289557 5796 5802 5804 5806 5823 5852 5854 5855 5856 5860 5862 5863 5864 5869 5870 5871 5872 5874 5876 5877 5907 5909 5910 5911 5918 5920 5921 5922 5924 5926 5932 5938 5939 5941 6213 6214 6215 6216 6219 6222 6223 6224 6225 6226 6228 6230 6231 6232 6233 6234 6236 6251 6252 6253 6254 6255 6257 6259 6260
40 3.58498 21.5751 7.15976 0.459434 0.775686 -0.3723 -0.220511 5796 5800 5802 5804 5821 5822 5823 5852 5854 5860 5862 5863 5864 5865 5866 5868 5869 5870 5871 5872 5874 5876 5877 5910 5924 5938 5939 5941 5942 5944 5955 5959 6207 6208 6210 6213 6215 6222 6224 6230 6232
41 3.69927 20.7462 8.33673 0.603444 0.691461 -0.299234 -0.261144 5759 5798 5800 5802 5804 5807 5810 5812 5813 5814 5820 5822 5823 5852 5854 5856 5857 5860 5862 5863 5864 5868 5869 5870 5871 5872 5874 5876 5877 5903 5907 5909 5910 5911 5914 5918 5921 5924 5926 5929 5938 5939 5941 5942 5944 5955 5957 5959 6206 6207 6208 6209 6210 6211 6212 6213 6214 6215 6216 6217 6219 6222 6223 6224 6225 6226 6228 6230 6231 6232 6233 6234 6236 6251 6252 6253 6255
42 3.07435 21.6451 7.84918 0.636938 0.722482 -0.201738 -0.177852 5802 5804 5820 5823 5852 5854 5857 5858 5860 5862 5863 5864 5869 5870 5871 5872 5874 5876 5877 5903 5905 5907 5909 5910 5911 5914 5916 5918 5921 5924 5926 5932 5938 5939 5941 5942 5944 5946 5955 5957 5959 5961 5963 5967 5971 5973
43 2.83966 22.8006 7.16832 0.588192 0.684269 -0.326883 -0.280986 5852 5854 5856 5860 5862 5863 5864 5870 5874 5876 5907 5909 5910 5911 5913 5914 5915 5916 5918 5920 5921 5922 5924 5926 5932 5934 5941 5955 5957 5963 5965 6023 6024 6028 6031 6224 6230 6232 6251 6253 6259 6261
44 3.19653 22.7485 7.62983 0.567376 0.634452 -0.391292 -0.349923 5852 5854 5856 5857 5860 5862 5863 5864 5868 5870 5872 5874 5876 5905 5907 5909 5910 5911 5913 5914 5916 5918 5920 5921 5922 5924 5926 5932 5934 5941 5955 5957 6023 6024 6028 6030 6031 6044 6222 6223 6224 6225 6226 6228 6230 6231 6232 6233 6234 6236 6251 6252 6253 6254 6255 6257 6259 6260 6261 6262 6263 6265 6298 6299 6302
45 2.86997 23.8199 7.12685 0.5836 0.683149 -0.333784 -0.285144 5860 5862 5864 5907 5909 5910 5911 5913 5914 5915 5916 5918 5920 5921 5922 5924 5926 5932 5934 5957 5963 5965 6023 6024 6028 6029 6030 6031 6036 6037 6039 6042 6044 6046 6056 6058 6232 6251 6253 6259 6261 6298 6300
46 3.33308 23.7578 7.31355 0.546997 0.610349 -0.426672 -0.382385 5854 5860 5862 5863 5864 5875 5876 5907 5909 5910 5911 5914 5916 5918 5920 5921 5922 5923 5924 5926 5932 5934 5955 5957 5963 5965 6024 6028 6029 6030 6031 6036 6038 6039 6044 6046 6049 6224 6230 6231 6232 6233 6234 6236 6251 6252 6253 6254 6255 6257 6259 6260 6261 6262 6263 6265 6298 6299 6300 6301 6302 6304 6306
47 1.9928 22.4695 8.24756 0.690065 0.719637 -0.0555967 -0.0533121 5856 5860 5862 5863 5864 5869 5870 5872 5874 5876 5877 5878 5906 5907 5909 5910 5911 5918 5920 5921 5922 5924 5926 5927 5928 5929 5930 5932 5934 5938 5941 5944 5946 5955 5957 5959 5961 5963 5965 5967 5969 5971 5973 5979 5981 6031 6040 6042 6044 6046 6056 6060 6069
48 1.15267 23.3515 8.25739 0.789347 -0.61044 0.040091 -0.0518408 5864 5874 5876 5877 5878 5910 5911 5921 5922 5924 5926 5927 5928 5929 5930 5932 5934 5941 5944 5946 5955 5957 5959 5961 5963 5965 5967 5969 5971 5973 5975 5977 5979 5981 5983 5985 5987 5989 6031 6036 6040 6042 6044 6046 6049 6056 6058 6060 6062 6064 6066 6067 6069 6071 6073 6075 6077 6078
49 4.07474 17.8772 5.25278 -0.67803 -0.187649 0.189559 0.684932 5782 5783 5790 5791 5792 5793 5811 5812 5819 5820 5821 5822 5823 5837 5842 5843 5868 5869 5871 5872 5935 5937 5938 5941 5942 5944 5945 5946 5974 5975 5986 5987 5990 5991 6213 6214 6215 6216 6219 6222 6223 6224 6225 6226 6227 6228 6229 6230 6231 6234 6235 6243
50 1.25244 22.5882 7.74623 -0.390859 0.870483 -0.272898 0.122535 5821 5863 5864 5868 5869 5870 5872 5874 5876 5877 5878 5910 5924 5926 5927 5928 5932 5938 5941 5944 5946 5955 5957 5959 5961 5963 5965 5967 5971 5973 5975 5979 5983
51 5.274 19.0308 4.94645 -0.634087 -0.204487 0.228884 0.70974 5833 5836 5837 5838 5840 5842 5843 5844 5846 5864 5866 5868 5869 5871 5872 5874 5876 5935 5936 5937 5938 5942 5944 5945 5946 5974 5975 5986 5987 5990 5991 6000 6001 6222 6223 6224 6225 6226 6227 6228 6229 6230 6231 6234 6240
52 2.06001 22.4142 8.24551 0.731191 -0.677559 0.05384 -0.0581017 5869 5870 5872 5874 5876 5877 5878 5910 5911 5921 5922 5924 5926 5927 5928 5929 5930 5932 5934 5938 5941 5944 5946 5955 5957 5959 5961 5963 5965 5967 5969 5971 5973 5975 5977 5979 5981 5983 5985 5987 5989 5991 5993 5995 5997 5999 6040 6044 6056 6058 6060 6062 6069 6071 6073 6075 6083 6085 6087 6089 6093
53 2.08414 23.2312 8.24138 0.845293 -0.527746 0.0441934 -0.0707848 5870 5876 5877 5878 5921 5922 5924 5926 5927 5928 5929 5930 5932 5934 5938 5941 5944 5946 5955 5957 5959 5961 5963 5965 5967 5969 5971 5973 5975 5977 5979 5981 5983 5985 5987 5989 5991 5993 5995 5997 5999 6001 6003 6026 6031 6040 6042 6044 6046 6049 6056 6058 6060 6062 6064 6066 6067 6069 6071 6073 6075 6077 6078 6080 6081 6083 6085 6087 6089 6091 6092
54 2.81429 22.7433 8.18116 -0.552976 0.822932 -0.108222 0.0727203 5870 5876 5877 5878 5924 5927 5928 5932 5938 5941 5944 5946 5955 5957 5959 5961 5963 5965 5967 5969 5971 5973 5975 5977 5979 5981 5983 5985 5987 5989 5991 5993 5995 5997 5999 6001 6003 6004 6005 6056 6058 6060 6062 6069 6071 6073 6075 6083 6087 6096 6098
55 3.06816 23.2698 8.24152 0.822419 -0.562749 0.047042 -0.0687486 5932 5934 5938 5941 5944 5946 5955 5957 5959 5961 5963 5965 5967 5969 5971 5973 5975 5977 5979 5981 5983 5985 5987 5989 5991 5993 5995 5997 5999 6001 6003 6004 6005 6006 6042 6044 6046 6056 6058 6060 6062 6064 6066 6069 6071 6073 6075 6077 6078 6080 6081 6083 6085 6087 6089 6091 6092 6093 6094 6096 6097 6098 6099 6100 6101 6104 6105
56 3.40163 23.4764 7.86546 -0.390605 0.881936 -0.241248 0.106847 5944 5946 5957 5959 5961 5967 5971 5973 5975 5977 5979 5981 5983 5985 5987 5989 5991 5993 5995 5997 5999 6001 6003 6004 6005 6006 6073 6083 6085 6087 6096 6098
57 4.05844 23.4192 8.24532 0.727503 -0.681493 0.0542923 -0.0579577 5944 5946 5959 5961 5967 5969 5971 5973 5975 5977 5979 5981 5983 5985 5987 5989 5991 5993 5995 5997 5999 6001 6003 6004 6005 6006 6060 6062 6066 6069 6071 6073 6075 6077 6080 6083 6085 6087 6089 6091 6092 6093 6094 6096 6097 6098 6099 6100 6101 6102 6103 6108 6111 6115 6118 6119
58 4.88731 23.7872 8.19353 -0.514264 0.848878 -0.104536 0.0633293 5973 5975 5977 5979 5983 5985 5987 5989 5991 5993 5995 5997 5999 6001 6003 6004 6005 6006 6073 6083 6085 6087 6089 6091 6093 6094 6096 6097 6098 6099 6100 6101 6102 6103 6111 6112 6113
59 5.10264 25.1644 7.28746 -0.311086 0.858648 -0.383007 0.138762 5999 6003 6004 6005 6087 6096 6097 6098 6099 6102 6111 6118
60 2.9243 25.6279 6.65867 0.45118 0.725043 -0.441782 -0.274912 2943 5914 5916 5918 5920 5921 5922 6017 6028 6029 6030 6031 6036 6037 6038 6039 6046 6049 6050 6051 6052 6058 6062 6064 6259 6261 6298 6300
61 3.02303 24.9199 7.88823 0.559146 0.674439 -0.371193 -0.307739 3093 5862 5907 5909 5911 5914 5915 5918 5920 5921 5922 5926 5932 5934 5963 5965 6022 6024 6026 6028 6029 6030 6031 6032 6034 6036 6038 6039 6042 6044 6046 6049 6052 6053 6054 6056 6058 6232 6251 6252 6253 6254 6255 6257 6259 6260 6261 6262 6263 6265 6298 6299 6300 6301 6302 6304 6306
62 2.95197 26.5145 6.70202 0.469018 0.718679 -0.429897 -0.280555 5920 6017 6027 6028 6029 6030 6031 6036 6037 6038 6039 6049 6050 6051 6052 6053 6054 6064 6067 6261 6298 6300
63 1.60812 22.3247 7.39888 0.923229 0.0164361 -0.00683344 -0.383839 5911 5919 5920 5921 5922 5926 5928 5930 5932 5934 5957 5961 5963 5965 5967 5969 5981 6040 6041 6042 6044 6056 6060 6062 6069
64 2.02193 22.8143 6.62935 -0.847512 -0.0780273 0.0481321 0.522798 5916 5934 5965 5969 6024 6042 6300
65 3.12197 27.9567 5.12576 -0.343172 -0.596656 0.628828 0.361676 2987 3087 3088 3091 3093 5881 6011 6017 6019 6029 6030 6031 6035 6037 6038 6039 6047 6048 6049 6050 6051 6052 6053 6054 6300 6301 6305 6306
66 2.09135 24.5593 8.24855 -0.61465 0.785136 -0.0597988 0.0468139 5921 5922 5926 5927 5929 5930 5932 5934 5955 5957 5959 5961 5963 5965 5967 5969 5971 5973 5975 5977 5979 5981 5983 5985 5987 5989 5991 5993 5995 5997 5999 6026 6031 6036 6038 6040 6042 6044 6046 6047 6049 6056 6058 6060 6062 6064 6066 6067 6069 6071 6073 6075 6077 6078 6080 6081 6083 6085 6087 6089 6091 6092 6093 6094 6097 6104
67 2.82883 23.0843 7.10374 0.894603 0.0558217 -0.0276114 -0.442502 5934 5965 5969 5981 5985 6023 6042 6044 6056 6058 6060 6069 6071 6073 6075 6085
68 3.14265 24.1891 8.24625 0.879499 -0.469392 0.0369305 -0.0691967 5934 5957 5959 5961 5963 5965 5967 5969 5971 5973 5975 5977 5979 5981 5983 5985 5989 5991 5993 5995 5997 5999 6001 6003 6004 6005 6042 6044 6046 6049 6056 6058 6060 6062 6064 6066 6067 6069 6071 6073 6075 6077 6078 6080 6081 6083 6085 6087 6089 6091 6092 6093 6094 6096 6097 6098 6099 6100 6101 6102 6103 6104 6105
69 3.86594 22.8816 6.79676 0.865526 0.0559577 -0.0321119 -0.496691 5969 5981 5985 5995 5999 6038 6054 6060 6069 6073 6083 6087
70 4.17006 24.2192 8.25222 0.874538 -0.479612 0.0345281 -0.0629595 5969 5973 5975 5977 5979 5981 5983 5985 5987 5989 5991 5993 5995 5997 5999 6001 6003 6004 6005 6006 6056 6058 6060 6062 6064 6066 6067 6069 6071 6073 6075 6077 6078 6080 6081 6083 6085 6087 6089 6091 6092 6093 6094 6096 6097 6098 6099 6100 6101 6102 6103 6104 6105 6106 6111 6112 6118
71 4.17067 25.3763 8.26035 0.77318 -0.631183 0.0389897 -0.0477611 5969 5979 5981 5983 5985 5993 5995 5997 5999 6003 6005 6006 6060 6062 6066 6067 6069 6071 6073 6075 6077 6078 6080 6081 6083 6085 6087 6089 6091 6092 6093 6094 6096 6097 6098 6099 6100 6101 6102 6103 6104 6105 6106 6111 6112 6118 6119 6131
72 5.20149 24.2732 8.25959 0.856112 -0.512976 0.0322123 -0.0537594 5983 5985 5989 5991 5993 5995 5997 5999 6001 6003 6004 6005 6006 6066 6069 6071 6073 6075 6077 6080 6081 6083 6085 6087 6089 6091 6092 6093 6094 6096 6097 6098 6099 6100 6101 6102 6103 6104 6105 6106 6111 6112 6113 6118 6119 6120 6121 6124 6127 6131 6132
73 5.26084 25.2066 8.26089 0.911472 -0.406827 0.0248295 -0.0556291 5995 5997 5999 6001 6003 6004 6005 6067 6075 6077 6078 6080 6081 6083 6085 6087 6089 6091 6092 6093 6094 6096 6097 6098 6099 6100 6101 6102 6103 6104 6105 6106 6111 6112 6113 6118 6119 6120 6121 6124 6127 6128 6131 6132 6133 6135
74 3.81308 29.0437 6.60844 -0.11451 0.841289 -0.523491 0.0712535 6067 6078 6081 6092 6104 6105 6106 6129 6130 6131 6133 6134
75 4.80254 28.9217 6.81917 -0.124414 0.860536 -0.488879 0.0706809 6078 6081 6092 6104 6105 6106 6129 6130 6131 6133 6136
76 6.04713 24.5706 8.2412 -0.613972 0.784886 -0.0658668 0.0515239 5991 5993 5995 5997 5999 6001 6003 6004 6005 6006 6087 6089 6093 6094 6096 6097 6098 6099 6100 6101 6102 6103 6105 6106 6111 6112 6113 6118 6119 6120 6121 6124 6127 6128 6131 6132 6135
77 6.32481 24.2735 9.27074 0.906875 -0.418937 0.0190771 -0.0412963 5985 5989 5991 5993 5995 5997 5999 6001 6003 6004 6005 6006 6062 6069 6071 6073 6075 6077 6080 6081 6083 6085 6087 6089 6091 6092 6093 6094 6096 6097 6098 6099 6100 6101 6102 6103 6104 6105 6106 6111 6112 6113 6118 6119 6120 6121 6122 6124 6127 6128 6131 6132 6133 6135 6136
78 6.2637 25.2065 8.26114 0.91259 -0.404364 0.0245381 -0.0553788 6003 6004 6005 6081 6087 6089 6091 6092 6093 6094 6096 6097 6098 6099 6100 6101 6102 6103 6104 6105 6106 6111 6112 6113 6118 6119 6120 6121 6124 6127 6128 6131 6132 6133 6135 6136
79 6.25571 25.402 9.26998 0.764532 -0.64288 0.0301613 -0.0358688 5987 5989 5991 5993 5995 5997 5999 6001 6003 6004 6005 6075 6080 6081 6083 6085 6087 6089 6091 6092 6093 6094 6096 6097 6098 6099 6100 6101 6102 6103 6104 6105 6106 6111 6112 6113 6118 6119 6120 6121 6122 6124 6127 6128 6131 6132 6133 6135 6136
80 6.90583 24.7685 8.19968 -0.519374 0.846367 -0.100535 0.0616934 6003 6004 6096 6111 6112 6113 6118 6119 6120 6121 6122 6124 6127 6128 6132 6135
81 6.97567 25.5211 9.02966 -0.232362 0.950662 -0.19967 0.0488036 5997 5999 6001 6003 6004 6005 6087 6089 6093 6096 6097 6099 6100 6101 6102 6103 6111 6112 6113 6118 6119 6120 6121 6124 6127 6128 6132 6135
82 7.2077 25.1994 8.25497 0.895457 -0.439839 0.0302187 -0.0615215 6094 6100 6101 6105 6111 6112 6113 6118 6119 6120 6121 6122 6124 6127 6128 6131 6132 6133 6135 6136
83 7.66625 25.4238 9.28006 0.772398 0.634732 -0.0144391 -0.0175707 5983 5993 5995 5997 5999 6001 6003 6004 6083 6085 6087 6089 6091 6092 6093 6094 6096 6097 6100 6101 6104 6105 6111 6112 6113 6118 6119 6120 6121 6122 6124 6127 6128 6131 6132 6133 6135 6136
84 6.23799 26.3374 8.26654 0.822788 -0.565908 0.0298201 -0.0433561 6093 6094 6096 6097 6098 6099 6100 6101 6102 6103 6104 6105 6106 6111 6113 6118 6119 6120 6121 6127 6128 6131 6132 6133 6135 6136
85 6.22261 26.6276 9.26185 -0.500723 0.863553 -0.05156 0.0298965 6003 6004 6005 6075 6077 6078 6080 6081 6085 6087 6089 6091 6092 6093 6094 6096 6097 6098 6099 6100 6101 6102 6103 6104 6105 6106 6111 6112 6113 6118 6119 6120 6121 6124 6127 6128 6131 6132 6133 6135 6136
86 7.2589 26.176 8.25805 0.922196 -0.381274 0.0247163 -0.0597818 6101 6104 6105 6113 6118 6119 6120 6121 6124 6127 6128 6131 6132 6133 6135 6136
87 7.57261 26.6011 9.27909 0.129784 0.991201 -0.0258096 -0.00337941 6003 6073 6075 6083 6085 6087 6089 6091 6092 6093 6094 6096 6097 6100 6101 6104 6105 6111 6112 6113 6118 6119 6120 6121 6124 6127 6128 6131 6132 6133 6135 6136
88 2.29206 15.5953 8.85258 0.81058 0.323313 -0.180904 -0.453545 2558 2634 2996 2999 3005 3008 3026 5416 5417 5421 5734 5735 5737 5739 5740 5743 5745 5751 5752 5753 5757 5759 5760 5761 5810 5812 5813 5814 5820 6206 6207 6209 6212 6218 6221 6239
89 2.89418 17.2179 8.66281 0.73062 0.442873 -0.269378 -0.444401 3026 5734 5735 5736 5738 5739 5741 5743 5744 5745 5753 5760 5761 5798 5800 5802 5803 5804 5805 5806 5810 5812 5813 5814 5820 5822 5823 5851 5870 5877 5938 6206 6207 6208 6209 6210 6211 6212 6213 6214 6215 6216 6217 6218 6219 6220 6221 6223 6226 6238
90 2.32525 16.8574 10.0856 0.81609 0.366602 -0.183072 -0.407535 2630 2632 2633 2634 2993 2994 2996 3008 3026 3029 5734 5735 5739 5743 5745 5760 5761 5798 5800 5806 5810 5812 5813 5814 5820 5822 5823 5871 6206 6207 6209 6212 6218 6221 6239 6242
91 3.52921 19.5735 7.34684 0.49479 0.515554 -0.504725 -0.484397 5743 5745 5761 5798 5800 5802 5804 5808 5813 5814 5816 5822 5823 5852 5854 5860 5862 5864 5866 5868 5871 5872 5874 6206 6207 6208 6209 6210 6211 6212 6213 6214 6215 6216 6217 6218 6219 6220 6221 6222 6223 6224 6225 6226 6227 6228 6229 6230 6231 6232 6233 6234 6235 6236 6237 6238 6239 6240 6241 6243 6244 6245 6246
92 3.06301 18.3601 9.46963 0.69778 0.459182 -0.30222 -0.459258 5740 5741 5743 5745 5798 5800 5802 5803 5804 5805 5806 5814 5822 5823 5852 5854 5855 5856 5863 5864 5871 5872 5876 5877 5878 5910 5924 5926 5927 5928 5941 6206 6207 6208 6209 6210 6211 6212 6213 6214 6215 6216 6217 6218 6219 6220 6221 6222 6223 6224 6225 6226 6227 6228 6229 6230 6231 6234 6235 6238 6239 6240 6241 6242 6243 6244 6247 6248
93 2.28536 17.7357 11.0116 0.818269 0.344261 -0.178521 -0.424324 2632 2993 2994 2996 2999 3005 3026 3029 3035 3070 5798 5800 5805 5806 5814 5822 5823 5871 5946 6206 6207 6209 6212 6218 6221 6239 6242 6248 6283
94 3.53025 20.5635 7.26946 -0.489344 -0.508191 0.510518 0.491585 5798 5800 5802 5804 5814 5822 5823 5852 5854 5860 5862 5863 5864 5866 5868 5871 5872 5874 5876 5907 5909 5910 5924 6207 6208 6209 6210 6211 6212 6213 6214 6215 6216 6217 6218 6219 6220 6221 6222 6223 6224 6225 6226 6227 6228 6229 6230 6231 6232 6233 6234 6235 6236 6237 6238 6239 6240 6241 6243 6244 6245 6246 6251 6252 6253 6254 6255 6256 6257 6258 6267 6268 6269 6270
95 3.53075 20.5472 8.25945 -0.489901 -0.506009 0.510024 0.493789 5798 5800 5802 5804 5852 5854 5860 5862 5863 5864 5907 5909 6207 6208 6209 6210 6211 6212 6213 6214 6215 6216 6217 6218 6219 6220 6221 6222 6223 6224 6225 6226 6227 6228 6229 6230 6231 6232 6233 6234 6235 6236 6237 6238 6239 6240 6241 6242 6243 6244 6245 6246 6247 6248 6249 6250 6251 6252 6253 6254 6255 6256 6257 6258 6267 6268 6269 6270 6271 6272 6273 6274
96 3.52898 21.5779 7.21733 -0.483842 -0.504901 0.516104 0.494578 5796 5802 5804 5823 5852 5854 5860 5862 5863 5864 5866 5868 5871 5872 5874 5876 5907 5909 5910 5911 5914 5918 5920 5921 5924 5926 6210 6211 6212 6213 6214 6215 6216 6217 6218 6219 6220 6221 6222 6223 6224 6225 6226 6227 6228 6229 6230 6231 6232 6233 6234 6235 6236 6237 6238 6239 6240 6241 6242 6243 6244 6245 6246 6247 6249 6251 6252 6253 6254 6255 6256 6257 6258 6259 6260 6261 6262 6263 6264 6265 6266 6267 6268 6269 6270 6271 6275 6276 6277 6278
97 3.52995 21.5642 8.24092 -0.486947 -0.505809 0.512982 0.493852 5796 5802 5804 5852 5854 5856 5860 5862 5863 5864 5907 5909 5910 5918 5920 6210 6211 6212 6213 6214 6215 6216 6217 6218 6219 6220 6221 6222 6223 6224 6225 6226 6227 6228 6229 6230 6231 6232 6233 6234 6235 6236 6237 6238 6239 6240 6241 6242 6243 6244 6245 6246 6247 6248 6249 6250 6251 6252 6253 6254 6255 6256 6257 6258 6259 6260 6261 6262 6263 6264 6265 6266 6267 6268 6269 6270 6271 6272 6273 6274 6275 6276 6277 6278 6279 6280 6281 6282 6283
98 3.07194 19.3388 10.4302 0.6958 0.455005 -0.304149 -0.465109 3072 5855 5856 5863 5864 5876 5910 5911 5924 5926 5932 5934 6044 6209 6211 6212 6213 6214 6215 6216 6217 6218 6219 6220 6221 6223 6225 6226 6227 6228 6229 6231 6233 6234 6235 6236 6237 6238 6239 6240 6241 6242 6243 6244 6245 6246 6247 6248 6249 6250 6255 6256 6267 6268 6271 6272 6283 6284 6285 6286 6287
99 2.51885 18.8966 11.9081 0.789207 0.38467 -0.20975 -0.430333 2996 2999 3005 3008 3026 3035 3070 3072 3075 5806 5872 6212 6218 6221 6239 6241 6242 6244 6247 6248 6250 6283 6285 6288
100 3.52773 21.5997 9.20716 -0.481168 -0.505779 0.518757 0.493515 5802 6210 6211 6212 6213 6214 6215 6216 6217 6218 6219 6220 6221 6222 6223 6224 6225 6226 6227 6228 6229 6230 6231 6232 6233 6234 6235 6236 6237 6238 6239 6240 6241 6242 6243 6244 6245 6246 6247 6248 6249 6250 6251 6252 6253 6254 6255 6256 6257 6258 6259 6260 6261 6262 6263 6264 6265 6266 6267 6268 6269 6270 6271 6272 6273 6274 6275 6276 6277 6278 6279 6280 6281 6282 6283 6284 6285 6286 6287 6289 6290 6291 6292
101 3.18924 20.4888 11.2916 0.669106 0.469435 -0.330892 -0.471634 5921 5922 6216 6218 6219 6220 6221 6227 6229 6234 6235 6236 6237 6238 6239 6240 6241 6242 6243 6244 6245 6246 6247 6248 6249 6250 6256 6258 6264 6267 6268 6269 6270 6271 6272 6273 6274 6275 6276 6279 6280 6281 6282 6283 6284 6285 6286 6287 6288 6289 6290 6293 6294 6295 6296
102 3.52796 22.5976 7.21251 -0.481786 -0.506071 0.518132 0.493268 5804 5852 5854 5860 5862 5863 5864 5868 5872 5874 5876 5907 5909 5910 5911 5914 5916 5918 5920 5921 5922 5924 5926 6024 6028 6030 6031 6215 6216 6219 6220 6221 6222 6223 6224 6225 6226 6227 6228 6229 6230 6231 6232 6233 6234 6235 6236 6237 6238 6239 6240 6241 6242 6243 6244 6245 6246 6247 6249 6251 6252 6253 6254 6255 6256 6257 6258 6259 6260 6261 6262 6263 6264 6265 6266 6267 6268 6269 6270 6271 6273 6275 6276 6277 6278 6279 6298 6299 6300 6301 6302 6303 6304 6305 6308 6309 6310 6311
103 3.52867 22.5882 8.22469 -0.483584 -0.506362 0.516328 0.493102 5804 5852 5854 5860 5862 5863 5864 5907 5909 5910 5911 5918 5920 6028 6029 6030 6215 6216 6219 6220 6221 6222 6223 6224 6225 6226 6227 6228 6229 6230 6231 6232 6233 6234 6235 6236 6237 6238 6239 6240 6241 6242 6243 6244 6245 6246 6247 6248 6249 6250 6251 6252 6253 6254 6255 6256 6257 6258 6259 6260 6261 6262 6263 6264 6265 6266 6267 6268 6269 6270 6271 6272 6273 6274 6275 6276 6277 6278 6279 6280 6281 6282 6283 6284 6286 6298 6299 6300 6301 6302 6303 6304 6305 6308 6309 6310 6311 6312 6313 6314 6315
104 3.5253 23.6405 7.20309 -0.477375 -0.508694 0.522456 0.49029 5854 5860 5862 5863 5864 5876 5907 5909 5910 5911 5914 5916 5918 5920 5921 5922 5924 5926 6024 6028 6029 6030 6031 6036 6039 6224 6225 6228 6229 6230 6231 6232 6233 6234 6235 6236 6237 6240 6241 6242 6243 6244 6245 6246 6247 6249 6251 6252 6253 6254 6255 6256 6257 6258 6259 6260 6261 6262 6263 6264 6265 6266 6267 6268 6269 6270 6271 6273 6275 6276 6277 6278 6279 6281 6298 6299 6300 6301 6302 6303 6304 6305 6306 6307 6308 6309 6310 6311 6312 6316 6317 6318 6319
105 3.52691 23.6181 8.21364 -0.480143 -0.507816 0.519722 0.491401 5854 5860 5862 5863 5864 5907 5909 5910 5911 5918 5920 5921 5922 6028 6029 6030 6039 6224 6225 6228 6229 6230 6231 6232 6233 6234 6235 6236 6237 6240 6241 6242 6243 6244 6245 6246 6247 6248 6249 6250 6251 6252 6253 6254 6255 6256 6257 6258 6259 6260 6261 6262 6263 6264 6265 6266 6267 6268 6269 6270 6271 6272 6273 6274 6275 6276 6277 6278 6279 6280 6281 6282 6283 6284 6286 6289 6291 6298 6299 6300 6301 6302 6303 6304 6305 6306 6307 6308 6309 6310 6311 6312 6313 6314 6315 6316 6317 6318 6319 6320 6321 6322 6323 6325
106 3.52993 22.5642 9.23948 -0.486823 -0.505691 0.513108 0.493964 5804 5852 6215 6216 6219 6220 6221 6222 6223 6224 6225 6226 6227 6228 6229 6230 6231 6232 6233 6234 6235 6236 6237 6238 6239 6240 6241 6242 6243 6244 6245 6246 6247 6248 6249 6250 6251 6252 6253 6254 6255 6256 6257 6258 6259 6260 6261 6262 6263 6264 6265 6266 6267 6268 6269 6270 6271 6272 6273 6274 6275 6276 6277 6278 6279 6280 6281 6282 6283 6284 6285 6286 6287 6288 6289 6290 6291 6292 6298 6299 6300 6301 6302 6303 6304 6305 6308 6309 6310 6311 6312 6313 6314 6315 6325 6326 6327 6328
107 3.53053 22.5523 10.2536 -0.488989 -0.505926 0.510938 0.493833 6216 6219 6220 6221 6223 6225 6226 6227 6228 6229 6234 6235 6236 6237 6238 6239 6240 6241 6242 6243 6244 6245 6246 6247 6248 6249 6250 6255 6256 6257 6258 6263 6264 6265 6266 6267 6268 6269 6270 6271 6272 6273 6274 6275 6276 6277 6278 6279 6280 6281 6282 6283 6284 6285 6286 6287 6288 6289 6290 6291 6292 6293 6294 6295 6296 6302 6303 6304 6305 6308 6309 6310 6311 6312 6313 6314 6315 6325 6326 6327 6328 6329 6330 6331
108 3.52801 23.5988 9.21726 -0.482076 -0.506576 0.517829 0.492785 5854 5860 6224 6225 6228 6229 6230 6231 6232 6233 6234 6235 6236 6237 6240 6241 6242 6243 6244 6245 6246 6247 6248 6249 6250 6251 6252 6253 6254 6255 6256 6257 6258 6259 6260 6261 6262 6263 6264 6265 6266 6267 6268 6269 6270 6271 6272 6273 6274 6275 6276 6277 6278 6279 6280 6281 6282 6283 6284 6285 6286 6287 6288 6289 6290 6291 6292 6293 6295 6298 6299 6300 6301 6302 6303 6304 6305 6306 6307 6308 6309 6310 6311 6312 6313 6314 6315 6316 6317 6318 6319 6320 6321 6322 6323 6325 6326 6327 6328 6329 6332 6333 6334 6335
109 3.52917 23.5808 10.2341 -0.484982 -0.506575 0.514925 0.492977 6225 6228 6229 6231 6234 6235 6236 6237 6240 6241 6242 6243 6244 6245 6246 6247 6248 6249 6250 6255 6256 6257 6258 6263 6264 6265 6266 6267 6268 6269 6270 6271 6272 6273 6274 6275 6276 6277 6278 6279 6280 6281 6282 6283 6284 6285 6286 6287 6288 6289 6290 6291 6292 6293 6294 6295 6296 6297 6302 6303 6304 6305 6306 6307 6308 6309 6310 6311 6312 6313 6314 6315 6316 6317 6318 6319 6320 6321 6322 6323 6325 6326 6327 6328 6329 6330 6331 6332 6333 6334 6335 6336 6337 6338
110 2.65785 19.9591 12.7862 0.768614 0.399675 -0.23044 -0.443158 3005 3008 3026 3029 3075 3081 3084 3129 6221 6239 6242 6247 6248 6249 6250 6271 6272 6274 6283 6284 6285 6286 6287 6288 6294 6297 6338 6340 6349
111 3.13534 21.4109 12.353 0.681851 0.461942 -0.31812 -0.469562 3127 3129 3138 3139 6238 6239 6241 6242 6244 6245 6246 6247 6248 6249 6250 6268 6270 6271 6272 6273 6274 6275 6276 6277 6278 6279 6280 6281 6282 6283 6284 6285 6286 6287 6288 6289 6290 6291 6292 6293 6294 6295 6296 6297 6308 6309 6311 6312 6313 6314 6315 6325 6326 6328 6329 6330 6338 6339 6340 6341
112 2.68545 20.9419 13.7286 0.763553 0.397362 -0.234979 -0.451526 3026 3029 3035 3070 3129 6242 6248 6283 6284 6285 6287 6288 6289 6290 6292 6293 6294 6295 6296 6297 6338 6340 6349 6350
113 3.5269 23.6096 11.1953 -0.47936 -0.505545 0.520569 0.493605 6229 6240 6241 6242 6243 6244 6245 6246 6247 6248 6249 6250 6267 6268 6269 6270 6271 6272 6273 6274 6275 6276 6277 6278 6279 6280 6281 6282 6283 6284 6285 6286 6287 6288 6289 6290 6291 6292 6293 6294 6295 6296 6297 6308 6309 6310 6311 6312 6313 6314 6315 6316 6317 6318 6319 6320 6321 6322 6323 6325 6326 6327 6328 6329 6330 6331 6332 6333 6334 6335 6336 6337 6338 6339 6340 6341
114 3.16228 22.4489 13.3229 0.675604 0.465674 -0.324383 -0.470618 3138 3139 6248 6249 6250 6272 6274 6279 6280 6282 6283 6284 6285 6286 6287 6288 6289 6290 6291 6292 6293 6294 6295 6296 6297 6312 6313 6315 6320 6321 6323 6325 6326 6327 6328 6329 6330 6331 6332 6333 6336 6337 6338 6339 6340 6341 6349 6350
115 2.96168 22.2056 14.5279 0.717657 0.43867 -0.282083 -0.461482 3029 3035 3070 3072 3127 3138 3139 6248 6283 6285 6288 6290 6293 6294 6295 6296 6297 6329 6330 6331 6333 6338 6339 6340 6341 6349 6350
116 3.51046 24.7894 7.15582 -0.460758 -0.516217 0.538613 0.480748 3093 5862 5907 5909 5910 5911 5914 5916 5918 5920 5921 5922 6024 6028 6029 6030 6031 6036 6038 6039 6052 6053 6054 6232 6233 6236 6237 6245 6246 6249 6251 6252 6253 6254 6255 6256 6257 6258 6259 6260 6261 6262 6263 6264 6265 6266 6267 6268 6269 6270 6271 6273 6275 6276 6277 6278 6279 6281 6298 6299 6300 6301 6302 6303 6304 6305 6306 6307 6308 6309 6310 6311 6312 6314 6316 6317 6318 6319 6320
117 3.51766 24.7263 8.17296 -0.467591 -0.512828 0.532024 0.485094 3093 5862 5907 5909 5910 5911 5918 5920 5921 5922 6028 6029 6030 6031 6039 6232 6233 6236 6237 6245 6246 6249 6250 6251 6252 6253 6254 6255 6256 6257 6258 6259 6260 6261 6262 6263 6264 6265 6266 6267 6268 6269 6270 6271 6272 6273 6274 6275 6276 6277 6278 6279 6280 6281 6282 6283 6284 6286 6289 6291 6298 6299 6300 6301 6302 6303 6304 6305 6306 6307 6308 6309 6310 6311 6312 6313 6314 6315 6316 6317 6318 6319 6320 6321 6322 6323 6324 6325 6327 6332
118 3.49103 25.9188 8.11872 -0.44647 -0.522741 0.552225 0.471651 3093 3112 5909 5918 5920 5921 5922 6028 6029 6030 6031 6039 6253 6254 6257 6258 6259 6260 6261 6262 6263 6264 6265 6266 6267 6268 6269 6270 6273 6274 6275 6276 6277 6278 6279 6280 6281 6282 6285 6286 6287 6289 6291 6298 6299 6300 6301 6302 6303 6304 6305 6306 6307 6308 6309 6310 6311 6312 6313 6314 6315 6316 6317 6318 6319 6320 6321 6322 6323 6324 6325 6327 6332 6334 6342
119 3.52319 24.6668 9.19158 -0.4742 -0.509776 0.525582 0.488903 5862 5907 5909 6232 6233 6236 6237 6245 6246 6249 6250 6251 6252 6253 6254 6255 6256 6257 6258 6259 6260 6261 6262 6263 6264 6265 6266 6267 6268 6269 6270 6271 6272 6273 6274 6275 6276 6277 6278 6279 6280 6281 6282 6283 6284 6285 6286 6287 6288 6289 6290 6291 6292 6293 6295 6298 6299 6300 6301 6302 6303 6304 6305 6306 6307 6308 6309 6310 6311 6312 6313 6314 6315 6316 6317 6318 6319 6320 6321 6322 6323 6324 6325 6326 6327 6328 6329 6331 6332 6333 6334 6335 6336 6342 6343 6344
120 3.52606 24.63 10.2072 -0.478599 -0.508209 0.521251 0.490881 6233 6236 6237 6245 6246 6249 6250 6252 6255 6256 6257 6258 6263 6264 6265 6266 6267 6268 6269 6270 6271 6272 6273 6274 6275 6276 6277 6278 6279 6280 6281 6282 6283 6284 6285 6286 6287 6288 6289 6290 6291 6292 6293 6294 6295 6296 6297 6302 6303 6304 6305 6306 6307 6308 6309 6310 6311 6312 6313 6314 6315 6316 6317 6318 6319 6320 6321 6322 6323 6324 6325 6326 6327 6328 6329 6330 6331 6332 6333 6334 6335 6336 6337 6338 6339 6342 6343 6344 6345 6346 6347 6348
121 3.50537 25.8224 9.1314 -0.455928 -0.516563 0.543389 0.479605 3112 5909 5918 5920 6253 6254 6257 6258 6259 6260 6261 6262 6263 6264 6265 6266 6269 6270 6273 6274 6275 6276 6277 6278 6279 6280 6281 6282 6286 6287 6288 6289 6290 6291 6292 6293 6295 6298 6299 6300 6301 6302 6303 6304 6305 6306 6307 6308 6309 6310 6311 6312 6313 6314 6315 6316 6317 6318 6319 6320 6321 6322 6323 6324 6325 6326 6327 6328 6329 6331 6332 6333 6334 6335 6336 6337 6342 6343 6344 6345
122 3.50876 25.8004 10.1461 -0.459024 -0.516192 0.540338 0.480497 3112 6254 6257 6258 6260 6262 6263 6264 6265 6266 6269 6270 6273 6274 6275 6276 6277 6278 6279 6280 6281 6282 6286 6287 6288 6289 6290 6291 6292 6293 6294 6295 6296 6297 6302 6303 6304 6305 6306 6307 6308 6309 6310 6311 6312 6313 6314 6315 6316 6317 6318 6319 6320 6321 6322 6323 6324 6325 6326 6327 6328 6329 6330 6331 6332 6333 6334 6335 6336 6337 6338 6339 6342 6343 6344 6345 6346 6347 6348 6349
123 3.49439 26.8849 10.0887 -0.447044 -0.517433 0.552139 0.477029 3112 3130 6262 6265 6266 6277 6278 6281 6282 6290 6291 6292 6294 6295 6296 6297 6299 6301 6302 6303 6304 6305 6306 6307 6308 6309 6310 6311 6312 6313 6314 6315 6316 6317 6318 6319 6320 6321 6322 6323 6324 6325 6326 6327 6328 6329 6330 6331 6332 6333 6334 6335 6336 6337 6338 6339 6342 6343 6344 6345 6346 6347 6348 6349 6351 6353
124 3.52846 24.591 11.2209 -0.483032 -0.506264 0.516882 0.493163 6237 6245 6246 6249 6250 6256 6267 6268 6269 6270 6271 6272 6273 6274 6275 6276 6277 6278 6279 6280 6281 6282 6283 6284 6285 6286 6287 6288 6289 6290 6291 6292 6293 6294 6295 6296 6297 6308 6309 6310 6311 6312 6313 6314 6315 6316 6317 6318 6319 6320 6321 6322 6323 6324 6325 6326 6327 6328 6329 6330 6331 6332 6333 6334 6335 6336 6337 6338 6339 6340 6341 6342 6343 6344 6345 6346 6347 6348 6349 6350 6351 6352
125 3.53063 24.55 12.2555 -0.489346 -0.505904 0.510582 0.49387 6246 6249 6250 6268 6270 6271 6272 6273 6274 6279 6280 6281 6282 6283 6284 6285 6286 6287 6288 6289 6290 6291 6292 6293 6294 6295 6296 6297 6312 6313 6314 6315 6320 6321 6322 6323 6324 6325 6326 6327 6328 6329 6330 6331 6332 6333 6334 6335 6336 6337 6338 6339 6340 6341 6342 6343 6344 6345 6346 6347 6348 6349 6350 6351 6352
126 3.51906 25.7095 11.1701 -0.468804 -0.511257 0.530898 0.486814 3112 6258 6264 6266 6269 6270 6273 6274 6275 6276 6277 6278 6279 6280 6281 6282 6286 6287 6288 6289 6290 6291 6292 6293 6294 6295 6296 6297 6308 6309 6310 6311 6312 6313 6314 6315 6316 6317 6318 6319 6320 6321 6322 6323 6324 6325 6326 6327 6328 6329 6330 6331 6332 6333 6334 6335 6336 6337 6338 6339 6340 6341 6342 6343 6344 6345 6346 6347 6348 6349 6350 6351 6352 6353 6354
127 3.07415 23.3345 14.4211 0.695286 0.454126 -0.304638 -0.466414 6284 6285 6287 6288 6290 6291 6292 6293 6294 6295 6296 6297 6326 6328 6329 6330 6331 6333 6335 6336 6337 6338 6339 6340 6341 6345 6346 6349 6350
128 3.49571 26.8841 11.1081 -0.44867 -0.519155 0.550383 0.475659 3112 6266 6277 6278 6281 6282 6291 6292 6295 6296 6297 6303 6305 6308 6309 6310 6311 6312 6313 6314 6315 6316 6317 6318 6319 6320 6321 6322 6323 6324 6325 6326 6327 6328 6329 6330 6331 6332 6333 6334 6335 6336 6337 6338 6339 6340 6341 6342 6343 6344 6345 6346 6347 6348 6349 6350 6351 6352 6353 6354
