0 3.97313 -7.3101 5.85313 0.702921 0.517265 -0.289354 -0.393208 3740 3741 3744 3745 3774 3832 3834 3835 3836 3837 3838 3841 3842 3843 3858 3859 3860 3861 3866 3867 3870 3871 3872 3873 3878 3879 3881 3882 3883 3902 3903 3904 3905 3910 3911 3914 3924 3930 3931 3932 3940 3941 3942 3943
1 1.66034 -7.50963 9.06276 0.681543 0.706233 -0.137913 -0.133092 592 626 628 636 638 639 640 641 642 643 644 645 646 1176 1178 1179 1180 1181 1182 1183 1184 1185 1186 1216 1219 1220 1221 1222 3746 3747 3749 3751 3752 3753 3755 3757 3767 3768 3769 3777 3779 3780 3781 3844 3845 3847 3849 3850 3851 3853 3855 3863 3865 3866 3867 3875 3877 3878 3879 3888 3889 3891 3907 3910 3911 3930 3942 3943 3950 3951
2 1.64744 -6.56282 9.06822 0.698376 0.690251 -0.13305 -0.134616 628 643 644 645 646 1164 1166 1176 1178 1179 1180 1181 1182 1183 1184 1185 1186 1204 1206 1218 1219 1220 1221 1222 1223 1224 1225 1226 3752 3753 3757 3779 3780 3781 3844 3845 3847 3849 3850 3851 3853 3855 3863 3865 3866 3867 3875 3877 3878 3879 3888 3889 3891 3893 3894 3895 3897 3899 3907 3909 3910 3911 3919 3922 3923 3930 3942 3943 3950 3951 3954 3962 3963 4132 4133 4145 4146
3 4.3104 -7.63008 6.41293 0.595056 0.578103 -0.389036 -0.400445 3681 3732 3733 3734 3735 3740 3741 3742 3743 3744 3745 3760 3762 3763 3765 3767 3769 3772 3773 3774 3775 3777 3779 3780 3781 3835 3836 3837 3838 3841 3842 3843 3858 3859 3860 3861 3863 3865 3866 3867 3870 3871 3872 3873 3875 3877 3878 3879 3880 3881 3882 3883 3884 3902 3903 3904 3905 3907 3909 3910 3924 3930 3931 3932 3940 3941 3942
4 3.59155 -7.62635 8.46355 0.669135 0.644715 -0.256442 -0.266155 3764 3765 3766 3767 3768 3769 3776 3777 3778 3779 3780 3781 3863 3864 3865 3866 3867 3874 3875 3876 3877 3878 3879 3906 3907 3908 3909 3910 3911 3918 3924 3930 3931 3932 3940 3941 3942 3943 3948 3949 3950 3954 3962
5 4.30061 -6.65785 6.43444 0.59953 0.57658 -0.384772 -0.400088 3742 3743 3744 3745 3772 3774 3775 3779 3781 3832 3834 3835 3836 3837 3838 3840 3841 3842 3843 3858 3859 3860 3861 3863 3865 3866 3867 3870 3871 3872 3873 3875 3877 3878 3879 3880 3881 3882 3883 3884 3885 3886 3887 3902 3903 3904 3905 3907 3909 3910 3911 3914 3915 3916 3917 3919 3921 3922 3924 3930 3931 3932 3940 3941 3942 3943 3948 3949 3950
6 3.62099 -6.66458 8.43367 0.672879 0.636908 -0.258661 -0.27327 3776 3777 3778 3779 3780 3781 3862 3863 3864 3865 3866 3867 3875 3876 3877 3878 3879 3907 3908 3909 3910 3911 3918 3919 3920 3921 3922 3923 3924 3930 3931 3932 3940 3941 3942 3943 3948 3949 3950 3951 3954 3962 3963 4130 4131 4132 4145
7 3.67871 -5.62472 6.37786 0.662853 0.640112 -0.269831 -0.279417 3838 3840 3841 3843 3860 3870 3871 3872 3873 3878 3879 3880 3881 3883 3884 3885 3887 3902 3903 3904 3905 3910 3911 3914 3915 3916 3917 3922 3923 3930 3931 3932 3940 3941 3942 3943 3948 3949 3950 3951 3954 3962 3963 4039 4060 4130 4132
8 3.8968 -4.48814 6.12867 0.627113 0.643673 -0.314188 -0.306105 3840 3842 3843 3872 3880 3881 3882 3883 3884 3885 3886 3887 3902 3903 3904 3905 3910 3911 3914 3915 3916 3917 3922 3923 3932 3940 3941 3942 3943 3948 3949 3950 3951 3954 3962 3963 4038 4039 4040 4041 4042 4043 4044 4060 4061 4062 4063 4068 4069 4072 4130 4131 4132 4133 4137 4139 4145 4146
9 1.64387 -5.53582 9.06964 0.690038 0.698757 -0.134225 -0.132551 1164 1176 1178 1179 1180 1181 1182 1183 1184 1185 1186 1204 1206 1216 1218 1219 1220 1221 1222 1223 1224 1225 1226 1394 1397 1398 1399 1400 3844 3845 3847 3849 3850 3851 3853 3855 3865 3866 3867 3875 3877 3878 3879 3888 3889 3891 3893 3894 3895 3897 3899 3907 3909 3910 3911 3919 3921 3922 3923 3930 3942 3943 3950 3951 3954 3962 3963 4046 4047 4049 4065 4068 4069 4132 4133 4139 4140 4145
10 1.68885 -4.55717 9.0513 0.695523 0.691089 -0.138557 -0.139446 1176 1178 1183 1184 1185 1186 1204 1206 1219 1220 1221 1222 1223 1224 1225 1226 1382 1384 1394 1396 1397 1398 1399 1400 1402 1404 1405 1406 3850 3851 3855 3877 3878 3879 3888 3889 3891 3893 3894 3895 3897 3899 3907 3909 3910 3911 3919 3921 3922 3923 3930 3942 3943 3950 3951 4046 4047 4049 4051 4052 4053 4055 4065 4067 4068 4069 4077 4080 4081 4132 4133 4139 4140 4166 4169
11 4.3331 -5.61706 6.35631 0.589561 0.575566 -0.395872 -0.405497 3832 3835 3836 3837 3838 3840 3841 3842 3843 3858 3860 3861 3863 3865 3867 3870 3871 3872 3873 3875 3877 3878 3879 3881 3883 3884 3885 3887 3902 3903 3904 3905 3907 3909 3910 3911 3914 3915 3916 3917 3919 3921 3922 3923 3924 3931 3932 3940 3941 3942 3943 3948 3949 3950 3951 4039 4040 4041 4060 4061 4062 4063 4065 4067 4068 4130 4131 4132
12 3.61522 -5.56968 8.44222 0.65881 0.652543 -0.263455 -0.265985 3863 3864 3865 3866 3867 3875 3876 3877 3878 3879 3906 3907 3908 3909 3910 3911 3918 3919 3920 3921 3922 3923 3930 3931 3932 3940 3941 3942 3943 3948 3949 3950 3951 3954 3962 3963 4064 4065 4066 4067 4068 4069 4130 4131 4132 4133 4137 4138 4139 4145 4146 4154
13 4.32183 -4.58108 6.38688 0.588061 0.581497 -0.395284 -0.399746 3841 3842 3843 3870 3872 3873 3875 3877 3879 3881 3882 3883 3884 3885 3886 3887 3902 3903 3904 3905 3907 3909 3910 3911 3914 3915 3916 3917 3919 3921 3922 3923 3931 3932 3940 3941 3942 3943 3948 3949 3950 3951 4039 4041 4043 4044 4045 4060 4061 4062 4063 4065 4067 4068 4069 4072 4073 4074 4075 4077 4079 4080 4130 4131 4132 4133 4137 4138 4139
14 3.61867 -4.57272 8.43886 0.659065 0.651857 -0.263789 -0.266706 3875 3876 3877 3878 3879 3906 3907 3908 3909 3910 3911 3918 3919 3920 3921 3922 3923 3931 3932 3940 3941 3942 3943 3948 3949 3950 3951 3954 3962 3963 4064 4065 4066 4067 4068 4069 4076 4077 4078 4079 4080 4081 4130 4131 4132 4133 4137 4138 4139 4140 4145 4146 4154 4155 4164 4165 4166 4181
15 4.18251 -7.99277 6.33131 0.835229 0.379145 -0.164635 -0.36268 3741 3744 3745 3832 3835 3836 3837 3838 3840 3841 3842 3843 3858 3859 3860 3861 3867 3870 3871 3872 3873 3878 3879 3880 3881 3882 3883 3902 3903 3904 3905 3910 3911 3924 3930 3931 3932 3940 3942 3953 3954 3958 3959 3964 4308 4311
16 3.60865 -6.20012 7.0069 0.850686 0.479886 -0.105428 -0.18689 3871 3872 3873 3879 3902 3903 3904 3905 3910 3911 3914 3915 3916 3917 3924 3930 3931 3932 3940 3941 3942 3943 3948 3949 3950 3951 3954 3962 3963 3964 3965 4130 4131 4132 4133 4137 4139 4145 4146 4147 4148 4154 4311 4312 4313 4315 4318 4319 4457
17 2.67194 -4.30327 7.26976 0.254396 0.965945 -0.0457028 -0.0120365 3918 3922 3923 3931 3932 3940 3941 3942 3943 3948 3949 3950 3951 3954 3962 3963 3964 3965 4068 4130 4131 4132 4133 4137 4138 4139 4140 4145 4146 4147 4148 4154 4155 4156 4164 4199 4201 4311 4312 4313 4314 4316 4317 4318 4320 4337 4457 4458 4459 4460 4467 4477 4478 4479
18 3.77926 -3.41036 6.26615 0.624126 0.664052 -0.299999 -0.281961 3881 3883 3885 3886 3887 3904 3914 3915 3916 3917 3922 3923 3941 3943 3948 3949 3950 3951 3962 3963 4038 4039 4040 4041 4043 4045 4060 4061 4062 4063 4068 4069 4072 4073 4074 4075 4080 4081 4083 4084 4104 4130 4131 4132 4133 4137 4138 4139 4140 4145 4146 4154 4155 4164 4166
19 3.99043 -2.50575 6.00252 0.62148 0.632711 -0.329592 -0.323741 3886 3887 3916 3917 3949 3951 4038 4039 4041 4043 4045 4060 4061 4062 4063 4068 4069 4072 4073 4074 4075 4080 4081 4082 4083 4085 4087 4088 4104 4105 4106 4107 4112 4113 4116 4130 4131 4132 4133 4137 4138 4139 4140 4145 4146 4154 4155 4164 4165 4166 4169 4171 4181
20 1.67946 -3.52056 9.05506 0.68465 0.702308 -0.139614 -0.136104 1184 1204 1206 1216 1218 1219 1220 1221 1222 1223 1224 1225 1226 1394 1396 1397 1398 1399 1400 1402 1404 1405 1406 1438 1440 1441 1442 3888 3889 3891 3893 3894 3895 3897 3899 3909 3910 3911 3919 3921 3922 3923 3942 3943 3950 3951 3954 3962 3963 4046 4047 4049 4051 4052 4053 4055 4057 4065 4067 4068 4069 4077 4079 4080 4081 4090 4091 4093 4109 4112 4113 4132 4133 4139 4140 4166 4169 4170 4184 4186 4871 4885
21 1.70826 -2.55275 9.04312 0.693696 0.691939 -0.141254 -0.141612 1216 1218 1223 1224 1225 1226 1384 1397 1398 1399 1400 1402 1404 1405 1406 1424 1434 1436 1438 1440 1441 1442 1444 1446 1447 1448 3894 3895 3899 3921 3922 3923 3940 3942 3943 3950 3951 4046 4047 4049 4051 4052 4053 4055 4057 4065 4067 4068 4069 4077 4079 4080 4081 4090 4091 4093 4095 4096 4097 4099 4109 4111 4112 4113 4121 4124 4125 4131 4132 4133 4139 4140 4163 4164 4166 4169 4170 4176 4184 4186 4871 4873 4875 4880 4885 4887
22 4.26638 -3.71413 6.50727 0.610846 0.575226 -0.372974 -0.39607 3880 3881 3882 3883 3885 3886 3887 3902 3904 3905 3909 3911 3914 3915 3916 3917 3919 3921 3922 3923 3940 3941 3943 3948 3949 3950 3951 4038 4039 4040 4041 4042 4043 4044 4045 4060 4061 4062 4063 4065 4067 4068 4069 4072 4073 4074 4075 4077 4079 4080 4081 4082 4083 4084 4085 4104 4105 4106 4107 4109 4111 4112 4130 4131 4132 4133 4137 4138 4139 4140 4164 4165 4166
23 3.60517 -3.5698 8.45187 0.65946 0.653119 -0.261925 -0.264468 3907 3908 3909 3910 3911 3919 3920 3921 3922 3923 3931 3932 3940 3941 3942 3943 3948 3949 3950 3951 3954 3962 3963 4065 4066 4067 4068 4069 4076 4077 4079 4080 4081 4108 4109 4110 4111 4112 4113 4130 4131 4132 4133 4137 4138 4139 4140 4145 4146 4154 4155 4164 4165 4166 4169 4170 4171 4172 4181 4184
24 4.28486 -2.68284 6.46905 0.604705 0.576178 -0.379309 -0.39809 3884 3885 3886 3887 3914 3916 3917 3921 3923 3948 3949 3951 4039 4040 4041 4042 4043 4044 4045 4060 4061 4062 4063 4065 4067 4068 4069 4072 4073 4074 4075 4077 4079 4080 4081 4082 4083 4084 4085 4086 4087 4089 4104 4105 4106 4107 4109 4111 4112 4113 4116 4117 4118 4119 4121 4123 4124 4130 4131 4132 4133 4137 4138 4139 4140 4164 4165 4166 4169 4171 4172
25 3.57689 -2.58524 8.47835 0.663657 0.652246 -0.256718 -0.26121 3919 3920 3921 3922 3923 3940 3941 3943 3948 3949 3950 3951 3954 3962 3963 4065 4066 4067 4068 4069 4077 4079 4080 4081 4108 4109 4111 4112 4113 4121 4122 4123 4124 4125 4130 4131 4132 4133 4137 4138 4139 4140 4145 4146 4154 4155 4163 4164 4165 4166 4169 4170 4171 4172 4176 4181 4184 4186 4871 4873 4874 4875 4885
26 4.1275 -1.53977 5.78831 0.61154 0.613902 -0.353626 -0.352265 4041 4043 4045 4062 4063 4072 4073 4074 4075 4080 4081 4083 4085 4087 4089 4104 4105 4106 4107 4112 4113 4116 4117 4118 4119 4124 4125 4131 4137 4138 4139 4140 4154 4155 4159 4163 4165 4166 4169 4170 4171 4172 4176 4181 4184 4186 4786 4808 4809 4871 4874
27 4.07577 -0.52762 5.87403 0.615825 0.621212 -0.344166 -0.341181 4045 4074 4075 4083 4085 4087 4089 4104 4105 4106 4107 4112 4113 4116 4117 4118 4119 4124 4125 4138 4163 4164 4165 4166 4169 4170 4171 4172 4176 4181 4184 4186 4785 4786 4788 4791 4808 4809 4810 4811 4816 4817 4820 4821 4871 4873 4874 4875 4880 4883 4885 4887
28 1.68841 -1.52118 9.05134 0.684687 0.701831 -0.140696 -0.13726 1224 1382 1384 1396 1397 1398 1399 1400 1402 1404 1405 1406 1434 1436 1438 1440 1441 1442 1444 1446 1447 1448 2114 2116 2117 2118 3950 3951 3962 3963 4046 4047 4049 4051 4052 4053 4055 4057 4067 4068 4069 4077 4079 4080 4081 4090 4091 4093 4095 4096 4097 4099 4101 4109 4111 4112 4113 4121 4123 4124 4125 4132 4133 4139 4140 4145 4146 4154 4163 4166 4169 4170 4176 4184 4186 4794 4795 4797 4813 4816 4817 4871 4873 4880 4882 4885 4887 4893 4908
29 1.6994 -0.526389 9.04678 0.686061 0.699946 -0.141749 -0.138937 1394 1396 1398 1402 1404 1405 1406 1426 1438 1440 1441 1442 1444 1446 1447 1448 2100 2102 2110 2112 2114 2116 2117 2118 2120 2122 2123 2124 4052 4053 4055 4057 4079 4080 4081 4090 4091 4093 4095 4096 4097 4099 4101 4109 4111 4112 4113 4121 4123 4124 4125 4132 4133 4139 4140 4145 4146 4154 4163 4166 4169 4170 4176 4184 4186 4794 4795 4797 4799 4800 4801 4803 4813 4815 4816 4817 4825 4826 4827 4871 4873 4880 4882 4885 4887 4892 4893 4908 4909
30 4.27723 -1.6723 6.48774 0.604985 0.578582 -0.378082 -0.395336 4038 4039 4040 4041 4042 4043 4044 4045 4060 4062 4063 4067 4069 4072 4073 4074 4075 4077 4079 4080 4081 4082 4083 4084 4085 4086 4087 4088 4089 4104 4105 4106 4107 4109 4111 4112 4113 4116 4117 4118 4119 4121 4123 4124 4125 4130 4131 4133 4137 4138 4139 4140 4163 4164 4165 4166 4169 4170 4171 4172 4785 4786 4788 4808 4809 4810 4811 4813 4815 4816 4871 4874 4875
31 3.57494 -1.54938 8.48046 0.658047 0.658172 -0.258659 -0.25861 3948 3949 3951 3963 4065 4066 4067 4068 4069 4077 4078 4079 4080 4081 4109 4111 4112 4113 4120 4121 4123 4124 4125 4130 4131 4132 4133 4137 4138 4139 4140 4145 4146 4154 4155 4163 4164 4165 4166 4169 4170 4171 4172 4176 4181 4184 4186 4812 4813 4815 4816 4817 4871 4873 4874 4875 4880 4882 4883 4884 4885 4887 4893
32 4.25596 -0.604337 6.53987 0.601524 0.589594 -0.377311 -0.384946 4042 4043 4044 4045 4072 4074 4075 4079 4081 4082 4083 4084 4085 4086 4087 4088 4089 4104 4105 4106 4107 4109 4111 4112 4113 4116 4117 4118 4119 4121 4123 4124 4125 4137 4138 4140 4163 4164 4165 4166 4169 4170 4171 4172 4785 4786 4787 4788 4790 4791 4792 4793 4805 4808 4809 4810 4811 4813 4815 4816 4817 4820 4821 4822 4823 4826 4871 4873 4874 4875 4880 4883 4884
33 3.59403 -0.538156 8.46252 0.655119 0.658821 -0.262244 -0.26077 4076 4077 4078 4079 4080 4081 4109 4110 4111 4112 4113 4121 4123 4124 4125 4130 4131 4133 4137 4138 4139 4140 4146 4154 4155 4163 4164 4165 4166 4169 4170 4171 4172 4176 4181 4184 4186 4803 4805 4812 4813 4815 4816 4817 4824 4825 4826 4827 4843 4871 4873 4874 4875 4880 4882 4883 4884 4885 4887 4901 4902 4903
34 2.87085 -3.16702 7.23933 0.352858 0.931766 -0.0799261 -0.0302678 3931 3932 3940 3941 3942 3943 3948 3949 3950 3951 3954 3962 3963 3964 3965 4068 4069 4080 4130 4131 4132 4133 4137 4138 4139 4140 4145 4146 4147 4148 4154 4155 4156 4157 4164 4165 4166 4169 4170 4171 4172 4181 4182 4184 4311 4312 4313 4315 4457 4458 4459 4460 4467 4468 4469 4477 4478 4480
35 3.21048 -2.18683 7.1829 0.509542 0.850681 -0.110895 -0.0664238 3941 3942 3943 3948 3949 3950 3951 3954 3962 3963 3964 3965 4063 4075 4080 4081 4105 4107 4112 4130 4131 4132 4133 4137 4138 4139 4140 4145 4146 4147 4148 4154 4155 4156 4157 4163 4164 4165 4166 4169 4170 4171 4172 4176 4180 4181 4182 4184 4186 4188 4190 4312 4457 4458 4459 4460 4467 4468 4469 4470 4478 4497 4498 4871 4873 4885 4887 4889
36 3.875 -1.29058 6.95342 0.618831 0.749728 -0.180795 -0.14923 3949 3951 4041 4043 4062 4063 4072 4073 4074 4075 4085 4104 4105 4106 4107 4112 4113 4116 4117 4118 4119 4124 4125 4130 4131 4132 4133 4137 4138 4139 4140 4145 4146 4148 4154 4155 4156 4157 4163 4164 4165 4166 4169 4170 4171 4172 4176 4180 4181 4182 4184 4186 4188 4190 4458 4467 4468 4469 4497 4498 4502 4504 4786 4788 4808 4871 4873 4874 4875 4880 4885 4887 4889 4891 5101 5103
37 4.45377 -0.439059 6.58449 0.645262 0.683515 -0.248136 -0.234249 4040 4041 4042 4043 4044 4045 4072 4074 4075 4081 4082 4083 4084 4085 4086 4087 4088 4089 4104 4105 4106 4107 4112 4113 4116 4117 4118 4119 4124 4125 4137 4138 4139 4140 4154 4155 4157 4163 4164 4165 4166 4169 4170 4171 4172 4176 4180 4181 4182 4184 4186 4188 4190 4497 4498 4502 4504 4785 4786 4788 4790 4791 4792 4793 4808 4809 4810 4811 4816 4817 4820 4821 4822 4871 4873 4874 4875 4880 4882 4883 4884 4885 4887 4889 4891 4893 4895 4908 5101 5103 5109
38 4.21747 0.597211 5.61316 0.584046 0.616892 -0.383111 -0.362712 4083 4085 4087 4089 4106 4107 4116 4117 4118 4119 4124 4125 4163 4165 4167 4169 4170 4171 4172 4184 4186 4786 4788 4791 4793 4808 4809 4810 4811 4816 4817 4820 4821 4822 4823 4826 4827 4831 4854 4855 4871 4873 4874 4875 4876 4878 4880 4882 4883 4884 4885 4887 4897 4902
39 4.36545 1.52107 5.2675 0.568971 0.583377 -0.414935 -0.404688 4087 4089 4118 4119 4125 4172 4786 4788 4791 4793 4808 4809 4810 4811 4816 4817 4820 4821 4822 4823 4826 4827 4831 4833 4837 4838 4854 4855 4856 4857 4860 4863 4864 4867 4870 4871 4873 4874 4875 4878 4880 4882 4883 4884 4885 4887 4896 4897 4899 4900 4901 4902 4903 4904 4905
40 1.6949 0.492058 9.04846 0.680562 0.705492 -0.142344 -0.137314 1404 1424 1426 1436 1438 1440 1441 1442 1444 1446 1447 1448 2110 2112 2114 2116 2117 2118 2120 2122 2123 2124 2155 2157 2158 2159 4090 4091 4093 4095 4096 4097 4099 4101 4111 4112 4113 4121 4123 4124 4125 4139 4140 4154 4155 4163 4166 4169 4170 4176 4181 4184 4186 4794 4795 4797 4799 4800 4801 4803 4805 4813 4815 4816 4817 4824 4825 4826 4827 4840 4841 4843 4858 4859 4860 4871 4873 4880 4882 4885 4887 4892 4893 4908 4909
41 1.7022 1.43431 9.04565 0.697669 0.688239 -0.139725 -0.141639 1434 1436 1444 1446 1447 1448 2100 2102 2114 2116 2117 2118 2120 2122 2123 2124 2151 2153 2155 2157 2158 2159 2161 2163 2164 2165 2258 4096 4097 4101 4123 4124 4125 4163 4166 4169 4170 4176 4184 4186 4794 4795 4797 4799 4800 4801 4803 4805 4813 4815 4816 4817 4824 4825 4826 4827 4840 4841 4843 4845 4846 4847 4849 4857 4858 4859 4860 4864 4866 4867 4868 4871 4873 4880 4882 4885 4887 4892 4893 4907 4908 4909 5048 5050 5052
42 4.26758 0.494867 6.51478 0.588966 0.598657 -0.387001 -0.380736 4044 4082 4083 4084 4085 4086 4087 4088 4089 4104 4105 4106 4107 4109 4111 4113 4116 4117 4118 4119 4121 4123 4124 4125 4163 4164 4165 4169 4170 4171 4172 4785 4786 4787 4788 4790 4791 4792 4793 4803 4805 4808 4809 4810 4811 4813 4815 4816 4817 4820 4821 4822 4823 4826 4827 4830 4831 4832 4833 4843 4845 4854 4855 4856 4860 4871 4873 4874 4875 4880 4882 4883 4884 4902 4903
43 3.62206 0.487071 8.43538 0.649448 0.661 -0.26813 -0.263444 4108 4109 4111 4112 4113 4120 4121 4122 4123 4124 4125 4137 4138 4140 4155 4163 4164 4165 4166 4169 4170 4171 4172 4176 4181 4184 4803 4804 4805 4812 4813 4814 4815 4816 4817 4824 4825 4826 4827 4843 4845 4848 4849 4858 4859 4860 4864 4871 4873 4874 4875 4880 4882 4883 4884 4900 4901 4902 4903 4907
44 4.26675 1.5355 6.51448 0.584482 0.602993 -0.389851 -0.377883 4086 4087 4088 4089 4116 4117 4118 4119 4121 4123 4125 4170 4171 4172 4785 4786 4787 4788 4790 4791 4792 4793 4803 4805 4808 4809 4810 4811 4813 4815 4816 4817 4820 4821 4822 4823 4826 4827 4830 4831 4832 4833 4836 4837 4838 4839 4843 4845 4849 4851 4854 4855 4856 4857 4860 4863 4864 4865 4867 4868 4871 4873 4874 4875 4880 4882 4883 4884 4902 4903 4905 4907
45 3.62524 1.48898 8.43225 0.648958 0.661086 -0.268741 -0.263811 4120 4121 4123 4124 4125 4163 4164 4165 4169 4170 4171 4172 4176 4184 4186 4803 4804 4805 4812 4813 4814 4815 4816 4817 4824 4825 4826 4827 4843 4844 4845 4849 4851 4857 4858 4859 4860 4864 4866 4867 4868 4871 4873 4874 4875 4880 4882 4883 4884 4885 4900 4901 4902 4903 4905 4907 4973 4974 4986 5048 5050
46 4.35742 2.61771 5.2788 0.559701 0.593865 -0.420612 -0.396415 4786 4788 4791 4793 4810 4811 4817 4820 4821 4822 4823 4826 4827 4831 4833 4836 4837 4838 4839 4849 4851 4854 4855 4856 4857 4859 4860 4863 4864 4865 4866 4867 4868 4875 4876 4880 4882 4883 4884 4896 4897 4899 4900 4901 4902 4903 4904 4905 4906 4907 4960 4961 4962 4974 4976 4985 4986 4989 5047 5048
47 4.44706 3.58556 4.98068 0.542066 0.567819 -0.448077 -0.427754 4774 4791 4793 4822 4823 4827 4831 4833 4836 4837 4838 4839 4854 4855 4856 4857 4859 4860 4863 4864 4865 4866 4867 4868 4877 4881 4884 4896 4897 4898 4899 4900 4901 4902 4903 4904 4905 4906 4907 4950 4952 4960 4961 4962 4963 4967 4968 4969 4985 4986 4987 4988 4989 4990 4993 4994 4997 4998 5047 5048 5049 5050 5051 5052
48 1.70351 2.46541 9.0451 0.688432 0.697413 -0.141759 -0.139933 1446 2100 2102 2112 2114 2116 2117 2118 2120 2122 2123 2124 2151 2153 2155 2157 2158 2159 2161 2163 2164 2165 2244 2246 2258 2260 2261 2262 4163 4169 4170 4184 4186 4794 4795 4799 4800 4801 4803 4805 4815 4816 4817 4824 4825 4826 4827 4840 4841 4843 4845 4846 4847 4849 4851 4857 4858 4859 4860 4864 4866 4867 4868 4871 4873 4880 4882 4884 4885 4887 4892 4893 4903 4905 4907 4908 4909 4971 4972 4974 4986 4988 4989 4990 5048 5050 5052 5054
49 1.76199 3.455 9.0196 0.690058 0.692744 -0.148486 -0.14791 2116 2120 2122 2123 2124 2155 2157 2158 2159 2161 2163 2164 2165 2254 2258 2260 2261 2262 2264 2266 2267 2268 4170 4800 4801 4805 4824 4825 4826 4827 4840 4841 4843 4845 4846 4847 4849 4851 4857 4858 4859 4860 4864 4866 4867 4868 4871 4873 4874 4875 4880 4882 4883 4884 4885 4887 4892 4893 4902 4903 4905 4907 4908 4909 4971 4972 4974 4976 4977 4978 4980 4986 4988 4989 4990 4994 4996 4997 4998 5048 5050 5052 5054
50 4.27784 2.5516 6.4883 0.580946 0.602792 -0.393815 -0.379543 4785 4786 4787 4788 4790 4791 4792 4793 4803 4805 4808 4809 4810 4811 4813 4815 4817 4820 4821 4822 4823 4826 4827 4830 4831 4832 4833 4834 4835 4836 4837 4838 4839 4843 4845 4849 4851 4854 4855 4856 4857 4859 4860 4863 4864 4865 4866 4867 4868 4873 4874 4875 4880 4882 4883 4884 4902 4903 4905 4907 4960 4961 4962 4963 4964 4974 4976 4985 4986 4987 4989 4990 5048 5050
51 3.65269 2.44796 8.40552 0.653697 0.652999 -0.270293 -0.270582 4169 4170 4171 4172 4802 4803 4805 4812 4813 4814 4815 4816 4817 4824 4825 4826 4827 4843 4845 4849 4850 4851 4857 4858 4859 4860 4862 4864 4866 4867 4868 4871 4873 4874 4875 4880 4882 4883 4884 4900 4901 4902 4903 4905 4907 4974 4976 4980 4986 4988 4989 4990 4994 5048 5050 5052 5054 5055 5056
52 4.2801 3.59808 6.47831 0.575162 0.606944 -0.398102 -0.377256 4790 4791 4792 4793 4803 4805 4820 4821 4822 4823 4827 4830 4831 4832 4833 4836 4837 4838 4839 4843 4845 4849 4851 4854 4855 4856 4857 4859 4860 4863 4864 4865 4866 4867 4868 4882 4883 4884 4902 4903 4905 4907 4958 4959 4960 4961 4962 4963 4967 4968 4969 4970 4974 4976 4980 4982 4985 4986 4987 4988 4989 4990 4993 4994 4995 4997 4998 5048 5050 5052 5054
53 3.63771 3.46131 8.42036 0.652569 0.656014 -0.268846 -0.267435 4803 4805 4824 4825 4826 4827 4842 4843 4844 4845 4849 4851 4857 4858 4859 4860 4864 4866 4867 4868 4871 4873 4874 4875 4880 4882 4883 4884 4900 4901 4902 4903 4905 4907 4974 4975 4976 4980 4982 4984 4986 4988 4989 4990 4994 4996 4997 4998 5022 5034 5048 5050 5052 5054 5055 5056 5058
54 4.79875 0.600737 6.24303 0.621236 0.663861 -0.304008 -0.284488 4045 4074 4083 4085 4087 4089 4104 4105 4106 4107 4113 4116 4117 4118 4119 4124 4125 4159 4161 4163 4165 4166 4167 4168 4169 4170 4171 4172 4174 4176 4180 4184 4186 4188 4190 4502 4504 4786 4788 4791 4793 4808 4809 4810 4811 4816 4817 4820 4821 4822 4823 4826 4827 4831 4833 4854 4855 4856 4860 4869 4870 4871 4873 4874 4875 4880 4882 4883 4884 4885 4887 4889 4891 4892 4893 4894 4895 4897 4899 4900 4901 4902 4903 4905 4908 4909 4910 4911 5101 5103 5109
55 5.4805 1.45987 4.83876 0.543443 0.545224 -0.452069 -0.450593 4085 4087 4089 4106 4107 4113 4116 4117 4118 4119 4124 4125 4165 4171 4172 4776 4786 4788 4791 4793 4808 4809 4810 4811 4816 4817 4820 4821 4822 4823 4826 4827 4831 4833 4837 4838 4839 4854 4855 4856 4857 4859 4860 4863 4864 4865 4866 4867 4868 4874 4875 4880 4882 4883 4884 4895 4897 4899 4902 4903 4904 4905 4906 4907 4910 4911 4949 4950 4960 4961 4976 4985 4986 4989 4990 5047 5048 5103 5109
56 5.04299 2.55023 5.92238 0.609273 0.634026 -0.343383 -0.329977 4089 4118 4774 4776 4783 4784 4786 4788 4791 4793 4808 4809 4810 4811 4816 4817 4820 4821 4822 4823 4826 4827 4831 4833 4836 4837 4838 4839 4854 4855 4856 4857 4859 4860 4863 4864 4865 4866 4867 4868 4871 4873 4874 4875 4880 4882 4883 4884 4885 4887 4891 4892 4893 4894 4895 4896 4897 4898 4899 4900 4901 4902 4903 4904 4905 4906 4907 4908 4909 4910 4911 4960 4961 4962 4963 4967 4968 4985 4986 4987 4988 4989 4990 5047 5048 5049 5050 5051 5052 5055 5109
57 4.53188 4.50637 4.29101 0.495947 0.505317 -0.503996 -0.494651 4774 4776 4831 4833 4836 4837 4838 4839 4854 4855 4856 4857 4860 4863 4864 4865 4866 4898 4899 4903 4904 4905 4906 4907 4950 4952 4960 4961 4962 4963 4967 4968 4969 4970 4985 4986 4987 4988 4993 4994 4995 4996 5004 5005 5006 5007 5008 5033 5034 5035 5036 5047 5048 5049 5050 5052 5054 5055 5056
58 1.75831 4.47159 9.02117 0.685446 0.697495 -0.149039 -0.146464 2122 2155 2157 2158 2159 2161 2163 2164 2165 2258 2260 2261 2262 2264 2266 2267 2268 2295 2297 2307 2309 2310 2311 4840 4841 4845 4846 4847 4849 4851 4857 4858 4859 4860 4864 4866 4867 4868 4873 4880 4882 4883 4884 4892 4893 4902 4903 4905 4907 4908 4909 4971 4972 4974 4976 4977 4978 4980 4982 4986 4988 4989 4990 4994 4996 4997 4998 5019 5020 5022 5034 5036 5037 5038 5048 5050 5052 5054
59 1.76736 5.43598 9.01715 0.69523 0.687255 -0.148026 -0.149744 2153 2161 2163 2164 2165 2256 2258 2260 2261 2262 2264 2266 2267 2268 2307 2309 2310 2311 2313 2315 2316 2317 2379 4846 4847 4851 4864 4866 4867 4868 4882 4893 4902 4903 4905 4907 4908 4909 4971 4972 4974 4976 4977 4978 4980 4982 4986 4988 4989 4990 4994 4996 4997 4998 5019 5020 5022 5024 5025 5026 5028 5034 5036 5037 5038 5042 5044 5045 5046 5048 5050 5052 5054
60 4.2952 4.51489 6.45056 0.582373 0.596162 -0.395335 -0.38619 4792 4805 4830 4831 4832 4833 4835 4836 4837 4838 4839 4843 4845 4849 4851 4854 4855 4856 4857 4859 4863 4864 4865 4866 4867 4868 4902 4903 4905 4907 4960 4961 4962 4963 4964 4966 4967 4968 4969 4970 4974 4976 4980 4982 4985 4986 4987 4988 4989 4990 4993 4994 4995 4996 4997 4998 5005 5006 5007 5008 5012 5022 5024 5033 5034 5035 5037 5038 5048 5050 5052 5054 5057 5058
61 3.65174 4.45718 8.40647 0.652335 0.65448 -0.270735 -0.269848 4805 4843 4845 4848 4849 4851 4857 4858 4859 4860 4861 4864 4866 4867 4868 4880 4882 4883 4884 4900 4901 4902 4903 4905 4907 4974 4976 4980 4981 4982 4986 4988 4989 4990 4992 4994 4996 4997 4998 5022 5024 5028 5034 5036 5037 5038 5042 5048 5050 5052 5054 5055 5056 5057 5058
62 4.28766 5.50875 6.46857 0.584275 0.596818 -0.392972 -0.384713 4832 4835 4836 4837 4838 4839 4849 4851 4863 4864 4865 4866 4867 4868 4905 4907 4960 4961 4962 4963 4967 4968 4969 4970 4974 4976 4980 4982 4985 4986 4987 4988 4989 4990 4993 4994 4995 4996 4997 4998 5002 5004 5005 5006 5007 5008 5015 5016 5017 5018 5022 5024 5028 5030 5033 5034 5035 5036 5037 5038 5041 5042 5043 5045 5046 5048 5050 5052 5054 5057 5058
63 3.64504 5.44477 8.41313 0.654677 0.652988 -0.268915 -0.26961 4845 4849 4851 4857 4864 4866 4867 4868 4900 4901 4902 4903 4905 4907 4973 4974 4976 4980 4982 4983 4986 4988 4989 4990 4994 4996 4997 4998 5022 5023 5024 5028 5030 5032 5034 5036 5037 5038 5042 5044 5045 5046 5048 5050 5052 5054 5055 5056 5057 5058 5245 5257
64 1.76561 6.45502 9.01797 0.689959 0.692647 -0.148945 -0.148367 2163 2258 2260 2261 2262 2264 2266 2267 2268 2307 2309 2310 2311 2313 2315 2316 2317 2379 2381 2382 2383 4905 4907 4909 4971 4972 4976 4977 4978 4980 4982 4986 4988 4989 4990 4994 4996 4997 4998 5019 5020 5022 5024 5025 5026 5028 5030 5034 5036 5037 5038 5042 5044 5045 5046 5048 5050 5052 5054 5242 5243 5245 5257 5259 5260 5261
65 1.74191 7.4469 9.02854 0.692891 0.690988 -0.145464 -0.145865 2254 2256 2264 2266 2267 2268 2307 2309 2310 2311 2313 2315 2316 2317 2379 2381 2382 2383 2385 2387 2388 2389 2427 4907 4977 4978 4982 4994 4996 4997 4998 5019 5020 5022 5024 5025 5026 5028 5030 5034 5036 5037 5038 5042 5044 5045 5046 5048 5050 5052 5054 5242 5243 5245 5247 5248 5249 5251 5257 5259 5260 5261 5265 5267 5268 5269
66 4.27158 6.61473 6.49556 0.574447 0.609982 -0.397362 -0.374214 4851 4958 4960 4961 4962 4963 4964 4967 4968 4969 4970 4974 4976 4980 4982 4985 4986 4987 4988 4989 4990 4993 4994 4995 4996 4997 4998 5002 5005 5006 5007 5008 5012 5014 5015 5016 5017 5018 5022 5024 5028 5030 5033 5034 5035 5036 5037 5038 5041 5042 5043 5044 5045 5046 5048 5050 5052 5054 5057 5058 5228 5229 5230 5231 5245 5247 5256 5257 5258 5260 5261
67 3.64284 6.45079 8.41532 0.653885 0.65406 -0.268959 -0.268887 4851 4866 4905 4907 4974 4976 4979 4980 4982 4986 4988 4989 4990 4991 4994 4996 4997 4998 5022 5024 5028 5029 5030 5034 5036 5037 5038 5040 5042 5044 5045 5046 5048 5050 5052 5054 5055 5056 5057 5058 5245 5247 5251 5257 5259 5260 5261 5265
68 4.27876 7.55743 6.4857 0.580131 0.603217 -0.394501 -0.379403 4967 4968 4969 4970 4976 4980 4982 4993 4994 4995 4996 4997 4998 5005 5006 5007 5008 5015 5016 5017 5018 5022 5024 5028 5030 5033 5034 5035 5036 5037 5038 5041 5042 5043 5044 5045 5046 5052 5054 5057 5058 5225 5227 5228 5229 5230 5231 5238 5239 5240 5241 5245 5247 5251 5253 5256 5257 5258 5259 5260 5261 5264 5265 5266 5268 5269 5273
69 3.63127 7.4607 8.42668 0.65306 0.656328 -0.267823 -0.26649 4976 4980 4982 4988 4994 4996 4997 4998 5021 5022 5023 5024 5028 5030 5031 5034 5036 5037 5038 5042 5044 5045 5046 5048 5050 5052 5054 5055 5056 5057 5058 5245 5246 5247 5251 5253 5255 5257 5259 5260 5261 5265 5267 5268 5269 5293 5305
