0 1.6503 -29.8902 5.79078 0.845334 0.191523 -0.110201 -0.486401 3201 3203 8 9 3210 3212 3214 3217 21 3208 60 63 64 71 73 3150 3151 3155 3156 3160 3163 3165 3166 3300 3183 3184 3196 3197 3198
5 1.88357 -27.5701 7.04181 0.852164 0.258699 -0.132129 -0.43524 3201 3202 3203 3208 9 3210 3212 3214 3217 19 21 22 3356 3359 160 163 3160 63 71 73 3151 3285 3288 3162 3163 3165 3166 3300 3184 3186 3195 3196 3198
6 2.20486 -25.9282 7.35751 0.83175 0.392322 -0.167562 -0.355243 3200 3201 3203 3210 3212 3214 3216 3217 19 21 22 160 163 3160 3151 3285 3288 3162 3163 3165 3166 3299 3300 3184 3197 3198
12 1.91067 -24.177 7.87295 0.811639 0.522374 -0.14151 -0.219871 3203 3300 3302 3303 3208 3209 74 3211 3308 3214 3311 3312 3217 3210 3283 3310 3286 3288 3292 3304 3352
14 1.6171 -23.0315 9.0384 0.821142 0.533792 -0.110079 -0.169337 3208 3209 3210 3211 3340 3342 3343 3344 3217 3346 147 3348 217 3356 158 3359 160 161 163 165 167 168 169 3370 3371 3372 3358 3337 3338 3360 71 72 73 74 203 3283 220 3285 3286 215 3288 3289 3290 219 3292 221 3294 223 224 225 226 3300 3302 3303 3304 3308 3310 3311 3312 3368
29 1.54607 -19.5249 9.10661 0.688033 0.705114 -0.122772 -0.119798 3435 342 3337 3338 3340 3342 3343 3344 344 3346 276 278 217 3368 3358 287 3360 290 291 292 293 294 3495 296 297 3370 3371 3372 219 3359 224 203 3348 3492 329 331 339 220 3413 3414 343 3416 345 3418 3419 3420 221 3422 223 3424 225 226 3473 3432 3434 295 3436 3474 3496 3444 3446 3447 3448 3476
26 3.65246 -20.5989 8.40519 0.660854 0.645712 -0.267336 -0.273605 3308 3355 3356 3357 3358 3359 3360 3491 3367 3368 3369 3370 3371 3372 3287 3288 3292 3294 3298 3302 3431 3432 3433 3434 3435 3436 3310 3311 3312 3443 3444 3445 3446 3447 3448
25 4.27227 -20.6381 6.50192 0.602401 0.583302 -0.379019 -0.39143 3457 3307 3333 3334 3335 3336 3351 3352 3353 3354 3311 3356 3358 3359 3360 3363 3364 3365 3366 3368 3370 3371 3372 3399 3400 3401 3402 3278 3279 3280 3281 3410 3411 3412 3292 3427 3428 3429 3430 3409 3432 3434 3435 3436 3309 3310 3439 3440 3441 3442 3444 3446 3447 3322 3323 3324 3325 3326
32 3.64152 -19.6436 8.41456 0.66829 0.639236 -0.262998 -0.274951 3435 3355 3356 3357 3358 3359 3360 3491 3492 3493 3494 3495 3368 3369 3370 3371 3372 3431 3432 3433 3434 3367 3436 3496 3443 3444 3445 3446 3447 3448
34 3.6492 -18.5509 8.40901 0.653739 0.653402 -0.26983 -0.26997 3435 3491 3492 3493 3494 3367 3368 3369 3370 3371 3372 3503 3504 3505 3506 3507 3508 3431 3432 3433 3434 3495 3436 3496 3443 3444 3445 3446 3447 3448
40 3.65269 -17.5674 8.40545 0.65606 0.650616 -0.269319 -0.271572 3443 3491 3492 3493 3494 3495 3496 3503 3504 3505 3506 3507 3508 3444 3445 3431 3432 3433 3434 3435 3436 3568 3569 3570 3571 3572 3573 3446 3447 3448
42 3.625 -16.5913 8.43243 0.661534 0.648525 -0.263602 -0.26889 3584 3585 3491 3492 3493 3494 3495 3496 3503 3504 3505 3506 3571 3508 3572 3445 3507 3568 3569 3570 3443 3444 3573 3446 3447 3448 3581 3582 3583
48 3.6118 -15.5593 8.44558 0.657403 0.654389 -0.263586 -0.2648 3584 3585 3504 3491 3492 3493 3494 3495 3496 3628 3629 3630 3631 3632 3505 3506 3507 3508 3633 3568 3569 3570 3571 3572 3573 3580 3581 3583
46 1.6804 -14.5789 9.05467 0.702244 0.684669 -0.136228 -0.139725 3584 3585 516 518 519 520 521 522 523 524 525 3479 3480 3610 3611 3484 3613 3615 3616 474 3619 3621 3629 3631 3632 3633 3506 3507 3508 3641 3644 3645 454 456 467 468 469 470 471 472 473 346 347 348 349 3550 3551 3553 3555 3556 3557 3559 3561 3569 3571 3572 3573 506 508 3581 3583
62 1.69598 -10.5851 9.0481 0.703562 0.682513 -0.137818 -0.142068 640 641 642 643 644 645 646 3719 3720 3721 1179 3717 636 3746 3747 3621 3751 3752 1449 1450 3755 3757 4657 4658 3765 3767 3768 3769 3643 3644 3645 574 576 3777 3780 3781 588 590 591 592 593 594 3749 3687 3689 3691 3692 3693 3695 3697 626 3753 3705 3707 3708 3709 638 639
70 1.6935 -8.54616 9.04936 0.692115 0.69427 -0.139799 -0.139365 640 641 642 643 644 645 646 3719 3720 3721 3850 3851 1164 3853 1166 3847 3863 1176 3844 1178 1179 1180 1181 1182 3845 1184 1185 1186 3747 3749 3878 3751 3752 3753 3755 3757 3765 3866 3767 3768 3769 1183 3849 3777 3779 3780 3781 584 586 3867 3746 3692 591 592 593 594 3875 3930 3942 3943 3879 3865 3693 3697 626 628 639
1 1.66034 -7.50963 9.06276 0.681543 0.706233 -0.137913 -0.133092 640 641 642 643 644 645 646 3847 3849 3850 3851 3853 3855 1219 3863 1176 1220 1178 1179 1180 1181 1182 3845 1184 1185 1186 3747 3749 3878 3751 3752 3753 3755 3757 3888 3889 3891 3866 3767 3768 3769 1183 1216 3777 1221 3779 3780 3781 3910 3911 3867 3746 592 3875 3877 3930 3907 1222 3942 3943 3879 3865 3950 3951 626 628 3844 636 638 639
4 3.59155 -7.62635 8.46355 0.669135 0.644715 -0.256442 -0.266155 3778 3779 3863 3864 3865 3866 3867 3781 3874 3875 3876 3877 3878 3879 3764 3765 3766 3767 3768 3769 3776 3777 3906 3907 3780 3909 3910 3911 3918 3924 3930 3931 3932 3940 3941 3942 3943 3948 3949 3950 3954 3908 3962
72 3.58936 -9.6676 8.46378 0.67558 0.637988 -0.253725 -0.268675 3716 3717 3718 3719 3720 3721 3862 3863 3864 3865 3866 3867 4658 3765 3766 3767 3768 3769 3777 3778 3779 3780 3781 3924 3930 3931 3932 3704 3705 3706 3707 3708 3709
66 3.58505 -10.6615 8.46816 0.674951 0.639225 -0.253429 -0.267594 3717 3718 3719 3720 3721 4657 4658 3765 3766 3767 3768 3769 3642 3643 3644 3645 3776 3777 3778 3779 3780 3781 3640 3924 3641 3704 3705 3706 3707 3708 3709
64 3.61876 -11.612 8.43799 0.66511 0.645576 -0.261403 -0.269313 3716 3717 3718 3719 3720 3721 3633 3628 3629 3630 3631 3632 4657 4658 3764 3765 3766 3767 3640 3641 3642 3643 3644 3645 3776 3768 3769 3705 3706 3707 3708 3709 3582
75 2.71572 -10.771 6.24912 -0.245664 -0.517019 0.74061 0.351905 3643 3717 3705 3707 3708 3709
15 4.18251 -7.99277 6.33131 0.835229 0.379145 -0.164635 -0.36268 3840 3841 3842 3843 3858 3859 3860 3861 3867 3741 3870 3871 3744 3745 3878 3879 3880 3881 3882 3883 3872 3902 3903 3904 3905 3910 3873 3911 3924 4311 3930 3931 3932 3940 3942 3836 3953 3954 3958 3959 3832 4308 3835 3964 3837 3838
3 4.3104 -7.63008 6.41293 0.595056 0.578103 -0.389036 -0.400445 3841 3842 3843 3777 3863 3858 3859 3732 3733 3734 3735 3865 3866 3867 3740 3741 3742 3743 3744 3745 3875 3877 3878 3879 3880 3881 3882 3883 3884 3760 3765 3762 3763 3870 3767 3769 3871 3772 3773 3774 3872 3904 3905 3779 3780 3781 3910 3873 3924 3930 3931 3932 3907 3681 3835 3940 3941 3942 3903 3909 3902 3860 3775 3836 3837 3838 3861
0 3.97313 -7.3101 5.85313 0.702921 0.517265 -0.289354 -0.393208 3841 3842 3843 3858 3859 3860 3861 3866 3867 3740 3741 3870 3871 3744 3745 3878 3879 3881 3882 3883 3872 3774 3903 3904 3905 3910 3873 3914 3911 3924 3930 3931 3932 3940 3941 3942 3943 3902 3832 3834 3835 3836 3837 3838
16 3.60865 -6.20012 7.0069 0.850686 0.479886 -0.105428 -0.18689 3871 3872 3873 4130 4131 4132 4133 3879 4137 3931 4139 4145 4146 4147 4148 4154 3902 3903 3904 3905 3910 3911 3914 3915 3916 3917 3924 4311 4312 4313 3930 4315 3932 4318 4319 3940 3941 3942 3943 4457 3948 3949 3950 3951 3954 3962 3963 3964 3965
12 3.61522 -5.56968 8.44222 0.65881 0.652543 -0.263455 -0.265985 3863 3864 3865 3866 3867 4130 4131 3876 3877 3878 3879 4137 4138 4139 4145 4146 3940 4154 3906 3907 3908 3909 3910 3911 3918 3919 3920 3921 3922 3875 3941 4132 3930 3931 3932 4133 4064 4065 4066 4067 4068 4069 3942 3943 3948 3949 3950 3951 3954 3923 3962 3963
10 1.68885 -4.55717 9.0513 0.695523 0.691089 -0.138557 -0.139446 3850 3851 3855 1219 1176 1178 1183 1184 1185 1186 3894 4132 3877 3878 3879 1382 4139 4140 3888 3889 3891 1204 3893 1206 3895 3897 1225 3899 4166 1221 3907 1220 3909 3910 3911 1224 4169 1226 1406 4046 3919 4049 3922 4051 4052 4053 4055 3930 4047 4133 1222 4065 4067 4068 4069 3942 3921 1384 3943 4077 3950 3951 4080 4081 1394 3923 1396 1397 1398 1399 1400 1402 1404 1405 1223
17 2.67194 -4.30327 7.26976 0.254396 0.965945 -0.0457028 -0.0120365 3948 4199 4130 4131 4132 4133 3965 4137 4138 4139 4140 4145 4146 4147 4148 3940 4154 4155 4156 4164 3932 3918 3922 3923 4311 4312 4313 4314 3931 4316 4317 4318 4320 4068 3941 3942 3943 4201 4458 4459 4460 3949 3950 3951 4337 3954 4467 4457 3962 3963 3964 4477 4478 4479
2 3.26405 -3.0626 7.23115 -0.248019 0.964271 -0.0901695 0.0231924 4480 4486 4487 4488 4489 4497 4498 4499 4500 3950 4504 3963 4508 4130 4131 4132 4133 3965 4137 4138 4139 4140 3954 3931 4145 4146 4147 4148 4536 4460 4154 4155 4156 4157 4340 4164 4549 4166 3932 3948 4306 4307 4316 4181 4182 4311 4312 4313 4314 4315 4188 4317 4517 4320 4342 4539 3940 3941 3942 3943 4457 4458 4459 4332 3949 4334 3951 4336 4338 4467 4468 4469 4470 4344 4330 3962 4184 3964 4477 4478 4479
35 3.21048 -2.18683 7.1829 0.509542 0.850681 -0.110895 -0.0664238 4075 4871 4105 4107 4112 4497 4498 4885 4887 4889 4130 4131 4132 4133 4137 4138 4139 4140 4145 4146 4147 4148 4873 4154 4155 4156 4157 4163 4164 4165 4166 4169 4170 4171 4172 4176 3948 4180 4181 4182 4312 4186 4188 4190 4063 3963 3941 3942 3943 4457 4458 4459 4460 3949 3950 3951 4080 4081 3954 4467 4468 4469 4470 3962 4184 3964 3965 4478
40 1.6949 0.492058 9.04846 0.680562 0.705492 -0.142344 -0.137314 4096 4097 4099 4101 4871 4873 4091 4111 1424 4113 1426 4163 4186 4885 4887 4121 4123 1436 4125 1438 2117 1440 1441 1442 1444 2118 1446 1447 1448 4124 4139 4140 4909 4880 4893 1404 4154 4155 4797 2110 4799 2112 4801 2114 4803 2116 4805 4166 4908 2120 4169 4170 2123 2124 4813 2157 4815 4176 4817 2155 4181 4800 4184 4825 4826 4827 4794 4112 4795 4892 4840 4841 4843 4824 4882 2158 2159 4816 2122 4858 4859 4860 4093 4090 4095
59 1.76736 5.43598 9.01715 0.69523 0.687255 -0.148026 -0.149744 4864 4866 2307 4868 2309 2310 2311 4988 2313 2315 2316 2317 4909 4882 4867 4846 4996 5019 5020 4893 5022 4997 5024 5025 5026 5028 4998 4902 4903 4905 5034 4907 4908 5037 5038 5042 2163 5044 5045 5046 5048 2164 5050 5052 5054 2161 2379 2256 2258 2260 2261 2262 2264 2266 2267 2268 4994 2153 4971 4972 4974 4847 4976 4977 4978 4851 4980 2165 4982 4986 5036 4989 4990
65 1.74191 7.4469 9.02854 0.692891 0.690988 -0.145464 -0.145865 5248 5249 4994 2307 4996 2309 2310 2311 2313 2315 2316 2317 5265 5251 5268 5269 5019 5020 5022 4997 5024 5025 5026 2267 5028 4998 5030 5034 4907 5036 5037 5038 5042 5044 5045 5046 5257 5048 5050 5052 5054 5259 2389 5260 2379 2381 2254 5261 2256 2385 2387 2388 2382 2264 2266 2383 2268 2427 4977 4978 5267 4982 5242 5243 5245 5247
0 1.72681 8.47062 9.03507 0.686398 0.698218 -0.145007 -0.142553 5248 5249 2307 2309 2310 2311 2313 2315 2316 2317 5037 5265 5251 5268 5269 5019 5020 5022 5253 5024 5025 5026 5028 5030 5290 5291 5036 5293 5038 5042 2431 5044 5045 5046 5257 5305 5050 5307 5052 5309 5054 5259 5260 2379 2381 2382 5261 2385 2387 2388 2389 2266 2383 2427 5308 5245 5267 2429 2297 5242 5243 5034 2430 5247
13 1.72068 13.4272 9.0377 0.699179 0.68574 -0.141626 -0.144402 2433 5378 2435 2436 2437 5377 5385 5386 5387 5379 2500 2501 5410 5411 2502 5415 5416 5417 5383 5421 5296 5297 5427 5428 5301 5419 5435 5436 5437 5429 5313 2498 5315 5316 5317 2630 2551 2504 2506 2507 2508 2550 5433 5413 5425 5360 5361 5363 2548 5365 5366 5367 2552 5369 2554 5371 2556 2557 2558 5375
88 2.29206 15.5953 8.85258 0.81058 0.323313 -0.180904 -0.453545 5760 5761 5416 5417 5421 5810 2996 5813 5814 2999 5812 5820 3005 6206 6207 3008 6209 6212 2634 6221 3026 6239 5734 5735 5737 5739 5740 5743 5745 6218 5751 5752 5753 5757 2558 5759
23 3.65327 15.5168 8.4039 0.64291 0.663418 -0.274903 -0.266405 5760 5377 5379 5381 5383 5385 5386 5387 5423 5413 5414 5415 5419 5421 5807 5425 5810 5427 5428 5813 5433 5435 5436 5437 6206 6207 5369 5761 5797 5365 5429 5737 5739 5743 5745 5749 5751 5752 5753 5370 5371 5757 5759
89 2.89418 17.2179 8.66281 0.73062 0.442873 -0.269378 -0.444401 5760 5761 5741 5810 5798 5800 5802 5803 5804 5805 5806 5938 5812 5813 5814 5820 6206 5823 6208 6209 6210 6211 6212 6213 6214 6215 6216 6217 6218 6219 6220 6221 6223 3026 5851 6238 5734 5735 5736 5738 5739 6226 5870 5743 5744 5745 5877 5822 5753 6207
36 2.03132 20.7197 7.86786 0.618906 0.740094 -0.201821 -0.168773 5906 5910 5924 5927 5928 5801 5802 5803 5804 5805 5806 5938 5939 5812 5820 5822 5823 6213 6215 6222 6224 6230 5851 5852 5853 5854 5855 5856 5859 5860 5861 5862 5863 5864 5869 5870 5871 5872 5874 5876 5877 5878
38 2.6303 21.7921 7.40024 0.598203 0.703563 -0.292248 -0.248483 5869 5905 5907 5909 5910 5911 5914 5921 5924 5926 5927 5928 5804 5938 5939 5941 5955 5957 6215 6222 6224 6230 6232 5852 5854 5857 5858 5860 5862 5863 5864 6251 6253 5870 5872 5874 5876 5877 5878
63 1.60812 22.3247 7.39888 0.923229 0.0164361 -0.00683344 -0.383839 6060 5934 5911 6040 6041 6042 6044 5919 5920 5921 5922 5926 5928 5930 5932 6062 6069 5957 5961 5963 5965 5967 5969 5981 6056
64 2.02193 22.8143 6.62935 -0.847512 -0.0780273 0.0481321 0.522798 6024 5916 5965 5934 5969 6042 6300
67 2.82883 23.0843 7.10374 0.894603 0.0558217 -0.0276114 -0.442502 5985 6085 6023 6056 6058 6060 5965 5934 5969 6069 6071 6073 6042 6075 6044 5981
45 2.86997 23.8199 7.12685 0.5836 0.683149 -0.333784 -0.285144 6023 6024 6044 6039 6028 6029 6030 6031 5907 6036 5909 5910 5911 5913 5914 5915 5916 6042 5918 5920 5921 5922 5924 5926 6056 6300 6058 5932 5934 6046 5957 5963 5965 6298 6232 5860 5862 5864 6251 6253 6259 6261 6037
46 3.33308 23.7578 7.31355 0.546997 0.610349 -0.426672 -0.382385 6038 6024 6044 6039 6028 6029 6030 6031 5907 6036 5909 5910 5911 5914 6299 5916 6298 5918 5920 5921 5922 5923 5924 5926 6300 5932 5934 6301 5875 6046 5876 6304 5955 5957 6049 5963 5965 6302 6224 6230 6231 6232 6233 6234 6236 5854 5860 5862 5863 5864 6306 6251 6252 6253 6254 6255 6257 6259 6260 6261 6262 6263 6265
56 3.40163 23.4764 7.86546 -0.390605 0.881936 -0.241248 0.106847 5957 5959 5944 6073 5946 6083 6085 6087 5961 5967 6096 6098 5971 5973 5975 5977 5979 5981 5983 5985 5987 5989 5991 5993 5995 5997 5999 6001 6003 6004 6005 6006
55 3.06816 23.2698 8.24152 0.822419 -0.562749 0.047042 -0.0687486 5995 6060 5963 5997 5955 5934 5977 6042 6044 6046 5957 5979 6056 6058 5959 5932 6066 6062 6064 5938 5941 6071 5944 6073 5946 6075 6077 6078 6069 6080 6081 6083 6085 6087 5961 6091 6092 6093 6094 5965 6096 6097 6089 5971 6100 5973 5975 6104 6105 5967 5981 5983 5985 5987 5989 5969 5993 5991 6098 5999 6001 6003 6004 6005 6006 6099 6101
108 3.52801 23.5988 9.21726 -0.482076 -0.506576 0.517829 0.492785 6224 6225 6228 6229 6230 6231 6232 6233 6234 6235 6236 6237 6240 6241 6242 6243 6244 6245 6246 6247 6248 6249 6250 6251 6252 6253 6254 6255 6256 6257 6258 6259 6260 6261 6262 6263 6264 6265 6266 6267 6268 6269 6270 6271 6272 6273 6274 6275 6276 6277 6278 6279 6280 6281 6282 6283 6284 6285 6286 6287 6288 6289 6290 6291 6292 6293 6295 6298 6299 6300 6301 6302 6303 6304 6305 6306 6307 6308 6309 6310 6311 6312 6313 6314 6315 6316 6317 6318 6319 6320 6321 6322 6323 6325 6326 6327 6328 6329 6332 6333 6334 6335 5854 5860
57 4.05844 23.4192 8.24532 0.727503 -0.681493 0.0542923 -0.0579577 5995 6111 5975 5997 6101 6087 6060 6062 6066 6069 6071 5944 6073 5946 6075 6077 5969 6080 6083 6085 5959 5961 6091 6092 6093 6094 5967 6096 6097 6089 5971 6100 5973 6102 6103 5977 5979 6108 5981 5983 5985 5987 5989 6118 6119 5993 5991 6098 5999 6001 6003 6004 6005 6006 6099 6115
69 3.86594 22.8816 6.79676 0.865526 0.0559577 -0.0321119 -0.496691 5985 6083 6054 6087 5995 6060 5999 5969 6069 6038 6073 5981
40 3.58498 21.5751 7.15976 0.459434 0.775686 -0.3723 -0.220511 5910 5796 5800 5802 5959 5804 5938 5939 5941 5942 5944 5821 5822 5823 6208 6210 5955 6213 6215 6222 6224 6230 6232 5924 5852 5854 5860 5862 5863 5864 5865 5866 5868 5869 5870 5871 5872 5874 5876 5877 6207
32 4.25638 18.8105 6.48741 0.551735 0.629521 -0.411423 -0.360587 5760 5761 5750 5777 5780 5781 5782 5783 5743 5790 5791 5792 5793 5798 5800 5802 5804 5421 5809 5810 5811 5812 5813 5814 5819 5820 5437 6206 5823 6208 6209 6210 6211 6213 6214 6215 6216 5837 6222 6223 6224 6225 5842 5719 5721 5722 5852 5854 5728 5821 5730 5731 5732 5733 5737 5739 5868 5869 5871 5745 5822 5749 5751 5752 5753 6207 5756 5757 5758 5759
51 5.274 19.0308 4.94645 -0.634087 -0.204487 0.228884 0.70974 5846 5975 5869 5872 5935 5936 5937 5938 5942 5944 5945 5946 5833 5836 5837 5838 6223 5840 6225 5842 5843 5844 6222 5974 6231 6234 6230 6240 6224 5986 5987 5990 5991 5864 5866 5868 6226 5871 6000 6001 5874 6227 5876 6228 6229
49 4.07474 17.8772 5.25278 -0.67803 -0.187649 0.189559 0.684932 5974 5975 5869 5782 5783 5790 5791 5792 5793 5935 5937 5938 5811 5812 5941 5942 5944 5945 5946 5819 5820 5821 5822 5823 6213 6214 6215 6216 6219 5837 6222 6223 6224 6225 5842 5843 6228 6229 6230 6231 6234 6235 5986 5987 5990 5991 5868 6226 5871 5872 6227 6243
20 4.26415 14.5998 6.51412 0.577327 0.609798 -0.394308 -0.373312 5376 5377 5378 5379 5382 5383 5384 5385 5386 5387 5394 5396 5397 5398 5399 5404 5405 5406 5407 5408 5409 5413 5415 5419 5421 5424 5425 5426 5427 5428 5301 5432 5433 5434 5435 5436 5437 5429 5749 5719 5720 5721 5722 5369 5343 5346 5347 5348 5349 5353 5739 5356 5357 5358 5359 5363 5748 5365 5750 5737 5752 5753 5371 5374 5375
11 3.64022 11.4624 8.41788 0.652249 0.656016 -0.269299 -0.267753 5377 5378 5379 5251 5253 5383 5385 5386 5259 5265 5267 5268 5269 5413 5292 5293 5294 5295 5425 5247 5299 5301 5302 5305 5307 5308 5309 5313 5315 5316 5317 5363 5364 5365 5387 5369 5371 5373 5375
69 3.63127 7.4607 8.42668 0.65306 0.656328 -0.267823 -0.26649 4994 5251 4996 4997 4998 5255 5257 5259 5260 5261 5037 5265 5267 5268 5269 5021 5022 5023 5024 5028 5030 5031 5034 5036 5293 5038 5042 5044 5045 5046 5048 5305 5050 5052 5054 5055 5056 5057 5058 5253 4976 4980 4982 4988 5245 5246 5247
66 4.27158 6.61473 6.49556 0.574447 0.609982 -0.397362 -0.374214 4993 4994 4995 4996 4997 4998 5256 5257 5002 5260 5005 5006 5007 5008 5012 4974 5014 5015 5016 5017 5018 5022 5024 5028 5030 5033 5034 5035 5036 5037 5038 5041 5042 5043 5044 5045 5046 5048 5050 5052 5258 5054 5057 5058 4989 5261 4958 4960 4961 4962 4963 4964 4967 4968 4969 4970 5228 5229 5230 5231 4976 4851 4980 4982 4985 4986 4987 4988 5245 4990 5247
67 3.64284 6.45079 8.41532 0.653885 0.65406 -0.268959 -0.268887 4866 5251 4996 4997 4998 5257 5259 5260 4994 5265 5022 5024 5028 5029 5030 4905 5034 4907 5036 5037 5038 5040 5042 4851 5044 5045 5046 5048 5050 5052 5054 5055 5056 5057 5058 5261 4974 4989 4976 4979 4980 4982 4986 4991 4988 5245 4990 5247
63 3.64504 5.44477 8.41313 0.654677 0.652988 -0.268915 -0.26961 4864 4866 4867 4868 4997 4998 5257 4994 4845 4996 5022 5023 5024 4900 4901 4902 4903 5032 4905 5034 4907 5036 5037 5038 5042 5044 5045 5046 5048 5050 5052 5054 5055 5056 5057 5058 5028 5030 4973 4974 4989 4976 4849 4851 4980 4982 4983 4857 4986 4988 5245 4990
43 3.62206 0.487071 8.43538 0.649448 0.661 -0.26813 -0.263444 4864 4164 4871 4873 4874 4875 4108 4109 4111 4112 4113 4882 4163 4884 4120 4121 4122 4123 4124 4125 4165 4848 4900 4901 4902 4903 4137 4138 4907 4140 4155 4803 4804 4805 4166 4169 4170 4171 4812 4813 4814 4815 4176 4817 4181 4184 4825 4826 4827 4816 4843 4824 4845 4172 4849 4883 4858 4859 4860 4880
44 4.26675 1.5355 6.51448 0.584482 0.602993 -0.389851 -0.377883 4864 4865 4867 4868 4087 4871 4873 4874 4875 4880 4882 4883 4116 4117 4118 4119 4121 4123 4125 4088 4902 4903 4905 4907 4089 4785 4786 4787 4788 4790 4791 4792 4793 4170 4803 4805 4808 4809 4810 4171 4172 4813 4815 4816 4817 4820 4821 4822 4823 4857 4086 4826 4827 4830 4831 4832 4833 4836 4837 4838 4839 4843 4845 4811 4849 4851 4854 4855 4856 4884 4860 4863
28 6.22484 0.867895 7.23798 -0.310898 0.946473 -0.0824439 0.0270812 4609 4610 5123 4612 5125 5127 5129 4618 4619 4620 5133 4623 5136 5138 4611 5141 4631 4632 5145 4636 4637 5150 5152 5154 5156 5158 5164 5165 5166 5167 5169 5171 5173 4617 5177 5179 5130 5183 5187 5189 5191 5132 5195 5197 5135 4188 4190 5143 4633 5149 5121 5105 4885 4887 4889 4891 4892 4893 4895 5442 5443 5444 5445 5447 5175 5452 5453 5454 5459 5460 5461 5462 5469 5474 5476 5478 5181 5505 4487 4488 4489 4499 4500 4502 4504 4506 5103 4508 4517 4518 4519 4520 4524 4529 4530 5193 4550 4551 4552 4560 5112 4562 4571 4572 4573 4574 4583 4584 4585 4586 5101 4591 4592 4593 4594 5107 5109 4599 4600 4601 4602 5115 4604 5117 5119
18 7.16799 -0.0462968 7.21807 -0.306491 0.946158 -0.0990849 0.0320967 4609 4610 4611 4612 5121 4617 4618 4619 4620 4622 4624 4626 5143 4632 5145 4635 4637 5150 5152 5154 4644 5158 5127 5164 5165 5166 5167 5171 5173 5175 5187 5191 5193 4633 5149 5156 5105 4346 4352 5442 5443 5444 5445 5452 5453 5454 5459 5460 5461 5462 5469 5474 5476 5505 4488 4489 4502 4504 4508 4517 4518 4519 4520 4529 4530 4539 4540 4549 4550 4551 4552 4559 4560 4561 4562 4571 4572 4573 4574 4583 4584 4585 4586 5101 4591 4592 4593 4594 4599 4600 4601 4602 5115 4604 5117 5119
42 11.0432 4.02999 7.18567 -0.340497 0.931565 -0.119721 0.0437592 5632 5505 5507 5493 5510 5511 5548 5516 5517 5518 5519 5678 5527 5656 5530 5531 5533 5535 5540 5541 5542 5543 5545 5676 5549 5550 5679 5680 5681 5682 5683 5556 5557 5558 5615 5500 5563 5564 5565 5566 5567 5569 5495 5581 5583 5585 5471 5497 5593 5595 5599 5472 5499 5604 5605 5555 5480 5609 5482 5607 5484 5614 5486 5616 5617 5619 5621 5494 5623 5625 5627 5628 5501 5630 5631
75 16.1223 4.77472 7.23722 -0.433951 0.896677 -0.0787596 0.0381161 6144 6151 6152 6153 6154 6155 6156 6157 6158 6165 5656 5658 5660 6170 6174 5664 5665 5666 6179 5668 6181 5670 6183 5672 6172 5674 6173 6190 6191 6192 6193 5682 5684 6198 5687 6200 5689 6202 5691 5693 5695 5697 5699 6177 6199 6178 6176 6182 6184 6185 6137 6138 6141 6142
71 18.1269 3.69766 7.24531 -0.487892 0.869284 -0.0692566 0.0388708 6151 6152 6153 6154 6155 6156 6157 6158 6164 6165 6166 6167 6168 6173 6178 6179 6181 6182 6183 6184 6185 6191 6198 6199 6200 6201 6202 6203 6204 6142
66 17.7232 1.67069 7.17382 0.983722 0.118606 -0.0161587 -0.134021 6151 6152 6153 6154 6155 5644 6157 6158 6164 6165 6166 6167 6168 5658 5660 6170 5662 5664 5665 5666 5668 5670 5672 6185 5674 6173 5687 5689 5691 5695 5697 6156 6137 6139
46 14.0591 -0.911921 6.90368 0.951438 0.177539 -0.0461315 -0.24722 5633 5635 5637 5639 5641 5643 5521 5525 5527 5533 5535 4649 4652 4654 4656 5571 5573 5575 5577 5579 5581 5583 5585 5587 5589 5591 5593 5595 5597 5599
52 15.4827 -2.39524 4.30098 -0.700015 -0.113797 0.113123 0.695868 5633 6145 5638 5639 6153 5642 6151 5644 4655 4656 5586 5587 5590 5591 6137 6139
27 13.8052 -3.2287 4.73405 -0.739812 -0.166814 0.143371 0.635843 5633 4651 5638 5574 5639 4649 4650 5575 4653 4654 4655 4656 5586 5587 4629 5590 5591 4638 4639
24 11.8702 -4.21567 4.60484 -0.724025 -0.171468 0.15397 0.650138 4608 4621 4622 4624 4625 4626 4629 4638 4639 4640 4645 4646 4649 4650 4653 4654 4655 4656 5574 5575 4424 4445 4446 4447 4448 4449 4603 4604 4607
26 11.9607 -1.6905 7.02457 0.962485 0.174716 -0.0370788 -0.204262 5506 5509 5511 4622 5521 4626 5523 5525 5527 4635 5533 4639 4642 4644 4646 4648 4650 4652 4654 4637 4656 5571 5445 5575 5577 5573 5579 5583 5587 5460 5589 5593 5469 5470 5471
22 10.0217 -2.74715 6.98999 0.956977 0.187971 -0.0426044 -0.216903 4352 4609 4610 4611 4612 5509 4617 4618 4622 4624 5521 4626 4632 4635 4637 5150 4639 4642 4644 4646 4648 4650 5164 5166 5167 4426 4414 4652 4416 5442 5444 5445 4552 4553 4554 4559 4560 4561 4562 5459 5460 4573 4574 4591 4592 4593 4594 4599 4600 4601 4602 4604
19 9.41442 -4.43315 6.44533 0.905405 0.201503 -0.0811789 -0.364758 4352 4609 4611 4622 4624 4625 4626 4638 4639 4532 4536 4540 4554 4414 4416 4551 4552 4553 4426 4559 4560 4561 4562 4591 4593 4343 4344 4604 4349 4350 4351
19 3.99043 -2.50575 6.00252 0.62148 0.632711 -0.329592 -0.323741 4104 4105 4106 4107 4112 4113 4116 4130 4131 4132 4133 4137 4138 4139 4140 3886 3887 4145 4146 4041 4038 4154 4155 4043 4164 4165 4166 4039 4169 4171 3916 3917 4045 4181 4060 4061 4062 4063 4068 4069 4072 4073 4074 4075 3949 3951 4080 4081 4082 4083 4085 4087 4088
1 3.94641 -5.19122 7.18439 0.951292 0.280324 -0.0362655 -0.123068 4480 4060 4486 4487 4460 4497 4498 4499 4199 3930 4130 4131 4132 4133 3965 4316 4138 4139 4140 3954 4137 3931 4145 4146 4147 4148 4062 4340 4154 4155 4156 4157 3904 4164 4342 3914 3915 3916 3917 3948 4307 4181 4182 4311 4312 4313 4314 4315 3932 4317 4318 4517 4320 4321 3940 3941 3942 3943 4457 4458 4459 4332 3949 3950 3951 4336 4338 4467 4468 4469 4470 4201 3962 3963 3964 4477 4478 4479
7 3.67871 -5.62472 6.37786 0.662853 0.640112 -0.269831 -0.279417 3840 3841 3843 3860 3870 3871 3872 3873 4130 4132 3878 3879 3880 3881 3883 3884 3885 3887 3902 3903 3904 3905 3910 3911 3932 3914 3915 3916 3917 3922 3923 4039 3930 3931 4060 3940 3941 3942 3943 3948 3949 3950 3951 3954 3962 3963 3838
5 5.55166 -6.34042 6.46369 0.898277 0.237742 -0.0945552 -0.357263 3937 4075 3962 3929 3930 4132 3965 4060 3883 3885 3887 4145 4147 4532 4062 4534 4536 4538 4063 4540 4039 4041 3914 4043 3916 3917 3923 3954 4311 4312 4313 4314 4315 4316 4317 4318 4319 4320 4321 4539 3942 3943 4072 4073 4061 4459 4332 4477 4336 4338 4479 4340 4342 4471 4344 4474 3963 3964 4074 4478 4457
0 5.13215 -7.61788 5.75414 0.816876 0.279064 -0.163196 -0.477707 3841 3843 3926 3929 3939 3930 3870 3872 3873 3931 3879 3881 3883 3885 3887 4308 3902 3903 3904 3905 3959 3909 3910 3911 3932 3936 3914 3915 3916 3917 3919 3921 3922 3923 4316 3925 4310 4311 4313 4314 4315 4060 4317 4318 4320 3937 3938 4067 4068 3942 3943 4061 4077 3953 3954 4065 3958 4471 3924 3834 3964 4477
60 4.52234 -10.6272 4.04994 -0.486347 -0.473917 0.512309 0.525746 3712 3713 3714 3715 3734 3720 3721 3735 3726 3600 3736 3602 3731 3732 3605 3606 3607 3608 3609 3738 3740 3741 3742 3743 3744 3745 3760 3761 3762 3763 3636 3637 3638 3639 3768 3769 3644 3645 3774 3775 3780 3781 3681 3666 3668 3670 3671 3672 3673 3674 3675 3676 3678 3680 3728 3682 3683 3684 3685 3772 3730 3773 3700 3701 3702 3703 3708 3709 3733
43 4.5212 -15.6406 4.04044 -0.486569 -0.472015 0.511881 0.527665 3584 3585 3458 3499 3460 3461 3462 3463 3592 3465 3594 3467 3468 3469 3470 3471 3472 3487 3488 3489 3490 3547 3590 3495 3496 3625 3626 3627 3500 3501 3502 3632 3633 3507 3508 3595 3596 3530 3532 3534 3535 3536 3537 3538 3539 3540 3598 3542 3544 3545 3546 3599 3548 3549 3564 3565 3566 3567 3624 3572 3573 3576 3577 3578 3579 3597 3453 3455
36 4.5273 -16.6769 4.16272 -0.500142 -0.479359 0.499005 0.520641 3584 3457 3458 3459 3460 3461 3462 3463 3465 3467 3468 3469 3470 3471 3472 3585 3439 3540 3487 3488 3489 3490 3590 3495 3496 3499 3500 3501 3502 3507 3508 3530 3403 3532 3405 3534 3535 3408 3537 3538 3411 3412 3542 3544 3545 3546 3547 3548 3549 3536 3448 3564 3565 3566 3567 3440 3441 3442 3539 3572 3573 3447 3576 3577 3578 3579
20 4.50567 -20.7341 3.92849 -0.483825 -0.454754 0.512108 0.544846 3329 3331 3332 3333 3334 3335 3336 3308 3352 3325 3351 3224 3353 3226 3354 3359 3360 3363 3364 3365 3366 3243 3372 3248 3272 3250 3251 3274 3393 3395 3397 3398 3399 3400 3401 3402 3403 3277 3405 3408 3281 3410 3411 3412 3321 3407 3319 3280 3427 3428 3429 3430 3409 3435 3436 3309 3310 3439 3440 3441 3442 3447 3317 3307 3448 3371 3322 3323 3324 3453 3326 3327
19 4.47138 -21.7845 3.72871 -0.469063 -0.433096 0.522133 0.565495 3329 3324 3331 3332 3333 3334 3335 3336 3308 3352 3220 3221 3351 3224 3225 3226 3227 3354 3359 3360 3248 3363 3364 3365 3366 3371 3372 3375 3376 3249 3250 3251 3255 3256 3261 3271 3263 3393 3266 3395 3397 3270 3399 3272 3401 3402 3319 3276 3277 3278 3279 3280 3281 3299 3307 3300 3353 3326 3301 3400 3427 3428 3429 3302 3379 3435 3436 3309 3310 3325 3317 3447 3321 3322 3323 3274 3430 3398 3327
3 4.26158 -26.5351 5.04525 0.648051 0.455022 -0.350945 -0.499822 3201 3203 3210 3212 3213 3214 3216 3217 3261 3265 3268 3269 3150 3151 3155 3156 3160 3163 3164 3165 3166 3296 3299 3300 3303 3304 3179 3180 3181 3182 3183 3184 3185 3186 3187 3188 3189 3190 3191 3192 3195 3196 3198
8 4.27193 -26.7415 5.55665 -0.617745 -0.404935 0.369559 0.563777 3201 3203 3210 3212 3213 3214 3216 3217 3356 3288 3261 3265 3268 3150 3151 3155 3156 3160 3163 3164 3165 3166 3296 3300 3303 3304 3179 3180 3181 3182 3183 3184 3185 3186 3187 3188 3189 3190 3191 3192 3195 3196 3198
9 4.00212 -25.8239 6.41323 0.708502 0.431706 -0.290484 -0.476733 3201 3203 3210 3212 3213 3214 3216 3217 3183 3356 3359 3164 3166 3288 3268 3269 3271 3156 3160 3163 3292 3165 3294 3299 3300 3301 3303 3304 3182 3311 3184 3185 3186 3188 3191 3192 3196 3198
2 2.11887 -26.9186 6.4301 0.842088 0.385632 -0.156996 -0.342824 3200 3201 3203 3208 9 3210 3212 3214 3217 21 73 3151 3160 3162 3163 3165 3166 3184 3186 3195 3196 3198
1 1.941 -28.2424 6.32055 0.861655 0.311635 -0.136229 -0.376665 3201 3203 3208 9 3210 3212 3214 3217 21 60 63 64 71 73 3151 3160 3163 3164 3165 3166 3183 3184 3195 3196 3197 3198
