38 2.05815 -13.5527 0.700114 -0.186583 -0.186224 0.681439 0.68275 3520 3542 3590 3592 3594 3595 3600 3602 3604 3605 413 420 3510 3512 3513 3514 3515 3516 3517 3518 3519 3648 3521 3522 3523 3524 3525 3532 3535 3666 3540 3670 3544 3545 3646
9 2.52166 -23.3358 3.64438 0.778614 0.34732 -0.212905 -0.477285 3233 3266 3235 3276 3248 3224 3226
13 4.33749 -24.4194 2.67052 -0.507797 -0.374214 0.460334 0.624659 3212 3213 3214 3181 3217 3220 3221 3351 3224 3225 3226 3227 3189 3233 3235 3238 3242 3243 3248 3249 3250 3251 3255 3261 3263 3265 3266 3268 3269 3270 3271 3144 3145 3274 3191 3148 3149 3278 3277 3280 3281 3195 3276 3272 3279 3353 3299 3300 3301 3302 3196 3307 3309 3182 3183 3184 3185 3186 3187 3188 3317 3190 3319 3192 3322 3323 3324 3326
5 2.95187 -25.9019 2.13511 -0.479185 -0.281142 0.420758 0.71715 3220 3221 3224 3238 3239 3242 3261 3265 3268 3144 3145 3148 3149 79 81 3157 86 3166 97 100 101 104 3179 3180 3181 3182 3183 3185 3187 3188 3189 3190 3191 3193 3195
2 1.99799 -30.0685 2.57024 -0.596089 -0.160804 0.204887 0.7595 0 3152 3163 8 9 10 3179 14 3183 3184 3144 3155 3156 3150 3151 3166
3 2.19266 -28.1113 1.33243 -0.383855 -0.165932 0.360431 0.833793 0 3265 101 3239 3144 3148 3179 3180 3150 79 3152 3217 3155 3157 3224 3195 3196 3166
4 2.22255 -26.2831 0.915538 -0.271431 -0.178106 0.518897 0.79079 3168 3169 3155 3171 3268 16 3265 3144 3145 3167 3179 3148 3181 79 3152 3154 3187 3157 3195 3166 3189
0 0.678193 -24.8358 0.972037 -0.0252268 -0.249646 0.963104 0.0973218 0 1 3155 3171 4 3169 3144 3145 10 3179 3148 3181 14 3152 3187 3157 23 25 3146
8 0.935285 -23.573 0.838459 -0.0987289 -0.0931988 0.680091 0.720446 2 3 4 5 3218 3219 3220 3221 3222 3224 3261 3263 3265 3266 75 3272 3276 3146 3147 3148 3149 78 77 80 81 82 83 84 79 105 76 3277 3187 3189 3321 3274
11 2.06669 -23.5756 0.705303 -0.189134 -0.185973 0.676009 0.687499 5 3218 3219 3220 3221 3224 3226 3189 3261 3263 3265 3266 3272 3145 3146 3147 3148 3149 79 81 83 3276 3181 3277 3187 3317 3321 3195 3274
14 1.68265 -21.2924 0.524401 -0.125358 -0.156501 0.764636 0.612474 3329 3331 3332 3265 3224 3242 3243 3373 3375 3254 3255 3256 3263 3393 3266 3397 3398 3272 3274 3276 3277 78 229 116 3317 3319 3321 3322 3327
18 0.930013 -19.5227 0.837065 -0.0915124 -0.097951 0.72412 0.676522 3329 3331 3332 3457 3373 3374 3375 3376 3377 3378 3379 3380 3253 3254 3255 3256 3393 3395 3397 3398 3403 3405 3407 3408 227 228 229 230 231 232 233 234 107 113 114 115 116 3322 3327
21 0.931566 -16.5548 0.837249 -0.0955471 -0.0943443 0.696251 0.705127 3457 3458 3463 3465 3467 3468 406 407 408 409 410 3381 3510 3383 3384 3385 3386 3387 3388 3509 3382 3530 3511 3532 3534 3535 3408 3512 3544 235 236 237 238 239 240 241 242 3453 3455
42 0.938773 -11.5531 0.839253 -0.0970911 -0.0962882 0.69755 0.703367 3595 3522 527 3600 529 3602 531 532 3605 534 535 3524 3525 421 3646 3647 3648 3649 3650 3651 3652 3653 3666 3668 3670 3671 3676 3678 3680 3681 530 3730 528 3604 533
45 0.918971 -8.55349 0.833827 -0.0923359 -0.0914523 0.697731 0.704473 3726 3728 3736 3730 3731 535 536 537 3738 539 3740 3741 542 538 3654 540 1066 1067 1068 1069 541 3656 3657 3782 3655 3784 3785 3658 3659 3660 3661 3783 3793 3794 3681
55 0.642757 -6.71994 0.796932 -0.0649749 -0.019222 0.283032 0.956714 1067 1068 1069 1072 1074 1076 1092 3782 3783 3784 3785 3786 3788 3789 3791 3794 3799 3800 3801 3803 3805 3810 3822
58 0.654962 -5.61912 0.789782 -0.0405902 -0.0236689 0.503177 0.862905 3808 3810 1092 1093 1096 3788 3789 3791 3816 1076 3801 3812 3802 3803 3805 3806
59 0.65712 -4.60628 0.789419 -0.0383943 -0.0247551 0.541323 0.839573 3808 3809 3968 3812 1093 3974 1096 1097 3818 3802 3816 3806 1274 3807 3805 3966 3967
72 0.656485 -3.60466 0.789306 -0.0379352 -0.0247001 0.545084 0.837158 3968 3809 3970 3971 3972 3974 3969 3976 1097 3818 3980 3807 1278 1274 1275 3966 3967
73 0.655521 -2.60295 0.789165 -0.0373904 -0.0245774 0.54873 0.834801 3967 3969 3970 3971 3972 3973 3976 3980 3981 1294 3986 3987 3988 3994 1275 1278 1279
78 1.90803 -1.62278 0.832785 -0.0992438 -0.0818107 0.630797 0.765214 4000 4002 3995 3973 4009 4010 3981 3984 3992 4019 3988 3989 4022 4024 4020 3994 4027 3996 3998
77 0.639625 -0.604793 0.788007 -0.0343063 -0.0209542 0.520833 0.852712 4000 4001 4004 2021 1299 1295 1298 4659 4660 3989 3990 3991 3992 3993 4667 3987 4661
12 1.31724 0.0835357 0.564909 -0.17396 0.129214 -0.582115 0.783699 4741 4744 4034 4035 4000 4001 4002 4004 4662 4025 4667 4668 4029 4671 4672 4033 4674 4675 4036 4022 4718 4669 4720 4723 4727 4731
0 0.631844 0.3924 0.787575 -0.033258 -0.0191309 0.498252 0.866183 4672 2021 2022 1299 2025 3991 3992 4659 4660 4661 4662 4663 4664 3993 4667 4668 4665 4671
13 0.981308 1.08281 0.741689 -0.216837 0.171474 -0.596111 0.75381 4672 4673 4674 4675 4036 4665 4744 4671 4684 4749 4686 4669 4720 4718 4727 4729 4736 4667 4668 4666 4767
1 0.627475 1.39585 0.787162 -0.0315983 -0.0183271 0.501385 0.864453 4672 4673 4675 4676 4677 2022 2025 2026 4678 4660 2037 4662 4663 4664 4665 4684 4666 4661
10 -0.445894 2.35405 1.02993 -0.255447 0.243329 -0.645376 0.677515 4676 4677 4679 4680 2026 2037 2038 4664 4036
4 0.637961 2.4077 0.787481 -0.0314585 -0.0212398 0.559166 0.828187 4673 4676 4677 4678 4679 4680 4681 2026 4684 4685 4688 2037 2038 4664 2041 4666 4682
5 0.642629 3.47032 0.787348 -0.0239366 -0.0286964 0.767383 0.640099 4688 4677 4679 4680 4681 4682 4683 2189 4685 4912 4689 4914 2037 2038 2041 2042 4923
16 0.675888 4.64593 0.802917 -0.0252432 -0.0771284 0.947258 0.310026 2187 4689 4681 4682 4683 2189 2190 4912 4913 4914 4915 4916 4920 2042 4923 4924 4926
32 0.732783 5.13908 0.903136 -0.2459 0.207034 -0.60988 0.724373 4928 4930 5091 4932 4925 4944 4946 4915 4920 4921 4954 4924 4957 4926
17 0.773153 5.62386 0.812819 -0.0452951 -0.0885158 0.885804 0.453281 4928 4930 4935 4936 4937 4938 2190 4943 4912 4913 2194 4915 2196 4918 4916 4920 4921 2204 2206
21 1.04884 7.44258 0.874879 -0.124552 -0.122721 0.691039 0.70135 2193 2322 2323 2324 2325 2326 2204 2205 2206 2207 2208 2209 2210 2211 4935 4936 4937 4938 4939 4940 4941 4942 5199 4944 5201 4947 4948 5198 5206 5200 5224
34 1.0528 8.46077 0.876357 -0.123363 -0.125888 0.70305 0.688952 2322 2323 2324 2325 2326 2327 2328 2329 2205 2334 2208 2209 2210 2211 4942 4939 4940 4941 5198 5199 5200 5201 5202 5203 4948 5205 5206 5207 5208 5234 5204 5013
40 2.54632 10.4601 1.17776 -0.255197 -0.257697 0.662167 0.655745 5218 5219 5220 5221 5282 5208 5234 5236 5209 5272 5284 5274
39 1.05271 11.4585 0.876308 -0.123608 -0.125583 0.701536 0.690505 2442 2443 2444 2445 2446 2327 5274 2334 2335 2336 2337 2338 2339 2340 2341 5214 5318 5319 5320 5321 5326 5210 5211 5212 5213 5342 5215 5216 5217 5219 5220 5221
50 1.02986 14.5604 0.872339 -0.107933 -0.134452 0.76814 0.616631 2446 2447 2448 2449 2453 2454 2455 2456 2457 2458 2459 2460 5402 5322 5323 5324 5325 5329 5330 5331 5332 5333 5334 5335 5336 5337 5338 5339 5393 5352 5400
59 0.857877 17.6123 0.827885 -0.0642814 -0.103811 0.843841 0.522517 5762 5763 5764 5765 5767 5769 5335 5773 5775 5777 2580 2581 2582 2583 2584 5785 2586 2601 5700 5701 5702 5703 5704 5705 5706 5712 5713 2642 5715 2644 5717 5718 2585 5723 5725 5728 2661 2662 2664 2665
52 2.50412 14.5255 1.14293 -0.235227 -0.254146 0.688485 0.637233 5329 5352 5402 5354 5707 5389 5328 5393 5333 5713 5336 5337 5338 5339 5404 5405 5400 5717
48 2.53961 12.4693 1.17177 -0.252076 -0.256892 0.665934 0.65345 5344 5282 5284 5221 5352 5354 5326 5327 5328 5329 5220 5342
53 3.52256 12.3792 1.03944 -0.255482 -0.246526 0.649146 0.672728 5391 5393 5270 5271 5274 5280 5282 5284 5326 5327 5328 5329 5338 5340 5341 5342 5344 5219 5220 5221 5350 5352 5354
45 3.73609 11.3349 1.25078 -0.291288 -0.276446 0.630439 0.664285 5272 5273 5274 5282 5283 5284 5285 5326 5327 5328 5329 5209 5342 5343 5344 5218 5219 5220 5221 5352 5235 5236
44 3.51935 10.278 1.04208 -0.262114 -0.24038 0.6317 0.688817 5280 5218 5219 5220 5221 5226 5207 5282 5326 5327 5208 5234 5236 5270 5271 5272 5284 5209 5340 5274 5342
43 3.73684 9.39295 1.24914 -0.287383 -0.280013 0.639223 0.656047 5013 5014 5272 5273 5274 5282 5285 4948 5206 5207 5208 5209 5218 5219 5220 5221 5224 5225 5226 5234 5235 5236 5237
42 3.75374 8.34727 1.26943 -0.293248 -0.279971 0.631241 0.661178 5058 5219 5234 4947 5224 5225 5226 5227 5218 5208 4946 5235 5236 5013 5206 5207 5272 5209 5012 5011 4948
30 3.60707 7.26727 1.12391 -0.276075 -0.252801 0.626234 0.683889 5058 5224 5226 5003 4930 5011 5232 5009 5234 4947 4948 5013 5206 5207 5208 5209 4946 4957
26 3.08189 7.01077 1.00493 -0.102794 -0.251708 0.890901 0.36383 4928 4930 4932 4901 4934 4945 4956 5058 5009 5010 4947 5013 5011 4951 4954 4946 4957
23 2.5844 7.32144 1.22168 -0.286299 -0.253388 0.612404 0.691946 5058 5224 5226 4943 4944 4946 5011 4948 5013 5206 5207 4947
36 2.54939 8.4495 1.18054 -0.257446 -0.257261 0.658375 0.658848 5209 5224 5226 5234 5011 4948 5013 5206 5207 5208 5236 4947
22 2.10239 7.26188 1.15783 -0.106498 -0.336971 0.891985 0.281908 5058 4931 4932 4934 4937 4938 4954 4930 4941 4944 4945 4946 4947 4948 4951 4921 4922 4943 5011 4957
25 2.63912 5.76135 0.819664 -0.0181395 -0.108809 0.980367 0.163437 4928 4932 4901 4934 4783 4945 4946 4951 4953 4954 4955 4956 4957 4926
18 1.83655 4.66826 0.830587 -0.0574376 -0.11185 0.882503 0.453187 4928 4915 4932 4683 4690 4912 4689 4914 4691 4949 4951 4920 4953 4923 4924 4925 4926
7 1.79375 3.50066 0.80696 -0.0567032 -0.0686912 0.768126 0.634073 4769 4773 4678 4679 4682 4683 4914 4685 4687 4688 4689 4690 4691 4949 4923 4925 4775
6 1.769 2.30451 0.809118 -0.0812139 -0.0453602 0.48551 0.869268 4673 4675 4678 4679 4682 4684 4685 4686 4687 4688 4689 4690 4769 4666 4767
3 1.80484 1.37643 0.809952 -0.0750547 -0.0574275 0.604949 0.790637 4672 4673 4674 4675 4665 4678 4679 4684 4686 4720 4662 4727 4729 4666 4671 4668 4767
9 2.73523 1.26048 0.809095 -0.0852996 -0.0370062 0.396273 0.913412 4725
1 7.65042 -0.666398 2.12099 0.0811789 -0.364758 0.905405 -0.201503 4608 4613 4615 4426 4587 4588 4557 4590 4589 4597 4605 4606 4607
14 8.92866 -0.032647 1.34891 -0.0985635 -0.0352637 0.335015 0.93638 4608 4613 4614 4615 4616 5520 4627 4628 4629 4630 5146 5147 5148 4640 5159 5160 5162 5163 5168 5172 5174 5438 5439 5440 5441 4606 5446 5447 5448 5450 5455 5456 5457 5458 5463 5465 5467 5473 5474 4582 4590 4595 4596 4597 4598 4605 5502 5503
21 8.74649 2.22801 1.81524 -0.0958991 -0.0386783 0.37204 0.922439 5473 5186 5475 5190 5446 5447 5192 5481 5450 5479 5196 5485 5487 5489 5483 5477
22 8.65027 2.96664 1.86815 -0.167115 -0.020069 0.117534 0.978701 5475 5479 5192 5481 5483 5196 5485 5489 5496 5498 5567
25 9.74536 3.06685 1.8487 -0.143082 -0.0370701 0.248046 0.957406 5537 5483 5544 5545 5546 5547 5485 5489 5492 5496 5498 5500 5501 5567
23 9.75481 2.25637 1.81246 -0.089955 -0.0409214 0.412051 0.905786 5513 5536 5537 5538 5539 5544 5545 5546 5450 5465 5467 5468 5473 5477 5479 5483 5487 5489 5491 5492 5496 5500 5501
33 10.7483 2.32854 1.80377 -0.0715632 -0.0418076 0.502697 0.860481 5512 5513 5514 5515 5522 5528 5536 5537 5538 5539 5544 5545 5546 5547 5551 5552 5553 5554 5559 5560 5561 5467 5468 5487 5490 5491 5492 5497 5500 5501
35 10.7658 3.19109 1.82427 -0.109281 -0.0419618 0.355998 0.927126 5536 5537 5538 5539 5544 5545 5546 5547 5552 5496 5490 5492 5559 5560 5561 5498 5499 5500 5501 5562
49 12.0154 3.36337 1.87775 -0.135563 0.114687 -0.635613 0.75131 5636 5645 5647 5653 5655 5657 5681 5675 5676 5554 5553 5682 5683 5685 5561 5562 5568 5594 5598 5600 5601 5602 5610 5611 5612 5613 5629 5622 5624 5677 5631
60 13.0052 3.47749 1.48489 -0.178692 -0.0411222 0.220464 0.958005 5675 5682 5653 5655 5659 5547 5676 5677 5680 5681 5554 5683 5685 5686 5559 5560 5561 5562 5568 5601 5602 5610 5611 5612 5613 5620 5626 5628 5629 5631
45 13.0057 1.81237 1.66263 0.0461315 -0.24722 0.951438 -0.177539 5634 5636 5638 5640 5642 5645 5647 5649 5524 5526 5532 5534 4653 4655 5570 5572 5574 5576 5578 5580 5582 5584 5586 5588 5590 5592 5594 5596 5598 5606 5618 5622
42 11.8772 1.67894 2.18721 -0.562253 -0.0348383 0.0510969 0.82465 5601 5602 5539 5544 5612 5552 5554 5559 5561 5567
12 11.1042 0.590952 1.54175 0.0370788 -0.204262 0.962485 -0.174716 5504 5508 4630 5520 5522 5524 4629 5526 5529 5532 4638 4640 4645 4647 4649 4651 4653 4655 5570 5572 5574 5576 5578 5580 5582 5457 5458 5588 5586 5502 5503
8 9.72616 -0.679373 1.80138 -0.0687421 -0.0367208 0.469738 0.879359 4608 4613 4614 4615 4616 4621 5520 4625 4627 4628 4629 4630 4638 4640 4641 4645 4651 5438 5439 5440 5441 5449 5455 5456 5457 5458 5464 4606 4597 4598 4607 5502 5503
0 9.47102 -3.96504 0.810094 -0.283736 -0.0855363 0.275669 0.914431 4608 4613 4615 4621 4622 4625 4629 4634 4638 4640 4641 4645 5160 4650 5172 4409 4413 4414 4415 4416 4420 5448 4425 4426 4558 4561 5463 4570 4447 4448 4580 4587 4588 4589 4590 4603 4605 4606 4607
83 2.92142 -0.683622 0.840673 -0.112715 -0.0804174 0.575198 0.806211 4033 4002 4004 4022 4034 4019 4020 4021 4150 4024 4027 4028 4029 3998
8 2.6967 0.236357 0.807601 -0.0854652 -0.029036 0.320369 0.942983 4716
2 1.82234 0.332532 0.816157 -0.0869969 -0.0585756 0.555427 0.824925 4672 4001 4674 4004 4673 4718 4720 3993 4661 4662 4727 4665 4667 4668 4669 4671
79 1.87674 -0.586278 0.82367 -0.0863931 -0.077718 0.664264 0.73841 4000 4001 4002 3995 4004 4718 3992 4019 4020 3989 4662 3993 4024 4025 4667 4669 3998 4661
86 2.11492 -0.737808 1.85475 -0.129741 0.0838586 -0.536318 0.829758 4024 4027
85 2.41361 -1.75106 1.80148 -0.0753899 0.0205895 -0.262653 0.96172 4019 4020 4021 4022 4029
75 1.94274 -2.61955 0.842058 -0.107062 -0.090393 0.638753 0.756545 3969 3972 3973 4006 4007 3976 4009 3978 3980 3981 3982 3984 4019 3988 4021 3994 3996 4010
81 3.10491 -2.64445 0.899943 -0.150465 -0.127626 0.63414 0.747622 3976 3978 3979 3982 3983 3984 3996 3998 4006 4007 4008 4009 4010 4011 4012 4141 4142 4019 4020 4021 4022 4153 4149 4150 4173 4177 4179
63 3.2222 -5.60572 0.952341 -0.174575 -0.16099 0.658531 0.714103 4128 3824 3827 3938 3789 3791 3799 3800 3929 3936 3810 3811 3812 3813 3814 3815 3816 3817 3946 3947 3820 3821 3822 3823 3952 3825 3826 3955 3957 3960 3818
56 2.23029 -8.28042 1.17449 -0.335242 -0.134378 0.346948 0.865553 3741 3810 3784 3785 3661 3822 3789 3793 3794 3795 3796 3790 3736 3924 3930 3738 3797
52 3.73915 -9.47146 1.25235 -0.279108 -0.289189 0.658865 0.635897 3726 3728 3730 3603 3736 3737 3738 3739 3740 3741 3731 3648 3649 3652 3653 3656 3657 3660 3661 3666 3795 3668 3670 3671 3676 3677 3678 3680 3681 3667 3831
53 3.82427 -8.51586 1.34763 -0.295624 -0.300031 0.646048 0.63656 3726 3728 3730 3731 3736 3738 3740 3741 3652 3653 3656 3657 3660 3661 3789 3795 3796 3925 3791 3676 3678 3680 3681 3831 3924
70 5.05087 -7.12914 2.87944 -0.57559 -0.318448 0.364619 0.659045 3982 3859 3860 3861 3824 3870 3871 3872 3873 3878 3879 4008 3826 3825 3902 3903 3905 3910 3911 3915 3917 3922 3923 3796 3925 3926 4311 3924 3929 3930 3931 3936 3937 3938 4068 3942 3943 3822 3823 3952 3953 3954 3827 3958 3959 4308 3834 3964 3837 3838
68 5.20134 -8.89111 3.00446 -0.573244 -0.353469 0.387985 0.62922 3841 3738 3726 3728 3858 3731 3860 3861 3734 3735 3736 3866 3867 3740 3741 3742 3743 3744 3745 3878 3879 3872 3760 3761 3762 3763 3870 3871 3772 3773 3774 3775 3904 3905 3780 3781 3910 3873 3656 3657 3660 3661 3795 3796 3925 3926 3927 3929 3930 3931 3932 3835 3942 3824 3822 3823 3952 3953 3954 3859 3902 3831 3832 3924 3834 3903 3836 3837 3838
66 3.4983 -9.80154 3.53788 -0.689597 -0.258669 0.237564 0.633332 3728 3731 3734 3735 3736 3738 3740 3741 3742 3743 3744 3745 3774 3793 3795 3924 3926 3929 3930 3931 3942 3822 3952 3953 3954 3829 3831 3836
48 3.77681 -11.4879 1.29347 -0.286132 -0.294132 0.653659 0.635881 3520 3590 3591 3592 3594 3595 3726 3727 3600 3602 3731 3604 3605 3737 3524 3525 3519 3648 3649 3522 3652 3653 3681 3656 3657 3666 3668 3670 3671 3676 3677 3678 3680 3728 3730
