10000 -1.6503 -29.8902 5.79078 0.845334 -0.191523 0.110201 -0.486401 
10005 -1.88357 -27.5701 7.04181 0.852164 -0.258699 0.132129 -0.43524 
10006 -2.20486 -25.9282 7.35751 0.83175 -0.392322 0.167562 -0.355243 
10012 -1.91067 -24.177 7.87295 0.811639 -0.522374 0.14151 -0.219871 
10014 -1.6171 -23.0315 9.0384 0.821142 -0.533792 0.110079 -0.169337 
10029 -1.54607 -19.5249 9.10661 0.688033 -0.705114 0.122772 -0.119798 
10026 -3.65246 -20.5989 8.40519 0.660854 -0.645712 0.267336 -0.273605 
10025 -4.27227 -20.6381 6.50192 0.602401 -0.583302 0.379019 -0.39143 
10032 -3.64152 -19.6436 8.41456 0.66829 -0.639236 0.262998 -0.274951 
10034 -3.6492 -18.5509 8.40901 0.653739 -0.653402 0.26983 -0.26997 
10040 -3.65269 -17.5674 8.40545 0.65606 -0.650616 0.269319 -0.271572 
10042 -3.625 -16.5913 8.43243 0.661534 -0.648525 0.263602 -0.26889 
10048 -3.6118 -15.5593 8.44558 0.657403 -0.654389 0.263586 -0.2648 
10046 -1.6804 -14.5789 9.05467 0.702244 -0.684669 0.136228 -0.139725 
10062 -1.69598 -10.5851 9.0481 0.703562 -0.682513 0.137818 -0.142068 
10070 -1.6935 -8.54616 9.04936 0.692115 -0.69427 0.139799 -0.139365 
10001 -1.66034 -7.50963 9.06276 0.681543 -0.706233 0.137913 -0.133092 
10004 -3.59155 -7.62635 8.46355 0.669135 -0.644715 0.256442 -0.266155 
10072 -3.58936 -9.6676 8.46378 0.67558 -0.637988 0.253725 -0.268675 
10066 -3.58505 -10.6615 8.46816 0.674951 -0.639225 0.253429 -0.267594 
10064 -3.61876 -11.612 8.43799 0.66511 -0.645576 0.261403 -0.269313 
10075 -2.71572 -10.771 6.24912 -0.245664 0.517019 -0.74061 0.351905 
10015 -4.18251 -7.99277 6.33131 0.835229 -0.379145 0.164635 -0.36268 
10003 -4.3104 -7.63008 6.41293 0.595056 -0.578103 0.389036 -0.400445 
10000 -3.97313 -7.3101 5.85313 0.702921 -0.517265 0.289354 -0.393208 
10016 -3.60865 -6.20012 7.0069 0.850686 -0.479886 0.105428 -0.18689 
10012 -3.61522 -5.56968 8.44222 0.65881 -0.652543 0.263455 -0.265985 
10010 -1.68885 -4.55717 9.0513 0.695523 -0.691089 0.138557 -0.139446 
10017 -2.67194 -4.30327 7.26976 0.254396 -0.965945 0.0457028 -0.0120365 
10002 -3.26405 -3.0626 7.23115 -0.248019 -0.964271 0.0901695 0.0231924 
10035 -3.21048 -2.18683 7.1829 0.509542 -0.850681 0.110895 -0.0664238 
10040 -1.6949 0.492058 9.04846 0.680562 -0.705492 0.142344 -0.137314 
10059 -1.76736 5.43598 9.01715 0.69523 -0.687255 0.148026 -0.149744 
10065 -1.74191 7.4469 9.02854 0.692891 -0.690988 0.145464 -0.145865 
10000 -1.72681 8.47062 9.03507 0.686398 -0.698218 0.145007 -0.142553 
10013 -1.72068 13.4272 9.0377 0.699179 -0.68574 0.141626 -0.144402 
10088 -2.29206 15.5953 8.85258 0.81058 -0.323313 0.180904 -0.453545 
10023 -3.65327 15.5168 8.4039 0.64291 -0.663418 0.274903 -0.266405 
10089 -2.89418 17.2179 8.66281 0.73062 -0.442873 0.269378 -0.444401 
10036 -2.03132 20.7197 7.86786 0.618906 -0.740094 0.201821 -0.168773 
10038 -2.6303 21.7921 7.40024 0.598203 -0.703563 0.292248 -0.248483 
10063 -1.60812 22.3247 7.39888 0.923229 -0.0164361 0.00683344 -0.383839 
10064 -2.02193 22.8143 6.62935 -0.847512 0.0780273 -0.0481321 0.522798 
10067 -2.82883 23.0843 7.10374 0.894603 -0.0558217 0.0276114 -0.442502 
10045 -2.86997 23.8199 7.12685 0.5836 -0.683149 0.333784 -0.285144 
10046 -3.33308 23.7578 7.31355 0.546997 -0.610349 0.426672 -0.382385 
10056 -3.40163 23.4764 7.86546 -0.390605 -0.881936 0.241248 0.106847 
10055 -3.06816 23.2698 8.24152 0.822419 0.562749 -0.047042 -0.0687486 
10108 -3.52801 23.5988 9.21726 -0.482076 0.506576 -0.517829 0.492785 
10057 -4.05844 23.4192 8.24532 0.727503 0.681493 -0.0542923 -0.0579577 
10069 -3.86594 22.8816 6.79676 0.865526 -0.0559577 0.0321119 -0.496691 
10040 -3.58498 21.5751 7.15976 0.459434 -0.775686 0.3723 -0.220511 
10032 -4.25638 18.8105 6.48741 0.551735 -0.629521 0.411423 -0.360587 
10051 -5.274 19.0308 4.94645 -0.634087 0.204487 -0.228884 0.70974 
10049 -4.07474 17.8772 5.25278 -0.67803 0.187649 -0.189559 0.684932 
10020 -4.26415 14.5998 6.51412 0.577327 -0.609798 0.394308 -0.373312 
10011 -3.64022 11.4624 8.41788 0.652249 -0.656016 0.269299 -0.267753 
10069 -3.63127 7.4607 8.42668 0.65306 -0.656328 0.267823 -0.26649 
10066 -4.27158 6.61473 6.49556 0.574447 -0.609982 0.397362 -0.374214 
10067 -3.64284 6.45079 8.41532 0.653885 -0.65406 0.268959 -0.268887 
10063 -3.64504 5.44477 8.41313 0.654677 -0.652988 0.268915 -0.26961 
10043 -3.62206 0.487071 8.43538 0.649448 -0.661 0.26813 -0.263444 
10044 -4.26675 1.5355 6.51448 0.584482 -0.602993 0.389851 -0.377883 
10028 -6.22484 0.867895 7.23798 -0.310898 -0.946473 0.0824439 0.0270812 
10018 -7.16799 -0.0462968 7.21807 -0.306491 -0.946158 0.0990849 0.0320967 
10042 -11.0432 4.02999 7.18567 -0.340497 -0.931565 0.119721 0.0437592 
10075 -16.1223 4.77472 7.23722 -0.433951 -0.896677 0.0787596 0.0381161 
10071 -18.1269 3.69766 7.24531 -0.487892 -0.869284 0.0692566 0.0388708 
10066 -17.7232 1.67069 7.17382 0.983722 -0.118606 0.0161587 -0.134021 
10046 -14.0591 -0.911921 6.90368 0.951438 -0.177539 0.0461315 -0.24722 
10052 -15.4827 -2.39524 4.30098 -0.700015 0.113797 -0.113123 0.695868 
10027 -13.8052 -3.2287 4.73405 -0.739812 0.166814 -0.143371 0.635843 
10024 -11.8702 -4.21567 4.60484 -0.724025 0.171468 -0.15397 0.650138 
10026 -11.9607 -1.6905 7.02457 0.962485 -0.174716 0.0370788 -0.204262 
10022 -10.0217 -2.74715 6.98999 0.956977 -0.187971 0.0426044 -0.216903 
10019 -9.41442 -4.43315 6.44533 0.905405 -0.201503 0.0811789 -0.364758 
10019 -3.99043 -2.50575 6.00252 0.62148 -0.632711 0.329592 -0.323741 
10001 -3.94641 -5.19122 7.18439 0.951292 -0.280324 0.0362655 -0.123068 
10007 -3.67871 -5.62472 6.37786 0.662853 -0.640112 0.269831 -0.279417 
10005 -5.55166 -6.34042 6.46369 0.898277 -0.237742 0.0945552 -0.357263 
10000 -5.13215 -7.61788 5.75414 0.816876 -0.279064 0.163196 -0.477707 
10060 -4.52234 -10.6272 4.04994 -0.486347 0.473917 -0.512309 0.525746 
10043 -4.5212 -15.6406 4.04044 -0.486569 0.472015 -0.511881 0.527665 
10036 -4.5273 -16.6769 4.16272 -0.500142 0.479359 -0.499005 0.520641 
10020 -4.50567 -20.7341 3.92849 -0.483825 0.454754 -0.512108 0.544846 
10019 -4.47138 -21.7845 3.72871 -0.469063 0.433096 -0.522133 0.565495 
10003 -4.26158 -26.5351 5.04525 0.648051 -0.455022 0.350945 -0.499822 
10008 -4.27193 -26.7415 5.55665 -0.617745 0.404935 -0.369559 0.563777 
10009 -4.00212 -25.8239 6.41323 0.708502 -0.431706 0.290484 -0.476733 
10002 -2.11887 -26.9186 6.4301 0.842088 -0.385632 0.156996 -0.342824 
10001 -1.941 -28.2424 6.32055 0.861655 -0.311635 0.136229 -0.376665 
