10038 -2.05815 -13.5527 0.700114 -0.186583 0.186224 -0.681439 0.68275 
10009 -2.52166 -23.3358 3.64438 0.778614 -0.34732 0.212905 -0.477285 
10013 -4.33749 -24.4194 2.67052 -0.507797 0.374214 -0.460334 0.624659 
10005 -2.95187 -25.9019 2.13511 -0.479185 0.281142 -0.420758 0.71715 
10002 -1.99799 -30.0685 2.57024 -0.596089 0.160804 -0.204887 0.7595 
10003 -2.19266 -28.1113 1.33243 -0.383855 0.165932 -0.360431 0.833793 
10004 -2.22255 -26.2831 0.915538 -0.271431 0.178106 -0.518897 0.79079 
10000 -0.678193 -24.8358 0.972037 -0.0252268 0.249646 -0.963104 0.0973218 
10008 -0.935285 -23.573 0.838459 -0.0987289 0.0931988 -0.680091 0.720446 
10011 -2.06669 -23.5756 0.705303 -0.189134 0.185973 -0.676009 0.687499 
10014 -1.68265 -21.2924 0.524401 -0.125358 0.156501 -0.764636 0.612474 
10018 -0.930013 -19.5227 0.837065 -0.0915124 0.097951 -0.72412 0.676522 
10021 -0.931566 -16.5548 0.837249 -0.0955471 0.0943443 -0.696251 0.705127 
10042 -0.938773 -11.5531 0.839253 -0.0970911 0.0962882 -0.69755 0.703367 
10045 -0.918971 -8.55349 0.833827 -0.0923359 0.0914523 -0.697731 0.704473 
10055 -0.642757 -6.71994 0.796932 -0.0649749 0.019222 -0.283032 0.956714 
10058 -0.654962 -5.61912 0.789782 -0.0405902 0.0236689 -0.503177 0.862905 
10059 -0.65712 -4.60628 0.789419 -0.0383943 0.0247551 -0.541323 0.839573 
10072 -0.656485 -3.60466 0.789306 -0.0379352 0.0247001 -0.545084 0.837158 
10073 -0.655521 -2.60295 0.789165 -0.0373904 0.0245774 -0.54873 0.834801 
10078 -1.90803 -1.62278 0.832785 -0.0992438 0.0818107 -0.630797 0.765214 
10077 -0.639625 -0.604793 0.788007 -0.0343063 0.0209542 -0.520833 0.852712 
10012 -1.31724 0.0835357 0.564909 -0.17396 -0.129214 0.582115 0.783699 
10000 -0.631844 0.3924 0.787575 -0.033258 0.0191309 -0.498252 0.866183 
10013 -0.981308 1.08281 0.741689 -0.216837 -0.171474 0.596111 0.75381 
10001 -0.627475 1.39585 0.787162 -0.0315983 0.0183271 -0.501385 0.864453 
10010 0.445894 2.35405 1.02993 -0.255447 -0.243329 0.645376 0.677515 
10004 -0.637961 2.4077 0.787481 -0.0314585 0.0212398 -0.559166 0.828187 
10005 -0.642629 3.47032 0.787348 -0.0239366 0.0286964 -0.767383 0.640099 
10016 -0.675888 4.64593 0.802917 -0.0252432 0.0771284 -0.947258 0.310026 
10032 -0.732783 5.13908 0.903136 -0.2459 -0.207034 0.60988 0.724373 
10017 -0.773153 5.62386 0.812819 -0.0452951 0.0885158 -0.885804 0.453281 
10021 -1.04884 7.44258 0.874879 -0.124552 0.122721 -0.691039 0.70135 
10034 -1.0528 8.46077 0.876357 -0.123363 0.125888 -0.70305 0.688952 
10040 -2.54632 10.4601 1.17776 -0.255197 0.257697 -0.662167 0.655745 
10039 -1.05271 11.4585 0.876308 -0.123608 0.125583 -0.701536 0.690505 
10050 -1.02986 14.5604 0.872339 -0.107933 0.134452 -0.76814 0.616631 
10059 -0.857877 17.6123 0.827885 -0.0642814 0.103811 -0.843841 0.522517 
10052 -2.50412 14.5255 1.14293 -0.235227 0.254146 -0.688485 0.637233 
10048 -2.53961 12.4693 1.17177 -0.252076 0.256892 -0.665934 0.65345 
10053 -3.52256 12.3792 1.03944 -0.255482 0.246526 -0.649146 0.672728 
10045 -3.73609 11.3349 1.25078 -0.291288 0.276446 -0.630439 0.664285 
10044 -3.51935 10.278 1.04208 -0.262114 0.24038 -0.6317 0.688817 
10043 -3.73684 9.39295 1.24914 -0.287383 0.280013 -0.639223 0.656047 
10042 -3.75374 8.34727 1.26943 -0.293248 0.279971 -0.631241 0.661178 
10030 -3.60707 7.26727 1.12391 -0.276075 0.252801 -0.626234 0.683889 
10026 -3.08189 7.01077 1.00493 -0.102794 0.251708 -0.890901 0.36383 
10023 -2.5844 7.32144 1.22168 -0.286299 0.253388 -0.612404 0.691946 
10036 -2.54939 8.4495 1.18054 -0.257446 0.257261 -0.658375 0.658848 
10022 -2.10239 7.26188 1.15783 -0.106498 0.336971 -0.891985 0.281908 
10025 -2.63912 5.76135 0.819664 -0.0181395 0.108809 -0.980367 0.163437 
10018 -1.83655 4.66826 0.830587 -0.0574376 0.11185 -0.882503 0.453187 
10007 -1.79375 3.50066 0.80696 -0.0567032 0.0686912 -0.768126 0.634073 
10006 -1.769 2.30451 0.809118 -0.0812139 0.0453602 -0.48551 0.869268 
10003 -1.80484 1.37643 0.809952 -0.0750547 0.0574275 -0.604949 0.790637 
10009 -2.73523 1.26048 0.809095 -0.0852996 0.0370062 -0.396273 0.913412 
10001 -7.65042 -0.666398 2.12099 0.0811789 0.364758 -0.905405 -0.201503 
10014 -8.92866 -0.032647 1.34891 -0.0985635 0.0352637 -0.335015 0.93638 
10021 -8.74649 2.22801 1.81524 -0.0958991 0.0386783 -0.37204 0.922439 
10022 -8.65027 2.96664 1.86815 -0.167115 0.020069 -0.117534 0.978701 
10025 -9.74536 3.06685 1.8487 -0.143082 0.0370701 -0.248046 0.957406 
10023 -9.75481 2.25637 1.81246 -0.089955 0.0409214 -0.412051 0.905786 
10033 -10.7483 2.32854 1.80377 -0.0715632 0.0418076 -0.502697 0.860481 
10035 -10.7658 3.19109 1.82427 -0.109281 0.0419618 -0.355998 0.927126 
10049 -12.0154 3.36337 1.87775 -0.135563 -0.114687 0.635613 0.75131 
10060 -13.0052 3.47749 1.48489 -0.178692 0.0411222 -0.220464 0.958005 
10045 -13.0057 1.81237 1.66263 0.0461315 0.24722 -0.951438 -0.177539 
10042 -11.8772 1.67894 2.18721 -0.562253 0.0348383 -0.0510969 0.82465 
10012 -11.1042 0.590952 1.54175 0.0370788 0.204262 -0.962485 -0.174716 
10008 -9.72616 -0.679373 1.80138 -0.0687421 0.0367208 -0.469738 0.879359 
10000 -9.47102 -3.96504 0.810094 -0.283736 0.0855363 -0.275669 0.914431 
10083 -2.92142 -0.683622 0.840673 -0.112715 0.0804174 -0.575198 0.806211 
10008 -2.6967 0.236357 0.807601 -0.0854652 0.029036 -0.320369 0.942983 
10002 -1.82234 0.332532 0.816157 -0.0869969 0.0585756 -0.555427 0.824925 
10079 -1.87674 -0.586278 0.82367 -0.0863931 0.077718 -0.664264 0.73841 
10086 -2.11492 -0.737808 1.85475 -0.129741 -0.0838586 0.536318 0.829758 
10085 -2.41361 -1.75106 1.80148 -0.0753899 -0.0205895 0.262653 0.96172 
10075 -1.94274 -2.61955 0.842058 -0.107062 0.090393 -0.638753 0.756545 
10081 -3.10491 -2.64445 0.899943 -0.150465 0.127626 -0.63414 0.747622 
10063 -3.2222 -5.60572 0.952341 -0.174575 0.16099 -0.658531 0.714103 
10056 -2.23029 -8.28042 1.17449 -0.335242 0.134378 -0.346948 0.865553 
10052 -3.73915 -9.47146 1.25235 -0.279108 0.289189 -0.658865 0.635897 
10053 -3.82427 -8.51586 1.34763 -0.295624 0.300031 -0.646048 0.63656 
10070 -5.05087 -7.12914 2.87944 -0.57559 0.318448 -0.364619 0.659045 
10068 -5.20134 -8.89111 3.00446 -0.573244 0.353469 -0.387985 0.62922 
10066 -3.4983 -9.80154 3.53788 -0.689597 0.258669 -0.237564 0.633332 
10048 -3.77681 -11.4879 1.29347 -0.286132 0.294132 -0.653659 0.635881 
