0 -3.82386 -27.0882 6.34056 -0.723673 0.391029 -0.270338 0.500311 7 9 158 17 19 27 28 29 30 32 35 36 37 38 39 40 53 54 55 56 57 58 59 61 63 70 71 147
1 -3.91987 -25.7729 6.51914 0.715012 -0.441731 0.284802 -0.460997 140 141 19 148 28 29 30 35 36 37 38 53 54 55 56 58 59 61 63 70 71 147 122 123 125
6 -3.34555 -24.1627 8.54594 0.758549 -0.549642 0.205361 -0.283415 142 147 148 150 152 155 156 159 160 165 166 167 28 199 53 54 201 56 58 59 61 63 65 195 68 197 70 71 200 73 202 213 214 216 19
8 -3.53301 -22.942 8.42941 0.713698 -0.590522 0.240155 -0.290249 142 195 148 150 152 153 155 156 159 160 164 165 167 199 54 56 58 67 71 200 201 202 207 209 210 214 147
13 -3.59335 -21.7015 8.40102 0.676108 -0.629467 0.260945 -0.280281 267 269 142 271 144 146 148 150 152 155 156 158 159 160 165 167 270 195 198 199 200 201 202 207 208 209 210 211 212 213 214
7 -4.15063 -22.9044 6.59318 0.637616 -0.558709 0.349531 -0.398896 132 133 134 135 140 141 142 147 148 149 150 151 152 155 156 36 176 177 178 179 54 187 188 194 195 196 197 199 200 203 204 207 123 125
12 -4.24983 -21.6951 6.41497 0.602076 -0.571412 0.383895 -0.404496 133 135 264 141 142 148 149 150 151 152 155 156 263 177 178 179 186 187 188 189 194 195 196 197 199 200 203 204 205 206 207 208 245 246 125
20 -4.25725 -18.5507 6.40605 0.586384 -0.586238 0.395222 -0.395321 256 258 263 264 265 266 267 268 273 274 275 276 277 278 298 300 308 315 316 189 318 319 320 325 326 205 206 317 246 248
27 -3.57961 -16.5476 8.42002 -0.654039 0.65479 -0.268 0.267692 278 279 281 282 444 330 446 447 320 449 322 323 324 456 329 458 331 332 333 334 459 445 319 460
31 -3.57394 -15.5375 8.42556 -0.652802 0.656726 -0.267783 0.266183 448 449 457 444 330 446 447 320 321 323 324 456 329 458 459 332 333 334 461 331 445 502 504 505 506
32 -4.2416 -14.5469 6.44397 -0.588661 0.589339 -0.391478 0.391028 421 422 423 424 431 432 456 434 309 310 439 440 441 442 444 445 450 451 452 453 327 328 457 479 481 489 496 497 498 499 502 503 508 509
38 -4.24915 -12.5477 6.42586 -0.58747 0.587964 -0.393343 0.393012 514 515 554 556 434 564 571 572 573 574 577 578 452 453 583 584 479 481 489 491 496 497 498 499 502 503 508 509 510 511
50 -4.26687 -8.55135 6.38198 0.584735 -0.584461 0.397707 -0.397894 640 641 1154 1156 1159 1163 1164 1165 1166 1167 1168 1173 1174 566 585 586 609 611 619 621 626 627 628 629 630 631 636 637 638 639
62 -4.24824 -4.53787 6.42801 -0.586578 0.589159 -0.393811 0.392086 1161 1175 1176 1192 1194 1196 1198 1199 1200 1201 1202 1204 1205 1210 1211 1212 1213 1216 1217 1367 1369 1371 1374 1375 1376 1377 1380 1381 1386 1387
66 -4.24956 -3.53051 6.4247 -0.585561 0.589701 -0.394683 0.391912 1411 1418 1419 1194 1195 1196 1198 1201 1202 1210 1211 1212 1213 1216 1217 1367 1369 1371 1373 1374 1375 1376 1377 1380 1381 1386 1387 1388 1389 1392 1393
72 -4.23924 -1.53043 6.44942 -0.58729 0.591473 -0.392056 0.389284 1410 1411 1412 1413 1415 1417 1418 1419 1420 1421 1424 1425 1429 1430 1431 1432 1435 2087 2094 2095 2100 1368 1369 1370 1371 1372 1373 1376 1377 1386 1387 1388 1389 1392 1393
80 -4.22714 0.456046 6.47776 -0.59073 0.59204 -0.388067 0.387209 1412 1413 1414 1415 1416 1417 1420 1421 1429 1430 1431 1432 1435 1437 2086 2087 2088 2089 2090 2091 2092 2093 2094 2095 2096 2097 2100 2101 2102 2103 2104 2105 2108 2109 2123 2124 2133 2134 2139
82 -4.2274 1.44997 6.47719 -0.591344 0.591347 -0.387701 0.387698 1416 1417 1431 1432 1437 2086 2087 2088 2089 2090 2091 2092 2093 2094 2095 2096 2097 2100 2101 2102 2103 2104 2105 2108 2109 2123 2124 2125 2126 2129 2130 2133 2134 2135 2136 2139 2140 2141 2142 2147
81 -3.58447 0.45978 8.41522 -0.652583 0.655631 -0.269218 0.267966 1425 1426 1428 1432 1435 1436 1437 1441 1444 1445 1446 1447 2095 2097 2100 2101 2103 2105 2107 2108 2109 2111 2113 2117 2118 2119 2134 2136 2139 2140 2150 2152
83 -3.58419 1.45451 8.41551 -0.653419 0.654834 -0.268838 0.268257 1432 1436 1437 1445 1447 2095 2097 2098 2100 2101 2103 2105 2108 2109 2110 2111 2113 2117 2119 2134 2136 2138 2139 2140 2142 2144 2147 2148 2150 2151 2152 2156 2158
87 -3.57943 2.4667 8.42014 -0.651812 0.657022 -0.268892 0.26676 2095 2097 2100 2101 2103 2105 2106 2107 2108 2109 2110 2111 2240 2113 2116 2117 2118 2119 2250 2134 2136 2139 2140 2234 2142 2144 2146 2147 2148 2150 2152 2236 2156 2157 2158 2239
89 -3.59805 3.44292 8.40173 0.654331 -0.652165 0.270228 -0.271126 2247 2103 2105 2234 2236 2109 2238 2239 2240 2242 2244 2117 2119 2248 2250 2251 2252 2256 2258 2134 2136 2137 2139 2140 2142 2144 2147 2148 2149 2150 2152 2108 2156 2158
93 -3.6067 4.45616 8.39305 -0.651743 0.653644 -0.272406 0.271614 2283 2286 2234 2236 2239 2240 2242 2244 2246 2247 2248 2250 2252 2256 2257 2258 2134 2136 2139 2140 2142 2144 2145 2147 2148 2150 2152 2281 2155 2156 2158 2287 2297 2299
95 -3.59698 5.44372 8.4028 0.654276 -0.652356 0.270114 -0.270909 2305 2286 2234 2236 2237 2239 2240 2242 2244 2247 2248 2249 2250 2252 2256 2258 2142 2144 2147 2148 2281 2283 2156 2285 2158 2287 2289 2291 2294 2295 2297 2298 2299 2303
99 -3.58913 6.45442 8.41062 -0.653124 0.654507 -0.26959 0.26902 2304 2305 2353 2355 2358 2359 2234 2236 2239 2240 2369 2242 2371 2244 2245 2247 2248 2250 2252 2255 2256 2258 2281 2283 2286 2287 2289 2291 2293 2294 2295 2297 2299 2303
94 -4.21527 5.45396 6.50469 -0.592846 0.593713 -0.385014 0.384452 2222 2223 2224 2225 2229 2230 2231 2232 2233 2234 2235 2236 2239 2240 2241 2242 2243 2244 2247 2248 2131 2132 2276 2266 2267 2268 2269 2143 2144 2148 2277 2280 2281 2282 2283 2286 2287 2288 2289 2294
104 -4.21149 8.45077 6.51314 -0.593784 0.593961 -0.383874 0.38376 2338 2339 2340 2341 2348 2349 2350 2351 2352 2353 2354 2355 2358 2359 2360 2361 2362 2363 2366 2367 2406 2386 2387 2268 2269 2400 2401 2276 2277 2278 2279 2282 2283 2287 2288 2289 2290 2291 2294 2295
110 -4.21445 10.4509 6.50654 -0.593305 0.593514 -0.3846 0.384465 2476 2456 2457 2340 2341 2470 2471 2348 2349 2350 2351 2354 2355 2359 2360 2361 2362 2363 2366 2367 2386 2387 2388 2389 2396 2397 2398 2399 2400 2401 2402 2403 2406 2407 2408 2409 2410 2411 2414 2415
122 -4.22283 14.4613 6.48758 -0.590849 0.593302 -0.387381 0.38578 2581 2582 2458 2459 2466 2467 2468 2469 2472 2473 2602 2477 2478 2479 2480 2481 2484 2485 2607 2503 2504 2505 2506 2513 2514 2515 2516 2519 2520 2521 2522 2525 2526 2527 2528 2529 2530 2533 2534 2601
123 -3.59872 14.4687 8.40098 -0.65031 0.65608 -0.271985 0.269593 2604 2607 2471 2473 2474 2476 2477 2479 2608 2481 2482 2483 2484 2485 2486 2487 2489 2618 2492 2493 2494 2495 2520 2522 2525 2526 2528 2530 2532 2533 2534 2536 2538 2542 2543 2544 2602
119 -3.60064 13.4387 8.39911 0.65481 -0.651349 0.27036 -0.271797 2542 2537 2471 2473 2474 2476 2477 2479 2481 2484 2485 2486 2487 2489 2493 2495 2520 2522 2523 2524 2525 2526 2528 2530 2533 2534 2535 2536 2409 2538 2411 2414 2415 2544 2423 2425
117 -3.59762 12.4403 8.40215 0.654754 -0.651793 0.269999 -0.271226 2471 2473 2476 2477 2479 2481 2483 2484 2485 2487 2489 2493 2494 2495 2520 2522 2525 2526 2401 2403 2406 2407 2536 2409 2538 2411 2412 2414 2415 2417 2419 2422 2423 2425
113 -3.60131 11.4463 8.39847 0.653607 -0.652474 0.270943 -0.271414 2471 2473 2475 2476 2477 2479 2481 2484 2485 2487 2488 2361 2363 2493 2366 2367 2375 2377 2489 2401 2403 2404 2406 2407 2409 2411 2414 2415 2416 2417 2419 2423 2425 2495
111 -3.59341 10.4524 8.40637 -0.65317 0.653919 -0.270117 0.269807 2471 2473 2476 2477 2353 2355 2358 2359 2361 2363 2364 2366 2367 2369 2371 2374 2375 2377 2487 2489 2401 2403 2406 2407 2409 2411 2413 2414 2415 2417 2419 2423 2424 2425
107 -3.58972 9.44717 8.41004 0.65421 -0.653347 0.269217 -0.269572 2305 2417 2353 2355 2356 2358 2359 2361 2363 2366 2367 2368 2369 2371 2375 2377 2419 2423 2401 2403 2405 2406 2407 2409 2411 2414 2415 2289 2418 2291 2294 2295 2425 2303
105 -3.58801 8.45163 8.41174 -0.653628 0.654146 -0.269238 0.269025 2305 2417 2353 2355 2358 2359 2361 2363 2365 2366 2367 2369 2371 2375 2376 2377 2419 2401 2403 2406 2407 2281 2283 2286 2287 2289 2291 2292 2294 2295 2297 2299 2302 2303
101 -3.59322 7.45049 8.40656 -0.653475 0.653639 -0.269966 0.269898 2305 2370 2375 2353 2355 2357 2358 2359 2361 2363 2366 2367 2369 2242 2371 2244 2247 2248 2377 2256 2258 2281 2283 2284 2286 2287 2289 2291 2294 2295 2296 2297 2299 2303
103 -1.64378 7.4588 9.04439 -0.690399 0.695649 -0.140927 0.139864 2305 2306 2307 4996 4997 5001 4991 2358 2359 2366 2369 2371 2372 2373 2375 2248 2378 2258 2260 4949 5216 5217 5219 5221 5222 5225 2286 2287 2294 2295 2297 2299 2300 2301 4990 2303
212 1.66536 3.44197 9.05522 0.696101 0.69125 -0.136665 -0.137624 4838 4771 4775 4942 2119 2121 4810 4811 4813 2254 2253 4816 4817 2259 4948 4821 4951 4947 4815 4830 4960 4961 4943 4837 2150 4945 4968 2153 2154 2159 2160 4819
216 3.60604 3.4565 8.44058 0.654691 0.656751 -0.265044 -0.264213 4827 4829 4794 4796 4945 4946 4947 4820 4821 4822 4951 4825 4955 4957 4830 4959 4960 4961 4836 4837 4838 4839 4968 4969 4967 4818 4819 4965
220 3.62951 4.46229 8.41767 0.652345 0.656179 -0.268996 -0.267425 4993 5005 5007 5008 5009 4825 4829 4945 4818 4819 4820 4821 4951 4952 4953 4827 4828 4957 4830 4959 4960 4961 4963 4836 4837 4838 4839 4968 4969 4967 4947 4965
222 3.62621 5.44448 8.42095 0.655324 0.653621 -0.267354 -0.26805 4992 4993 4994 4995 4999 5001 5003 5005 5007 5008 5009 5013 5015 5016 5017 4959 4944 4945 4819 4821 4951 4953 4954 4957 4965 4960 4961 4836 4837 4838 4967 4968 4969 4947
226 3.6262 6.45897 8.42095 0.653068 0.655876 -0.268276 -0.267128 4993 4995 4999 5000 5001 5005 5007 5008 5009 5011 5013 5015 5016 5017 4945 4947 4950 4951 4952 4953 4957 4959 4960 4961 4962 5219 4965 4967 4968 4969 5231 5233 5234 5235 5221
228 3.63582 7.46251 8.41144 0.651921 0.655809 -0.269977 -0.268376 4992 4993 4994 4995 4999 5001 5002 5005 5007 5008 5009 5013 5015 5016 5017 5239 4951 4953 5221 5219 5220 4965 4967 4968 4969 5229 5231 5233 5234 5235 5225 5241 5242 5243
232 3.64181 8.45226 8.40553 0.653135 0.653846 -0.270239 -0.269945 4993 4995 4998 4999 5001 5005 5007 5008 5009 5010 5267 5013 5015 5016 5017 5279 5281 5282 5283 5219 5221 5225 5226 5227 5231 5233 5234 5235 5237 5239 5241 5242 5243 5269
234 3.63509 9.44858 8.4122 0.65413 0.653703 -0.268972 -0.269148 4999 5001 5267 5268 5013 5015 5016 5017 5275 5277 5279 5281 5282 5283 5287 5289 5290 5291 5218 5219 5221 5225 5227 5228 5231 5233 5234 5235 5239 5241 5242 5243 5273 5269
238 3.65411 10.4524 8.39318 0.652331 0.653076 -0.272144 -0.271834 5267 5269 5273 5274 5275 5279 5281 5282 5283 5285 5287 5289 5290 5291 5338 5340 5352 5219 5221 5350 5224 5225 5354 5227 5353 5231 5233 5234 5235 5236 5239 5241 5242 5243
240 3.64253 11.4486 8.40481 0.653659 0.653231 -0.270114 -0.270291 5266 5267 5269 5273 5275 5276 5279 5281 5282 5283 5287 5289 5290 5291 5338 5339 5340 5344 5348 5350 5352 5225 5354 5227 5353 5358 5360 5361 5362 5239 5241 5242 5243
236 1.67266 11.4279 9.05212 0.700131 0.686792 -0.136747 -0.139403 5264 5265 5267 5269 5270 5271 5273 5275 5282 5283 5361 5290 5291 2490 2491 2496 2377 2379 5335 5336 5338 5340 5341 5344 2427 5223 5353 5354 5227 2417 2419 2420 2421 2423 2426 5243
247 1.58803 14.5002 9.08535 0.678885 0.711702 -0.130638 -0.124614 5387 5388 5390 5392 5393 5394 5396 5398 5406 5408 5415 5416 2618 2491 2621 2496 2497 5714 5717 5336 5340 5341 5342 5344 5346 5732 5354 2539 2540 2542 2544 2545 2546 5363
249 3.65339 14.47 8.39382 0.649657 0.655816 -0.273172 -0.270607 5396 5397 5398 5402 5404 5405 5406 5407 5408 5410 5412 5414 5415 5416 5731 5717 5337 5338 5340 5344 5729 5347 5732 5350 5352 5353 5354 5355 5356 5358 5360 5361 5362 5363
248 4.26531 14.517 6.49725 0.585467 0.599959 -0.390221 -0.380796 5376 5383 5384 5386 5401 5402 5403 5404 5405 5407 5411 5412 5413 5414 5415 5416 5700 5323 5324 5331 5332 5333 5334 5728 5729 5732 5351 5352 5354 5357 5358 5359 5360 5361 5362 5373 5374 5375
246 3.64789 13.4331 8.39938 0.655684 0.650503 -0.269962 -0.272112 5396 5398 5399 5400 5402 5275 5404 5405 5406 5407 5408 5410 5412 5414 5287 5416 5289 5290 5291 5337 5338 5340 5344 5347 5350 5352 5353 5354 5415 5358 5360 5361 5362 5363
244 3.63426 12.4432 8.41301 0.655017 0.652917 -0.268503 -0.269367 5267 5269 5272 5273 5402 5275 5404 5405 5406 5279 5281 5282 5283 5284 5287 5289 5290 5291 5407 5338 5340 5344 5350 5352 5353 5354 5356 5358 5360 5361 5362 5363
239 4.25059 11.5512 6.5276 0.583743 0.605824 -0.389272 -0.375084 5250 5251 5252 5253 5260 5261 5262 5263 5278 5279 5280 5281 5282 5283 5286 5287 5288 5289 5290 5291 5321 5322 5324 5332 5212 5214 5215 5349 5350 5351 5352 5353 5354 5357 5358 5361 5240 5241 5243
231 4.26257 8.47661 6.50496 0.590404 0.596179 -0.386571 -0.382827 5250 5251 5006 5007 5009 5012 5013 5014 5015 5016 5017 5278 5279 5282 5234 5235 5202 5203 5204 5205 5212 5213 5214 5215 5243 5230 5231 5232 5233 4978 4979 5242 5238 5239 5240 5241 4986 4987 4988 4989
225 4.26568 6.57926 6.49138 0.578224 0.606136 -0.395162 -0.376966 5004 5005 5006 5007 5008 5009 5012 5013 5014 5015 5016 5017 5234 4931 4933 4934 4938 4939 4940 4941 5203 4958 4959 4961 4964 4965 4966 4967 4968 4969 5230 5231 4976 4977 4978 4979 4987 4989
219 4.291 4.49963 6.43849 0.583306 0.593871 -0.395337 -0.388304 5004 5005 5008 4931 4966 4934 4802 4803 4932 4806 4807 4808 4809 4939 4941 4964 4826 4827 4956 4957 4958 4959 4960 4833 4834 4835 4836 4965 4838 4839 4968 4969 4967 4977 4961
209 4.23905 1.49541 6.55576 0.59184 0.601829 -0.382322 -0.375976 4756 4757 4758 4759 4760 4761 4762 4763 4778 4779 4780 4781 4786 4787 4790 4791 4792 4793 4797 4800 4801 4802 4803 4806 4807 4051 4052 4824 4825 4826 4827 4828 4829 4833 4834 4081 4082
210 3.60368 1.46045 8.44284 0.654209 0.657518 -0.264939 -0.263606 4783 4784 4785 4786 4787 4794 4795 4796 4797 4819 4823 4825 4827 4828 4830 4837 4838 4839 4083 4085 4086 4088
199 4.27124 -1.53688 6.4856 0.590517 0.593353 -0.387721 -0.385868 4756 4757 4003 4004 4005 4006 4007 4008 4778 4779 4025 4026 4035 4036 4037 4038 4043 4044 4045 4046 4047 4048 4049 4050 4051 4052 4067 4068 4069 4070 4075 4076 4079 4080 4081 4082 4087 4088
200 3.63135 -1.53745 8.41586 0.652191 0.656101 -0.269294 -0.26769 4782 4783 4784 4786 4027 4029 4030 4032 4039 4040 4041 4042 4043 4044 4071 4072 4073 4074 4075 4076 4083 4084 4085 4086 4087 4088
198 1.7089 -0.526963 9.03681 0.685797 0.699284 -0.144009 -0.141231 1409 4764 4765 4767 4769 1442 1443 1445 1447 1448 1449 4783 4016 4785 4020 2111 2113 2114 2115 2117 2120 4770 4053 4054 4056 4058 4059 4060 4062 4773 4064 4072 4074 4084 4086
77 -1.64135 -0.535489 9.04539 -0.688746 0.697405 -0.140972 0.139221 1409 1427 1428 1436 1437 1439 1441 1442 1443 1445 1447 1448 1449 4765 4016 2100 2101 4767 2108 2111 2113 2114 2115 2117 4769 2120 4770 4053 4054 4059 4060 4773 4064 4764 1407
75 -3.58618 -0.537395 8.41352 -0.652037 0.655957 -0.269662 0.26805 1424 1425 1426 1427 1428 1432 1435 1436 1437 1440 1441 1445 1447 2095 2097 2099 2100 2101 2103 2105 2108 2109 2111 2112 2113 2117 1393 1394 1396 1397
73 -3.57836 -1.53197 8.42118 -0.651669 0.657296 -0.268814 0.266512 1424 1425 1426 1427 1428 1432 1435 1436 1437 1441 1445 1446 1447 2095 2097 2100 2101 2111 1381 1382 1384 1385 1392 1393 1394 1395 1396 1397
65 -1.61791 -4.53472 9.05515 -0.689004 0.698315 -0.138084 0.136243 1408 3850 3851 3856 3857 1188 1190 4009 4010 4012 4014 4015 4018 1207 1209 1219 1221 1222 1223 1224 1225 1226 1228 1229 1230 3814 1383 1385 1399 1401 1402 1403 1405
57 -3.58948 -6.5348 8.41022 -0.651428 0.656144 -0.270336 0.268393 641 642 644 645 1167 1168 1169 1170 1171 1172 1177 1178 1179 1180 1181 1182 1204 1205 1206 1207 1208 1209 1216 1218 1219 1220
53 -1.5298 -8.55229 9.08983 0.696497 -0.695013 0.126057 -0.126326 3714 643 645 646 647 648 649 650 651 652 653 1170 3715 1172 1183 1184 1185 1186 1187 1189 3719 3718 3663 599 601 3809 3810 3813 633 635
49 -3.57188 -9.54697 8.4276 -0.654415 0.655378 -0.266861 0.266469 640 641 642 643 645 1167 1169 1170 1171 578 579 581 582 588 589 591 592 593 630 631 632 633 634 635
45 -3.57071 -10.5584 8.42872 0.656279 -0.653655 0.265955 -0.267022 640 642 515 516 518 519 643 644 577 578 580 581 582 588 589 590 591 592 593 630 631 632 633 635
41 -1.55085 -12.5453 9.08185 -0.693749 0.696802 -0.129084 0.128518 3586 3587 517 3590 519 521 523 524 525 527 528 529 4628 4629 1450 1451 580 582 3662 3535 594 595 469 598 471 600 505 507 597
162 1.59536 -12.577 9.08288 0.704027 0.686542 -0.12684 -0.130071 3586 3587 3588 3589 3590 3592 521 524 525 529 3603 4628 4629 3613 3615 1450 1451 3593 3659 3660 3661 3662 3535 3664 3537 469 471 600 3673 3675 3601
160 3.57143 -14.6021 8.47281 0.666066 0.649362 -0.256188 -0.262778 3600 3601 3602 3603 3604 3605 3613 3486 3488 3485 3614 3616 3544 3545 3546 3547 3548 3549 3557 3558 3559 3560 3561
164 3.56943 -13.5991 8.47475 0.665729 0.649956 -0.256067 -0.262281 3546 3601 3603 3604 3605 3612 3613 3614 3615 3616 3617 3673 3674 3547 3676 3549 3556 3557 3558 3559 3560 3561
170 3.57904 -11.5704 8.4662 0.660588 0.654092 -0.259273 -0.261848 3616 3617 3684 3685 3687 3688 3689 3730 3677 3733 3602 3603 3731 3605 3673 3675 3676 3613 3614 3615
172 3.58727 -10.6939 8.45378 0.679007 0.633318 -0.253249 -0.271519 3730 3731 3732 3733 3734 3741 3742 3743 3617 3614 3615 3745 3672 3673 3674 3675 3676 3677 3685 3686 3687 3688 3689
178 3.57231 -8.71985 8.46602 0.683949 0.629601 -0.249597 -0.271143 3744 3745 3746 3829 3687 3689 3826 3729 3730 3731 3732 3733 3734 3827 3828 3840 3825 3836 3837 3742 3743
174 1.57264 -8.5758 9.09148 0.704345 0.687259 -0.124095 -0.12718 3714 3715 3716 3717 3718 3719 648 649 3722 652 653 3730 3732 3742 3744 1185 1186 1189 3721 3663 3665 599 601 3809 3810 3811 3812 3813 3815 3825 3827
185 1.58302 -5.52363 9.08758 0.686893 0.704239 -0.128507 -0.125341 3850 3851 3853 3855 3856 3857 3859 3861 3869 3871 1186 1189 1190 3881 3883 4012 1224 1225 1229 1230 4009 3810 3812 3813 3814 3815 3817 1399 1402 3837 3839
188 3.58576 -5.53388 8.4599 0.654369 0.659518 -0.262593 -0.260542 3840 3841 3868 3869 3871 3872 3873 3880 3881 3883 3884 3885 4027 4028 4031 3824 3826 3827 3829 3837 3838 3839
190 3.61381 -4.54123 8.43305 0.65386 0.656624 -0.266372 -0.265251 3841 3869 3870 3871 3872 3873 3880 3881 3882 3883 3884 3885 4027 4028 4030 4031 4032 4039 4040 4041 4043 3836 3838 3839
189 4.29021 -4.59216 6.44068 0.593231 0.584269 -0.388612 -0.394573 3843 3845 3847 3848 3849 3864 3865 3866 3867 3872 4001 4002 4003 3876 3877 3878 3879 3884 3885 4023 4024 4025 4026 4031 4032 4035 4036 3873 4004 4005 3808 4006 3834 3835
183 4.28958 -6.61905 6.4409 0.596079 0.581394 -0.386667 -0.396434 3840 3713 3842 3843 3844 3845 3846 3841 3864 3865 3866 3739 3740 3872 3873 3867 3876 3877 3847 3801 3803 3806 3807 3808 3820 3821 3822 3823 3828 3829 3832 3833 3834 3835
177 4.29611 -8.70678 6.41653 0.603396 0.570246 -0.382879 -0.405137 3712 3713 3725 3726 3727 3728 3733 3734 3737 3738 3739 3740 3745 3746 3829 3657 3800 3801 3802 3803 3805 3806 3682 3683 3820 3821 3822 3823 3828 3701 3703 3832 3833 3711
171 4.31763 -10.5969 6.37279 0.588819 0.579025 -0.395404 -0.402092 3585 3725 3726 3727 3728 3733 3734 3737 3610 3611 3738 3645 3647 3655 3657 3668 3669 3670 3671 3676 3677 3680 3681 3682 3683 3688 3689 3701 3703 3710 3711
169 4.31746 -11.6205 6.37195 0.591196 0.576476 -0.39379 -0.403845 3585 3725 3598 3599 3608 3609 3610 3611 3726 3616 3617 3645 3647 3655 3656 3657 3668 3669 3670 3671 3676 3677 3680 3681 3682 3683 3688 3689 3700 3701 3575 3583
165 4.31601 -12.6359 6.37455 0.592971 0.575028 -0.392408 -0.404653 3585 3596 3597 3598 3599 3604 3605 3608 3609 3610 3611 3616 3617 3645 3646 3647 3654 3655 3529 3668 3669 3670 3671 3676 3677 3680 3681 3554 3555 3573 3575 3583
163 4.32033 -13.6585 6.36143 0.59432 0.571725 -0.392123 -0.40762 3584 3585 3596 3597 3598 3599 3604 3605 3608 3609 3610 3611 3616 3617 3644 3645 3519 3527 3529 3668 3669 3542 3543 3552 3553 3554 3555 3560 3561 3573 3575 3583
159 4.31549 -14.6677 6.37294 0.596117 0.571532 -0.390264 -0.407051 3596 3597 3598 3599 3604 3605 3609 3608 3481 3482 3517 3519 3527 3529 3540 3541 3542 3543 3548 3549 3552 3553 3554 3555 3560 3561 3572 3573 3574 3575 3583 3582 3455
157 4.31629 -15.6696 6.37067 0.596148 0.571168 -0.390355 -0.407428 3596 3469 3470 3479 3480 3481 3482 3487 3488 3573 3517 3519 3526 3527 3528 3529 3597 3540 3541 3542 3543 3548 3549 3552 3553 3554 3555 3560 3561 3572 3445 3453 3455
151 4.30728 -17.7831 6.37536 0.608004 0.559229 -0.381508 -0.414783 3467 3468 3469 3470 3475 3476 3479 3480 3481 3482 3487 3488 3388 3517 3518 3396 3398 3412 3541 3548 3422 3423 3424 3425 3430 3431 3516 3443 3445 3540 3452 3453 3454 3455
147 4.29335 -18.7403 6.41813 0.60696 0.566687 -0.380252 -0.407276 3467 3468 3469 3470 3480 3475 3476 3351 3352 3479 3386 3388 3396 3397 3398 3410 3411 3412 3413 3418 3419 3422 3423 3424 3425 3430 3431 3453 3442 3443 3444 3445 3452 3325 3454
141 4.25343 -20.713 6.5148 0.611432 0.576017 -0.37203 -0.394903 3337 3338 3339 3340 3345 3346 3349 3350 3351 3352 3357 3358 3385 3386 3387 3388 3395 3396 3397 3270 3410 3411 3412 3413 3418 3419 3422 3423 3298 3299 3313 3315 3322 3323 3324 3325
146 3.60266 -19.6225 8.44263 0.667172 0.644334 -0.259664 -0.268868 3343 3472 3473 3346 3475 3353 3354 3355 3356 3357 3358 3471 3415 3416 3417 3418 3419 3344 3426 3427 3428 3429 3430 3431
148 3.58104 -18.6807 8.4605 0.677494 0.635819 -0.253049 -0.269635 3472 3473 3474 3475 3476 3483 3484 3485 3358 3487 3355 3356 3414 3415 3416 3417 3418 3419 3427 3428 3429 3430 3431
150 1.58103 -16.5716 9.08837 0.702708 0.688556 -0.125379 -0.127956 3456 3457 3458 3460 342 3462 3463 3464 3472 3474 3484 3486 3461 288 290 3530 3531 3532 3405 3534 3407 464 465 338 341 470 3545 3547 3536 337 3533
29 -1.53872 -16.551 9.08647 0.69587 -0.695238 0.127238 -0.127354 3456 3457 342 3462 3534 3461 288 290 462 447 449 322 324 3530 3531 332 3405 334 335 464 465 338 467 340 341 470 463 336 337 339
22 -1.54648 -19.5546 9.08352 0.696861 -0.69389 0.127984 -0.128532 3456 3331 3332 270 272 280 282 283 284 285 286 287 288 289 290 3399 3400 3404 3405 335 337 210 212 216 218 219 220 221 222 3327
143 1.43788 -19.5601 9.13825 0.702476 0.694801 -0.108439 -0.109637 3456 3330 3331 3332 3333 3334 3458 3354 3356 285 286 289 290 3399 3400 3401 3403 3404 3405 3406 3407 337 3415 3417 218 221 222 3427 3429 3327
137 1.43924 -21.7329 9.13197 0.763595 0.626177 -0.0999078 -0.121833 3329 3330 3331 3332 3333 3334 3342 3344 3354 3356 285 286 160 163 165 167 168 169 221 3358 3399 3401 3274 3277 3278 3279 3281 3283 3357 214 217 218 3293 222 3300 3301 3418 3326 3327
131 1.5888 -24.3155 8.97903 0.867164 0.444647 -0.102348 -0.199601 3329 3341 3342 3345 147 158 160 161 163 168 3272 61 63 65 70 71 72 73 3274 3275 3277 3278 3279 3281 3283 3291 3292 3293 3297 3299 3300 3301 3188 3326 3196 3197 3198 3199
134 3.38657 -24.1997 8.541 0.76334 0.54221 -0.20336 -0.286297 3200 3329 3202 3205 3341 3342 3345 3272 3275 3276 3277 3281 3282 3283 3289 3291 3292 3293 3297 3299 3300 3301 3186 3189 3191 3194 3197 3198 3199
136 3.54414 -22.9303 8.46577 0.715529 0.59343 -0.235299 -0.283712 3202 3205 3341 3342 3344 3345 3346 3353 3354 3356 3357 3275 3276 3277 3280 3281 3283 3289 3291 3292 3293 3294 3297 3299 3300 3301 3199
135 4.14396 -23.0646 6.64833 0.658854 0.542045 -0.331408 -0.402825 3205 3337 3338 3339 3340 3345 3346 3349 3350 3357 3184 3258 3260 3268 3269 3270 3288 3289 3290 3291 3292 3293 3296 3297 3298 3299 3300 3301 3312 3313 3314 3315 3322 3323 3324
128 4.31525 -26.5645 5.7035 -0.618571 -0.433358 0.376065 0.536792 3200 3201 3202 3204 3205 3257 3258 3138 3277 3150 3151 3153 3283 3285 3288 3289 3292 3293 3171 3172 3173 3174 3281 3179 3180 3183 3184 3186 3189 3191 3198
125 1.84266 -27.5928 7.0381 0.854095 0.251763 -0.128683 -0.436552 3200 3202 3172 3190 70 72 3205 3149 3183 3184 3153 3186 19 21 22 3191 3289 3198 3196 62 3189
2 -1.82447 -27.5302 7.08678 0.855295 -0.263529 0.131362 -0.426342 35 36 54 70 72 60 147 3147 3149 3151 3153 19 53 22 56 3196 59 28 61 63
