1 -5.54897 -26.5882 7.34461 0.715012 -0.441731 0.284802 -0.460997 56
3 -3.04291 -26.9519 8.83666 0.848576 -0.368093 0.151235 -0.348646 7 9 140 142 144 147 21 22 28 160 161 163 53 54 56 58 59 61 63 65 3138 70 71 72 73 3147 3186 19 3188 3196
7 -2.1741 -25.1135 9.71632 0.889575 -0.390124 0.095432 -0.217608 3329 150 7 142 3275 147 148 21 22 152 155 28 158 160 161 163 165 167 168 156 199 3279 200 3292 53 54 201 56 58 59 61 63 65 195 70 71 72 73 202 3147 3277 3278 207 3281 3283 214 217 218 3191 3272 3274 3186 19 3188 169 3327 3196 3197 3198 3199
128 2.3845 -24.5443 9.81404 0.83743 0.502019 -0.111098 -0.185325 3200 3329 3202 3205 3330 3342 3344 3345 3346 147 3291 3289 3274 3354 3357 158 3333 160 161 163 165 167 168 169 3279 3272 3300 3358 61 63 65 70 71 72 73 202 3275 3277 3278 3151 3281 3283 214 216 217 218 219 3292 3293 3297 3299 3172 3301 3186 3188 3189 3191 3326 3327 3196 3197 3198 3199
124 3.27109 -26.955 8.69682 0.83544 0.378984 -0.164423 -0.362458 3200 3202 3205 9 21 3277 65 3138 3272 3274 3147 3149 3151 3153 3289 3172 3186 3188 3189 3191 3196 3198 3199
131 5.60823 -24.9273 7.81474 0.705021 0.506288 -0.28967 -0.403373 3200 3201 3202 3172 3205 3297 3184 3345 3289 3288 3204 3290 3291 3292 3293 3198
137 6.01322 -22.1415 7.40106 0.634436 0.556332 -0.353814 -0.403486 3200 3201 3202 3205 3337 3338 3339 3340 3342 3344 3345 3346 3475 3349 3350 3417 3352 3354 3356 3357 3358 3419 3258 3260 3268 3277 3281 3411 3413 3415 3288 3289 3290 3291 3292 3293 3423 3296 3297 3298 3299 3300 3301 3430 3431 3183 3184 3418
143 6.13306 -19.7815 7.2047 0.602954 0.573431 -0.382225 -0.401904 3337 3338 3339 3340 3469 3342 3344 3345 3346 3475 3476 3349 3350 3351 3352 3354 3356 3357 3358 3487 3488 3419 3479 3484 3486 3427 3260 3424 3480 3467 3268 3270 3425 3468 3410 3411 3412 3413 3415 3417 3290 3291 3548 3293 3422 3423 3296 3297 3298 3299 3300 3429 3430 3431 3474 3545 3313 3470 3315 3472 3418 3482 3541
149 6.16295 -17.9384 7.10499 0.608004 0.559229 -0.381508 -0.414783 3339 3468 3469 3470 3555 3344 3480 3474 3475 3476 3349 3350 3351 3352 3481 3354 3356 3357 3358 3487 3488 3547 3479 3543 3484 3486 3386 3388 3467 3396 3398 3553 3557 3604 3597 3410 3411 3412 3413 3415 3417 3418 3419 3548 3549 3422 3423 3424 3425 3545 3427 3429 3430 3431 3560 3561 3314 3315 3472 3540 3322 3323 3325 3482 3541
157 6.17663 -14.7461 7.10096 0.596117 0.571532 -0.390264 -0.407051 3670 3598 3467 3468 3469 3470 3599 3472 3601 3474 3475 3476 3605 3479 3480 3481 3482 3611 3484 3610 3486 3487 3488 3617 3675 3676 3671 3613 3603 3616 3615 3517 3552 3398 3553 3596 3685 3597 3668 3540 3541 3542 3543 3545 3547 3548 3549 3677 3557 3424 3425 3554 3555 3609 3429 3673 3559 3560 3561 3608 3669 3688 3443 3445 3604 3681 3453 3455
201 5.47442 -13.1263 7.67968 -0.548772 -0.488595 0.451066 0.50662 3584 3585 3689 3670 3671 3596 3597 3598 3599 3728 3601 3730 3603 3604 3605 3673 3608 3609 3610 3611 3613 3726 3615 3616 3617 3675 3655 3677 3727 3742 3657 3644 3645 3646 3519 3680 3654 3527 3656 3529 3703 3682 3725 3683 3668 3669 3542 3543 3545 3547 3676 3549 3685 3552 3553 3554 3555 3557 3559 3560 3561 3687 3701 3733 3688 3700 3573 3702 3575 3732 3681 3647 3582 3583
153 2.28646 -15.5331 10.9599 0.692316 0.698995 -0.127304 -0.126087 3456 3457 3458 3587 3460 3461 3462 3463 3464 3593 3673 3589 3586 3472 3601 3474 3475 3476 3605 3545 3588 3484 3613 3486 3487 3488 3617 3547 3590 3676 1450 1451 3592 3535 3615 3616 3531 3400 3532 3530 3403 3404 3405 3406 3407 3536 3537 3534 3417 3419 3548 3549 3557 3660 3427 3429 3430 3431 3560 3561 3559 4628 3603 3604 3533
141 2.04729 -19.5668 11.0431 0.702476 0.694801 -0.108439 -0.109637 3456 3329 3330 3331 3332 3333 3334 3457 3461 3458 3342 3344 3345 3346 3475 3406 3417 3460 3354 3486 3356 285 286 3419 3488 289 290 163 3462 168 169 3463 221 3464 3358 3484 3487 3548 3530 3399 3400 3401 3274 3403 3404 3277 3278 3279 3281 338 3283 3357 341 3415 217 218 3407 3532 3293 222 3472 3545 3427 3300 3429 3430 337 3431 3474 3405 3476 3418 3326 3327
27 -2.24706 -16.5517 10.9568 0.69587 -0.695238 0.127238 -0.127354 514 470 521 267 268 525 270 527 272 529 277 278 280 282 283 284 285 286 287 288 289 290 517 457 462 444 445 319 320 449 322 505 324 456 329 330 459 332 461 334 335 208 337 338 339 212 341 342 471 463 220 222 523 336 507 465 467 464 502 503 340 447 524 469
10 -6.09891 -21.7918 7.171 0.602076 -0.571412 0.383895 -0.404496 133 263 264 265 266 267 140 141 142 272 273 274 147 148 149 150 151 152 282 155 156 278 36 54 56 316 319 194 195 196 197 199 200 268 202 203 204 205 206 207 208 210 212 270 280 322 276 123 125 277
16 -6.12729 -19.5503 7.11604 0.584618 -0.58458 0.397786 -0.397812 278 263 264 265 266 267 268 141 142 272 273 274 275 148 149 150 151 152 324 282 155 156 325 327 330 334 439 440 315 316 317 318 319 320 194 195 196 197 326 199 328 329 202 203 204 205 206 207 208 210 212 270 280 444 332 276 447 322 277
76 -5.37737 -13.3371 7.88042 -0.569531 0.48537 -0.430279 0.504887 514 515 517 519 631 578 577 635 627 580 618 422 424 553 554 556 626 432 584 434 563 564 566 585 441 442 571 572 445 574 447 449 450 451 452 453 582 583 456 457 586 459 588 461 589 593 609 633 608 643 591 479 480 481 610 611 488 489 490 491 630 573 496 497 498 499 628 629 502 503 505 507 508 509 510 511
46 -6.13902 -9.54646 7.08602 -0.583089 0.583538 -0.399835 0.399528 640 641 514 515 517 519 1163 1164 1165 1166 1167 1168 1170 643 1172 1173 1174 1175 1176 1177 1178 1180 1182 645 1129 626 1199 1200 627 1204 1207 571 572 573 574 577 578 580 582 583 584 585 586 631 588 589 591 593 1107 1109 1112 1113 638 635 1105 639 636 637 498 499 628 629 630 503 633 507 508 509 510 511
54 -6.12342 -6.52641 7.12567 -0.583521 0.586496 -0.398203 0.396182 640 641 643 645 1381 1322 1163 1164 1165 1166 1167 1168 1170 1172 1173 1174 1175 1176 1177 1178 1307 1180 1386 1182 1387 810 811 1383 1138 1199 1200 1201 1202 1395 1204 1205 1207 1209 1210 1211 1212 1213 1216 1217 1219 1221 1305 585 586 1143 589 593 1109 1112 1113 1117 1374 1375 1376 1377 1380 1125 1126 1105 1128 1385 1130 1127 1135 1392 626 627 628 629 630 631 633 635 636 637 638 639
58 -6.10666 -5.5213 7.16726 -0.584961 0.588604 -0.39579 0.393341 1105 1107 1109 1112 1113 1117 1125 1126 1127 1128 1130 1135 1136 628 629 631 635 636 637 638 639 640 641 643 645 1163 1164 1165 1166 1167 1168 1170 1172 1173 1174 1175 1176 1177 1178 1180 1182 1199 1200 1201 1202 1204 1205 1207 1209 1210 1211 1212 1213 1216 1217 1219 1221 810 811 1305 1306 1307 1308 1314 1316 1322 1323 1329 1374 1375 1376 1377 1380 1381 1383 1385 1386 1387 1388 1389 1392 1393 1395 1397 1418 1419 1427 1006 1007
60 -6.09624 -4.52976 7.19274 -0.586578 0.589159 -0.393811 0.392086 1105 1112 1113 1116 1117 1125 1126 1127 1128 1135 1136 1143 1144 1145 1146 638 639 641 645 1163 1164 1165 1166 1167 1168 1170 1172 1173 1174 1175 1176 1177 1178 1180 1182 1199 1200 1201 1202 1204 1205 1207 1209 1210 1211 1212 1213 1216 1217 1219 1221 1322 811 1305 1306 1307 1308 1314 1315 1316 1317 810 1323 1329 1330 1341 1342 1357 1359 1362 1364 1374 1375 1376 1377 1380 1381 1383 1385 1386 1387 1388 1389 1392 1393 1395 1397 1418 1419 1420 1421 1424 1425 1427 1429 1430 1006 1007 1016 1017
66 -6.09848 -2.54702 7.18743 -0.587451 0.587836 -0.393416 0.393158 2048 2050 2055 2057 2059 2060 2061 2063 2066 2068 1050 1051 2094 2095 2096 2097 2100 2101 2102 2103 2108 1117 1125 1126 1127 1128 1135 1136 1143 1144 1175 1176 1178 1182 1199 1200 1201 1202 1204 1205 1207 1209 1210 1211 1212 1213 1216 1217 1219 1221 1322 811 1305 1306 1307 1308 1314 1315 1316 1317 810 1323 1329 1330 1331 1332 1340 1341 1342 1346 1348 1350 1354 1357 1359 1360 1361 1362 1364 1365 1374 1375 1376 1377 1380 1381 1383 1385 1386 1387 1388 1389 1392 1393 1395 1397 1418 1419 1420 1421 1424 1425 1427 1429 1430 1431 1432 1435 1006 1007 1016 1017 2045
70 -6.08124 -1.51736 7.22842 -0.58729 0.591473 -0.392056 0.389284 2048 2050 2054 2055 2057 2058 2060 2061 2063 2065 2067 2068 2069 1050 1051 2077 2080 2094 2095 2096 2097 2100 2101 2102 2103 2104 2105 2108 2109 2133 2134 2139 1126 1127 1128 1143 2074 1201 1202 1205 1209 1210 1211 1212 1213 1216 1217 1219 1221 1305 1306 1307 1308 1314 1315 1316 1317 1322 1323 1325 1329 1330 1340 1341 1342 1344 1346 1348 1350 1354 1356 1357 1358 1359 1360 1361 1362 1363 1364 1365 1374 1375 1376 1377 1380 1381 1383 1385 1386 1387 1388 1389 1392 1393 1395 1397 1418 1419 1420 1421 1424 1425 1427 1429 1430 1431 1432 1435 1437 1006 1007 1016 1017 2045 2047
72 -6.06882 -0.538111 7.25778 -0.589862 0.591396 -0.389294 0.388284 2048 2050 2054 2055 2057 2060 2061 2063 2065 2066 2067 2068 2069 2070 2072 2073 1050 2075 2077 2079 2080 2081 2083 2094 2095 2096 2097 2100 2101 2102 2103 2104 2105 2108 2109 2133 2134 2135 2136 2139 2140 2141 2142 2147 2074 1051 1212 1213 1217 1221 1306 1307 1308 1314 1315 1316 1317 1322 1324 1329 1330 1332 1340 1341 1342 1344 1346 1348 1350 1354 1357 1359 1360 1361 1364 1365 1374 1375 1376 1377 1380 1381 1383 1385 1386 1387 1388 1389 1392 1393 1395 1397 1418 1419 1420 1421 1424 1425 1427 1429 1430 1431 1432 1435 1437 1016 1017 2045 2047
80 -6.06151 1.44998 7.27471 -0.591344 0.591347 -0.387701 0.387698 2048 2050 2052 2053 2054 2055 2057 2060 2061 2063 2065 2068 2069 2070 2071 2072 2073 2074 2075 2080 2081 2094 2095 2096 2097 2100 2101 2102 2103 2104 2105 2108 2109 2133 2134 2135 2136 2139 2140 2141 2142 2143 2144 2147 2148 2207 2212 2233 2234 2235 2236 2239 2240 2241 2242 2247 1336 1340 1342 1344 1346 1348 1350 1352 1354 1357 1358 1359 1360 1361 1364 1365 1388 1389 1393 1397 1418 1419 1420 1421 1424 1425 1427 1429 1430 1431 1432 1435 1437 2045 2047
86 -6.0708 3.45161 7.25321 -0.590329 0.590542 -0.389153 0.389013 2048 2050 2051 2052 2053 2054 2055 2057 2071 2060 2061 2062 2063 2065 2068 2069 2070 1431 1432 2073 2074 2075 1437 2207 2080 2081 2212 2213 2289 2094 2095 2096 2097 2100 2101 2102 2103 2104 2105 2234 2235 2108 2109 2133 2239 2240 2241 2242 2243 2244 2247 2248 1361 1365 2134 2135 2136 2139 2140 2141 2142 2143 2144 2147 2148 2280 2236 2282 2283 2286 2287 2288 2072 2294 2281 2233 2047
90 -6.07272 4.45807 7.2487 -0.589723 0.590766 -0.389716 0.389029 2052 2053 2054 2057 2061 2063 2065 2068 2069 2070 2071 2072 2073 2074 2075 2207 2080 2081 2211 2212 2213 2215 2217 2353 2247 2352 2096 2097 2101 2102 2103 2104 2105 2234 2235 2108 2109 2239 2240 2241 2242 2243 2244 2358 2209 2248 2295 2133 2134 2135 2136 2139 2140 2141 2142 2143 2144 2147 2148 2280 2236 2282 2283 2286 2287 2288 2289 2290 2291 2294 2281 2233
96 -6.03361 6.45677 7.33768 -0.593557 0.594446 -0.383904 0.38333 2362 2400 2075 2207 2363 2081 2212 2213 2352 2353 2354 2355 2358 2359 2360 2233 2234 2235 2236 2366 2239 2240 2241 2242 2243 2244 2247 2248 2135 2136 2140 2141 2142 2143 2144 2401 2147 2148 2406 2280 2281 2282 2283 2286 2287 2288 2289 2290 2291 2294 2295 2367 2361
87 -5.0126 3.43823 9.8156 0.654331 -0.652165 0.270228 -0.271126 1905 1059 1907 1913
88 -2.39715 2.4626 10.8972 -0.69112 0.695686 -0.138972 0.13806 1425 1428 2286 1435 1436 1437 1441 1443 1445 1447 1448 1449 2247 2248 2100 2101 2108 2109 2111 2240 2113 2114 2115 2117 2119 2120 2121 2250 2252 2253 2254 2256 2258 2259 2260 2139 2140 2147 2148 2150 2152 2153 2154 2156 2158 2159 2160 2297 2239 2300
101 -2.42215 7.4647 10.8867 -0.690399 0.695649 -0.140927 0.139864 2305 2306 2307 2286 2423 2375 2367 2414 2358 2359 2378 2366 2239 2240 2369 2371 2372 2373 2247 2248 2377 2250 2379 2252 2253 2254 2256 2258 2259 2260 2148 2406 2407 2158 2287 2160 2417 2419 2420 2421 2294 2295 2297 2426 2299 2300 2301 2303
221 2.39356 6.48511 10.918 0.687602 0.700652 -0.135964 -0.133432 4993 4995 4996 4997 4999 5001 5264 5008 5009 5243 5016 5017 4817 5222 5282 5235 5227 5216 5217 4811 4942 4815 4816 4945 4819 4948 4821 4951 4953 4943 4830 5221 4960 4961 5219 5267 4837 4838 4839 4968 4969 5223 5234 4947 5225 5242 4991 4990 4949
203 2.48091 0.505977 10.8816 0.682862 0.702688 -0.143304 -0.139261 4783 4764 4765 4945 4767 4769 4770 4771 4773 4775 4010 4786 4014 4015 4016 4785 4018 4787 4020 4830 4795 4797 4030 4032 4960 4811 4040 4042 4043 4044 4813 4942 4815 4816 4817 4819 4053 4054 4056 4058 4059 4060 4062 4064 4838 4839 4072 4074 4075 4076 4810 4084 4086 4087 4088 4821
74 -2.39427 -1.5327 10.8984 -0.690308 0.696577 -0.138927 0.137676 1408 1409 2113 1424 1425 1427 1428 2153 1435 1436 1437 1439 1441 1442 1443 1445 1447 1448 1449 2119 2115 2100 1205 2121 1209 2108 2109 2101 1216 1217 2114 1219 1221 1223 2120 1225 1226 1228 1229 1230 2111 2139 2117 1380 1381 2150 1383 1385 1392 1393 1395 1397 1399 1401 1402 1403 1405 1407
51 -2.23219 -8.55379 10.9624 0.696497 -0.695013 0.126057 -0.126326 640 641 515 645 646 519 648 649 650 651 652 653 1167 528 1170 643 1172 4629 1177 1178 1180 1182 1183 1184 1185 1186 1187 1188 1189 1190 647 1229 1204 1205 1207 1209 1451 1216 577 578 1219 580 582 1223 1224 1225 1226 588 589 591 593 594 595 597 598 599 600 601 1222 1168 4628 630 631 633 635
177 2.24922 -7.4896 10.9734 0.683854 0.70823 -0.126156 -0.121814 3840 3841 3714 3715 3716 3717 3718 3719 3721 3722 3851 3853 4012 3855 3856 3857 3730 3859 3732 3733 3734 4009 3869 3742 3871 3744 3745 3746 3881 3883 3884 3885 3663 4028 3850 4031 3872 3873 3861 1225 3659 1229 1230 3661 3664 3665 3662 3675 3677 3813 3809 3810 3811 3812 3685 3814 3687 3688 3689 3815 3825 3827 3828 3829 3817 1402 3837 3839
180 4.95709 -7.72558 9.91156 0.673473 0.63992 -0.254897 -0.268262 3744 3745 3746 3685 3687 3688 3689 4428 3825 3730 3827 3732 3733 3734 4279 4280 4281 3675 3677 3742
175 6.14433 -8.81127 7.1736 0.603396 0.570246 -0.382879 -0.405137 3840 3585 3905 3841 3725 3726 3727 3728 3730 3732 3733 3734 3865 3737 3610 3611 3740 3738 3742 3615 3744 3745 3746 3739 3877 3867 3881 3873 3884 3869 3901 3829 3892 3893 3871 3645 3647 3904 3872 3655 3657 3914 3915 3916 3668 3669 3670 3671 3673 3675 3676 3677 3680 3681 3682 3683 3685 3687 3688 3689 3820 3821 3822 3823 3825 3827 3828 3701 3832 3833 3834 3835 3837 3839
181 6.13346 -6.66505 7.21421 0.596079 0.581394 -0.386667 -0.396434 4096 4107 4108 4109 3657 3682 3683 3687 3701 3703 3725 3726 3727 3728 3730 3732 3733 3734 3737 3738 3739 3740 3742 3744 3745 3746 4279 4280 3820 3821 3822 3823 3825 3827 3828 3829 3832 3833 3834 3835 3837 3839 3840 3841 3864 3865 3866 3867 3869 3871 3872 3873 3876 3877 3878 3879 3881 3883 3884 3885 3888 3892 3893 3894 3904 3905 3910 3916 3924 3925 3926 3927 4023 4024 4025 4026 4028 4030 4031 4032 4035 4036 4040 4043 4093 4095
185 6.15642 -5.63615 7.16007 0.591903 0.581004 -0.391335 -0.398675 4096 4102 4107 4108 4109 4110 4116 4118 3703 3711 3727 3728 3732 3737 3738 3739 3740 3742 3744 3745 3746 4279 4280 3820 3821 3822 3823 3825 3827 3828 3829 3832 3833 3834 3835 3837 3839 3840 3841 3864 3865 3866 3867 3869 3871 3872 3873 3876 3877 3878 3879 3881 3883 3884 3885 3888 3892 3893 3904 3905 3912 3913 3916 4429 3924 3925 3926 3927 4023 4024 4025 4026 4028 4030 4031 4032 4035 4036 4037 4038 4040 4428 4042 4043 4044 4067 4068 4072 4075 4095
187 6.13451 -4.62023 7.21385 0.593231 0.584269 -0.388612 -0.394573 4096 4099 4438 4102 4107 4108 4109 4110 4116 4117 4118 4119 4127 4131 4133 4143 4144 3739 3740 3744 4279 4280 4439 3820 3821 3822 3823 3825 3827 3828 3829 3832 3833 3834 3835 3837 3839 3840 3841 3864 3865 3866 3867 3869 3871 3872 3873 3876 3877 3878 3879 3881 3883 3884 3885 3891 3893 3899 3904 3905 3910 3911 3912 3913 3915 3916 4429 3924 3925 3926 3927 4023 4024 4025 4026 4028 4030 4031 4032 4035 4036 4037 4038 4040 4428 4042 4043 4044 4067 4068 4069 4070 4072 4074 4075 4076 4079 4080 4084 4087 4095
193 6.12946 -2.52945 7.227 0.588006 0.590641 -0.391636 -0.389889 4096 4099 4100 4101 4102 4859 4107 4108 4109 4110 4116 4117 4118 4119 4121 4125 4127 4128 4129 4131 4132 4133 4134 4138 4143 4144 4146 4148 4152 4791 4438 4778 4779 4780 4781 4783 4785 4786 4787 4790 4279 4280 4795 4439 4841 4842 4843 4844 4845 4846 4850 4853 4855 4857 3834 3835 3839 3841 3864 3865 3866 3867 3869 3871 3872 3873 3876 3877 3878 3879 3881 3883 3884 3885 3902 3904 3905 3912 3913 3916 4429 3924 3925 3926 3927 4468 4469 4023 4024 4025 4026 4028 4030 4031 4032 4035 4036 4037 4038 4040 4428 4042 4043 4044 4067 4068 4069 4070 4072 4074 4075 4076 4079 4080 4081 4082 4084 4086 4087 4088 4095
197 6.10289 -1.52811 7.28871 0.590517 0.593353 -0.387721 -0.385868 4096 4101 4102 4107 4108 4109 4110 4116 4117 4118 4119 4125 4127 4128 4131 4132 4133 4134 4138 4786 4143 4144 4146 4148 4150 4152 4778 4779 4780 4781 4783 4785 3927 4787 4790 4791 4792 4793 4795 4797 4824 4825 4842 4843 4844 4845 4850 4852 4853 4854 4855 4857 4859 4861 4863 4871 4873 3866 3867 3871 3873 3876 3877 3878 3879 3881 3883 3884 3885 3903 3911 3912 3913 4428 4429 3925 4438 4439 4468 4469 4023 4024 4025 4026 4028 4030 4031 4032 4035 4036 4037 4038 4040 4042 4043 4044 4067 4068 4069 4070 4072 4074 4075 4076 4079 4080 4081 4082 4084 4086 4087 4088 4094 4095
207 6.04924 1.52571 7.40565 0.59184 0.601829 -0.382322 -0.375976 4123 4125 4126 4127 4128 4131 4132 4133 4134 4138 4142 4143 4146 4148 4150 4152 4754 4778 4779 4780 4781 4783 4785 4786 4787 4790 4791 4792 4793 4795 4797 4824 4825 4826 4827 4828 4829 4830 4833 4834 4835 4836 4839 4842 4843 4844 4845 4850 4852 4853 4854 4855 4857 4859 4861 4863 4865 4871 4872 4873 4874 4879 4880 4881 4882 4956 4957 4958 4959 4960 4961 4964 4965 4968 4473 4475 5026 4037 4038 4042 4044 5077 4067 4068 4069 4070 4072 4074 4075 4076 4079 4080 4081 4082 4084 4086 4087 4088
211 6.10737 2.5593 7.27558 0.584288 0.598393 -0.392238 -0.382993 4125 4127 4131 4132 4133 4134 4146 4148 4152 4754 4778 4779 4780 4781 4783 4785 4786 4787 4790 4791 4792 4793 4795 4797 4824 4825 4826 4827 4828 4829 4830 4833 4834 4835 4836 4838 4839 4842 4843 4844 4845 4850 4852 4853 4854 4855 4857 4859 4861 4863 4865 4870 4871 4872 4873 4874 4876 4878 4879 4880 4881 4882 4941 4956 4957 4958 4959 4960 4961 4964 4965 4966 4967 4968 4969 4977 5004 5005 5008 5019 5021 5023 5025 5026 5027 5077 5079 4069 4070 4074 4076 4079 4080 4081 4082 4084 4086 4087 4088
213 6.11837 3.63249 7.24468 0.578244 0.601673 -0.397289 -0.381819 4132 4134 4754 4778 4779 4780 4781 4783 4785 4786 4787 4790 4791 4792 4793 4795 4797 4824 4825 4826 4827 4828 4829 4830 4833 4834 4835 4836 4838 4839 4842 4843 4844 4845 4850 4852 4853 4854 4855 4857 4861 4863 4864 4865 4871 4872 4873 4874 4878 4879 4880 4881 4882 4941 4956 4957 4958 4959 4960 4961 4964 4965 4966 4967 4968 4969 4977 4979 4987 5004 5005 5006 5007 5008 5009 5012 5013 5016 5019 5021 5023 5025 5026 5027 5085 4082 4086 4088
223 6.09362 6.66547 7.29836 0.578224 0.606136 -0.395162 -0.376966 5251 4872 4874 5004 5005 5006 5007 5008 5009 4754 4755 5012 5013 5014 5015 5016 5017 5278 5279 5026 5027 5213 4830 5215 5282 5203 5205 4964 4827 4956 4957 4958 4959 4834 4835 4836 4965 4966 4839 4968 4969 4967 5230 5231 5232 5233 5234 5235 5238 5239 5240 5241 5242 5243
225 6.09984 7.58304 7.29137 0.58338 0.600593 -0.392203 -0.380962 5251 5253 5004 5005 5006 5007 5008 5009 5012 5013 5014 5015 5016 5017 5278 5279 5280 5281 5026 5027 5286 5287 5290 5282 5261 5283 4964 4956 4957 4958 4959 4835 4836 4965 4966 4967 4968 4969 5230 5231 5232 5233 5234 5235 5238 5239 5240 5241 5242 5243
237 6.06847 11.6187 7.35871 0.583743 0.605824 -0.389272 -0.375084 5376 5384 5358 5015 5401 5402 5359 5404 5405 5278 5279 5280 5281 5282 5283 5412 5286 5287 5288 5289 5290 5291 5406 5407 5408 5415 5360 5411 5403 5349 5350 5351 5352 5353 5354 5361 5357 5230 5231 5232 5233 5362 5363 5238 5239 5240 5241 5242 5243 5374
241 6.08269 12.5591 7.33137 0.586585 0.600802 -0.388598 -0.379402 5414 5401 5402 5403 5404 5405 5278 5279 5280 5281 5282 5283 5412 5413 5286 5287 5288 5289 5290 5291 5406 5407 5408 5700 5415 5360 5411 5416 5728 5729 5732 5349 5350 5351 5352 5353 5354 5361 5357 5358 5359 5232 5233 5362 5363 5238 5239 5240 5241 5242 5243
246 6.09301 14.5617 7.30814 0.585467 0.599959 -0.390221 -0.380796 5761 5739 5733 5736 5401 5402 5403 5404 5405 5406 5407 5280 5281 5411 5412 5413 5286 5287 5288 5289 5290 5291 5789 5414 5790 5408 5793 5416 5728 5729 5730 5731 5732 5349 5350 5351 5352 5353 5354 5415 5740 5357 5358 5359 5360 5361 5362 5363 5737 5738 5741
247 5.07314 14.4834 9.80241 0.649657 0.655816 -0.273172 -0.270607 5408 6191
245 2.29753 14.5337 10.955 0.678885 0.711702 -0.130638 -0.124614 5398 5387 5388 5390 5392 5265 5394 5396 5269 5270 5271 5719 5273 5275 5406 5408 5793 2980 2981 5415 5416 6188 6189 5725 5777 2622 5714 5715 5717 5335 5336 5338 5723 5340 5341 5342 5344 5346 5732 5733 5393 5354 5740 5741 5361 5363
122 -2.29393 14.4843 10.9387 -0.688306 0.701435 -0.132042 0.12957 2624 2664 6189 2542 2618 2980 2981 2476 2477 6190 2607 2608 6188 2484 2485 2487 2616 2489 2490 2491 2620 2493 2622 2495 2496 2497 2626 2615 2525 2526 2533 2534 2407 2536 2538 2539 2540 2414 2415 2544 2545 2546 2419 2676 2421 2423 2425 2426 2427 2621
121 -5.01372 14.4812 9.81435 -0.65031 0.65608 -0.271985 0.269593 2983
120 -6.0539 14.4689 7.29202 -0.590849 0.593302 -0.387381 0.38578 2604 2609 2607 2608 2470 2471 2472 2473 2602 2603 2476 2477 2478 2479 2480 2481 2610 2611 2484 2485 2615 2616 2612 2530 2659 2658 2519 2520 2521 2522 2525 2526 2527 2528 2529 2402 2403 2533 2534 2407 2408 2409 2410 2411 2414 2415 2664 2601
