0 -4.60641 -27.6009 6.69377 -0.723673 0.391029 -0.270338 0.500311 6 7 8 9 10 11 17 19 23 24 26 27 28 29 30 35 36 38 53 54 55 56 57 58 59 61 63 70 71 147
1 -4.73442 -26.1805 6.93188 0.715012 -0.441731 0.284802 -0.460997 6 7 8 9 10 11 140 141 142 17 19 148 149 150 24 25 26 27 28 29 30 32 35 36 37 38 156 199 155 53 54 55 56 58 59 61 63 160 70 71 165 147 116 122 123 124 125
2 -2.27388 -28.1903 7.68873 0.855295 -0.263529 0.131362 -0.426342 7 9 147 21 22 28 30 160 163 36 53 54 56 59 60 61 63 3138 70 72 3147 3149 3151 3153 3185 19 3196 3198
125 2.28229 -28.2737 7.62383 0.854095 0.251763 -0.128683 -0.436552 3200 3202 3205 9 19 21 22 3277 59 62 63 3138 70 72 3274 3147 3149 3151 3153 3289 3162 3172 3174 3184 3186 3189 3190 3191 3196 3198
126 2.72162 -26.474 8.01364 0.83544 0.378984 -0.164423 -0.362458 3200 3202 3205 9 3342 3345 19 21 22 160 163 3277 63 65 3138 3274 3147 3149 3151 3153 3288 3289 3172 3185 3186 3188 3189 3191 3198
129 4.82593 -26.2476 6.7689 0.706977 0.431487 -0.291926 -0.478312 3200 3201 3202 3204 3205 3342 3345 3300 3296 3254 3255 3257 3258 3259 3260 3137 3138 3268 3142 3143 3277 3150 3151 3153 3154 3288 3289 3290 3291 3292 3293 3167 3168 3169 3170 3171 3172 3173 3174 3175 3176 3281 3179 3180 3183 3184 3186 3189 3191 3198
132 1.88868 -23.1707 9.98927 0.825343 0.531369 -0.103359 -0.160542 3329 3330 3331 3332 3205 3334 3344 3419 270 272 3345 3346 147 3291 3289 3354 283 3356 285 158 3333 160 161 163 165 167 168 169 3399 3279 3293 3272 3292 3358 3401 3274 63 3403 70 71 72 73 202 3275 3277 3278 3151 3417 3281 210 3283 212 3342 214 3415 216 217 218 219 220 221 222 3400 3297 3299 3300 3301 3357 3418 3186 3326 3327 3196 3197 3198 3199
140 4.29945 -21.8351 9.14699 0.687728 0.620717 -0.252251 -0.279483 3202 3205 3415 3341 3342 3343 3344 3345 3346 3417 3354 3355 3356 3357 3358 3419 3427 3276 3277 3280 3281 3282 3283 3414 3287 3416 3289 3418 3291 3292 3293 3294 3297 3426 3299 3300 3301 3430 3431 3191 3198
146 4.29562 -19.6466 9.1632 0.667172 0.644334 -0.259664 -0.268868 3427 3341 3342 3343 3344 3345 3346 3475 3476 3353 3354 3355 3356 3357 3358 3487 3488 3483 3428 3485 3471 3484 3280 3281 3472 3283 3415 3416 3417 3418 3419 3294 3429 3297 3426 3299 3300 3301 3430 3431 3474 3473
145 5.2112 -19.7352 6.81994 0.602954 0.573431 -0.382225 -0.401904 3265 3266 3267 3268 3269 3270 3281 3298 3299 3310 3311 3312 3313 3314 3315 3320 3321 3322 3323 3324 3325 3337 3338 3339 3340 3342 3344 3345 3346 3349 3350 3351 3352 3354 3356 3357 3358 3383 3384 3385 3386 3387 3388 3393 3394 3395 3396 3397 3398 3410 3411 3412 3413 3415 3417 3418 3419 3422 3423 3424 3425 3427 3429 3430 3431 3440 3441 3442 3443 3444 3445 3450 3451 3452 3453 3454 3455 3467 3468 3469 3470 3472 3474 3475 3476 3479 3480 3481 3484 3486 3487 3514
151 5.23511 -17.8608 6.74017 0.608004 0.559229 -0.381508 -0.414783 3320 3321 3322 3324 3325 3351 3352 3356 3358 3383 3384 3385 3386 3387 3388 3393 3394 3395 3396 3397 3398 3410 3411 3412 3413 3415 3417 3418 3419 3422 3423 3424 3425 3427 3429 3430 3431 3440 3441 3442 3443 3444 3445 3450 3451 3452 3453 3454 3455 3467 3468 3469 3470 3472 3474 3475 3476 3479 3480 3481 3482 3484 3486 3487 3488 3514 3515 3516 3517 3518 3519 3524 3525 3526 3527 3528 3529 3540 3541 3542 3543 3545 3547 3548 3549 3552 3553 3554 3555 3557 3559 3560
155 1.93392 -15.5365 10.0241 0.692316 0.698995 -0.127304 -0.126087 3586 3587 3588 517 3590 519 3592 521 523 524 525 527 528 529 530 3603 3604 3605 3613 3589 3616 3601 459 3533 3534 463 464 3537 280 282 287 288 289 290 322 324 332 3405 334 3407 336 337 335 339 340 341 342 3429 3431 3456 3457 3458 3460 3461 3462 3463 3464 3472 3474 3475 3476 3484 3486 3487 3488 447 449 3530 3531 3532 461 462 3535 3536 465 467 469 470 471 3545 3547 3548 3549 3557 3559 3560 3561 338 505 507
164 4.25131 -13.6155 9.20603 0.665729 0.649956 -0.256067 -0.262281 3674 3601 3603 3604 3605 3673 3483 3612 3613 3486 3487 3488 3617 3675 3676 3677 3684 3614 3615 3616 3672 3544 3545 3546 3547 3548 3549 3685 3556 3557 3558 3559 3560 3561 3686 3688 3689 4628 4629
172 4.2751 -10.7419 9.17806 0.679007 0.633318 -0.253249 -0.271519 4629 3600 3729 3602 3603 3604 3605 3734 3612 3613 3614 3615 3616 3617 3746 3741 3742 3743 3744 3745 3672 3673 3674 3675 3676 3677 3685 3686 3687 3688 3689 3730 4628 3824 3825 3827 3828 3732 3733
169 5.24869 -11.644 6.73563 0.591196 0.576476 -0.39379 -0.403845 3584 3585 3596 3597 3598 3599 3601 3603 3604 3605 3608 3609 3610 3611 3613 3615 3616 3617 3642 3643 3644 3645 3646 3647 3652 3653 3654 3655 3656 3657 3668 3669 3670 3671 3673 3675 3676 3677 3680 3681 3682 3683 3685 3687 3688 3689 3698 3699 3700 3701 3702 3703 4628 3708 3709 3710 3711 3712 3713 3725 3726 3727 3728 3730 3732 3733 3734 3737 3738 3739 3742 3745 3760 3796 3797 4629 3524 3525 3526 3527 3528 3529 3554 3555 3559 3561 3570 3571 3572 3573 3574 3575 3580 3581 3582 3583
171 5.24892 -10.6125 6.73674 0.588819 0.579025 -0.395404 -0.402092 3584 3585 3598 3599 3603 4628 3605 3608 3609 3610 3611 3613 3615 3616 3617 3642 3643 3644 3645 3646 3647 3652 3653 3654 3655 3656 3657 3668 3669 3670 3671 3673 3675 3676 3677 3680 3681 3682 3683 3685 3687 3688 3689 3698 3699 3700 3701 3702 3703 3708 3709 3710 3711 3712 3713 3725 3726 3727 3728 3730 3732 3733 3734 3737 3738 3739 3740 3742 3744 3745 3746 3797 3798 3799 3800 3801 3802 3803 3820 3821 3822 3825 3828 4629 3570 3571 3572 3573 3574 3575 3580 3581 3582 3583
175 5.22876 -9.74451 6.77601 0.601203 0.570474 -0.385164 -0.40591 3584 3585 4628 4629 3610 3611 3615 3617 3642 3643 3644 3645 3646 3647 3652 3653 3654 3655 3656 3657 3668 3669 3670 3671 3673 3675 3676 3677 3680 3681 3682 3683 3685 3687 3688 3689 3698 3699 3700 3701 3702 3703 3708 3709 3710 3711 3712 3713 3725 3726 3727 3728 3730 3732 3733 3734 3737 3738 3739 3740 3742 3744 3745 3746 3796 3797 3799 3800 3801 3802 3803 3804 3806 3808 3820 3821 3822 3823 3825 3827 3828 3829 3832 3833 3834 3837 3839 3840 3888 3890 3893 3580 3581 3582 3583
183 5.21152 -6.64205 6.82755 0.596079 0.581394 -0.386667 -0.396434 3698 3699 3700 3701 3702 3703 3708 3709 3710 3711 3712 3713 3727 3728 3732 3734 3737 3738 3739 3740 3742 3744 3745 3746 3797 3799 3800 3801 3802 3803 3806 3808 3820 3821 3822 3823 3825 3827 3828 3829 3832 3833 3834 3835 3837 3839 3840 3841 3842 3843 3844 3845 3847 3849 3864 3865 3866 3867 3869 3871 3872 3873 3876 3877 3878 3879 3881 3883 3884 3885 3888 3893 3894 3902 3904 3905 3910 3911 3912 3913 3916 3924 3925 3926 4002 4004 4023 4024 4025 4028 4031 4093 4095
189 5.21236 -4.6062 6.82726 0.593231 0.584269 -0.388612 -0.394573 4096 4099 4100 4101 4102 4107 4108 4109 4110 4116 4117 4118 4128 3797 3800 3801 3802 3803 3805 3806 3807 3808 3822 3823 3827 3829 3832 3833 3834 3835 3837 3839 3840 3841 3843 3845 3847 3849 3864 3865 3866 3867 3869 3871 3872 3873 3876 3877 3878 3879 3881 3883 3884 3885 3893 3894 3902 3903 3904 3905 3911 3912 3913 3916 3924 3925 3927 4001 4002 4003 4004 4006 4008 4023 4024 4025 4026 4028 4030 4031 4032 4035 4036 4037 4038 4040 4042 4043 4044 4046 4048 4067 4068 4069 4072 4075 4093 4094 4095
193 5.19704 -3.57983 6.86403 0.593105 0.588315 -0.38708 -0.390231 4096 4099 4101 4102 4107 4108 4110 4116 4117 4118 4119 4126 4127 4128 4131 4133 4143 4144 3805 3806 3808 3834 3835 3839 3841 3843 3845 3846 3847 3848 3849 3864 3865 3866 3867 3869 3871 3872 3873 3876 3877 3878 3879 3881 3883 3884 3885 3894 3902 3903 3904 3905 3910 3911 3912 3913 3916 3924 3925 4002 4004 4005 4006 4007 4008 4023 4024 4025 4026 4028 4030 4031 4032 4035 4036 4037 4038 4040 4042 4043 4044 4046 4048 4050 4052 4067 4068 4069 4070 4072 4074 4075 4076 4079 4080 4081 4084 4087 4093 4094 4095
201 5.16901 -0.563424 6.92776 0.595166 0.592985 -0.382796 -0.384204 4096 4099 4100 4101 4102 4116 4117 4121 4125 4126 4127 4128 4131 4132 4133 4134 4138 4143 4146 4148 4756 4757 4758 4759 4761 4763 4778 4779 4780 4781 4783 4785 4786 4787 4790 4791 4792 4793 4795 4797 4801 4803 4824 4825 4826 4829 4840 4841 4842 4843 4844 4845 4850 4852 4853 4854 4855 4857 4871 4873 4879 4002 4004 4006 4008 4025 4026 4030 4032 4035 4036 4037 4038 4040 4042 4043 4044 4045 4046 4047 4048 4050 4052 4067 4068 4069 4070 4072 4074 4075 4076 4079 4080 4081 4082 4084 4086 4087 4088 4094
209 5.14414 1.51056 6.9807 0.59184 0.601829 -0.382322 -0.375976 4125 4126 4127 4129 4130 4131 4132 4133 4134 4146 4148 4757 4759 4760 4761 4762 4763 4778 4779 4780 4781 4783 4785 4786 4787 4790 4791 4792 4793 4795 4797 4800 4801 4802 4803 4805 4806 4807 4808 4809 4821 4824 4825 4826 4827 4828 4829 4830 4833 4834 4835 4836 4839 4842 4843 4844 4845 4846 4848 4850 4852 4853 4854 4855 4857 4863 4871 4872 4873 4874 4876 4878 4879 4880 4929 4930 4931 4932 4933 4934 4945 4947 4956 4957 4960 5019 5021 4046 4047 4048 4049 4050 4051 4052 4067 4069 4070 4074 4076 4079 4080 4081 4082 4084 4086 4087 4088
215 5.19945 3.59598 6.85193 0.578244 0.601673 -0.397289 -0.381819 4757 4759 4761 4763 4778 4780 4781 4785 4787 4790 4791 4792 4793 4795 4797 4801 4802 4803 4804 4805 4806 4807 4808 4809 4819 4821 4824 4825 4826 4827 4828 4829 4830 4833 4834 4835 4836 4838 4839 4840 4841 4843 4845 4846 4848 4850 4852 4853 4854 4863 4867 4869 4871 4872 4873 4874 4876 4877 4878 4879 4880 4929 4930 4931 4932 4933 4934 4935 4937 4938 4939 4940 4941 4945 4947 4951 4953 4956 4957 4958 4959 4960 4961 4964 4965 4966 4967 4968 4969 4973 4975 4976 4977 4978 4979 4982 4993 4995 5004 5005 5008 5019 5021 5023 5025 5026 5027 5028 5029
219 5.21341 4.51619 6.82435 0.583306 0.593871 -0.395337 -0.388304 5198 4761 4763 4790 4792 4793 4801 4803 4804 4805 4806 4807 4808 4809 4819 4821 4824 4825 4826 4827 4828 4830 4833 4834 4835 4836 4838 4839 4852 4854 4871 4872 4873 4874 4876 4878 4879 4880 4929 4930 4931 4932 4933 4934 4935 4937 4938 4939 4940 4941 4945 4947 4951 4953 4956 4957 4958 4959 4960 4961 4964 4965 4966 4967 4968 4969 4973 4974 4975 4976 4977 4978 4979 4983 4985 4986 4987 4988 4989 4993 4995 4999 5001 5004 5005 5006 5007 5008 5009 5012 5013 5016 5017 5018 5019 5021 5023 5025 5026 5027 5028 5029
225 5.17965 6.62237 6.89487 0.578224 0.606136 -0.395162 -0.376966 5199 5200 5201 5202 5203 5204 5205 5208 5209 5211 5212 5213 5214 5215 5219 5221 5225 5227 5230 5231 5232 5233 5234 5235 5238 5239 5242 5246 4799 4804 4805 4806 4807 4808 4809 4819 4821 4833 4835 4836 4838 4878 4929 4930 4931 4932 4933 4934 4935 4937 4938 4939 4940 4941 4945 4947 4951 4953 4956 4957 4958 4959 4960 4961 4964 4965 4966 4967 4968 4969 4973 4975 4976 4977 4978 4979 4982 4983 4985 4986 4987 4988 4989 4993 4995 4999 5001 5004 5005 5006 5007 5008 5009 5012 5013 5014 5015 5016 5017 5019 5021 5023 5025 5026 5027 5028 5029
231 5.17551 8.4855 6.91297 0.590404 0.596179 -0.386571 -0.382827 5199 5201 5202 5203 5204 5205 5208 5209 5210 5211 5212 5213 5214 5215 5219 5221 5225 5227 5230 5231 5232 5233 5234 5235 5238 5239 5240 5241 5242 5243 5246 5247 5248 5249 5250 5251 5252 5253 5256 5257 5258 5259 5260 5261 5262 5263 5267 5269 5273 5275 5278 5279 5280 5281 5282 5283 5286 5287 5290 5291 4935 4937 4938 4939 4940 4941 4951 4953 4964 4966 4967 4968 4969 4972 4973 4975 4976 4977 4978 4979 4982 4983 4984 4985 4986 4987 4988 4989 4993 4995 4999 5001 5004 5005 5006 5007 5008 5009 5012 5013 5014 5015 5016 5017 5023 5025 5027 5028 5029
233 5.17769 9.5125 6.90725 0.5879 0.59805 -0.38845 -0.381858 5198 5199 5200 5201 5202 5203 5204 5205 5209 5211 5212 5213 5214 5215 5219 5221 5225 5227 5230 5231 5232 5233 5234 5235 5238 5239 5240 5241 5242 5243 5246 5247 5248 5249 5250 5251 5252 5253 5256 5257 5259 5260 5261 5262 5263 5267 5269 5273 5275 5278 5279 5280 5281 5282 5283 5286 5287 5288 5289 5290 5291 5318 5319 5320 5321 5322 5323 5324 5338 5340 5349 5350 5353 4973 4974 4975 4976 4977 4978 4979 4982 4983 4985 4986 4987 4988 4989 4993 4995 4999 5001 5004 5006 5007 5008 5009 5012 5013 5014 5015 5016 5017 5028 5029
243 5.17091 12.5373 6.92128 0.586585 0.600802 -0.388598 -0.379402 5209 5211 5212 5213 5214 5215 5225 5227 5238 5240 5241 5242 5243 5247 5249 5250 5251 5252 5253 5256 5257 5258 5259 5260 5261 5262 5263 5267 5269 5273 5275 5278 5279 5280 5281 5282 5283 5286 5287 5288 5289 5290 5291 5318 5320 5321 5322 5323 5324 5327 5328 5329 5330 5331 5332 5333 5334 5338 5340 5344 5349 5350 5351 5352 5353 5354 5357 5358 5359 5360 5361 5362 5363 5369 5370 5372 5373 5374 5375 5376 5381 5382 5383 5384 5385 5386 5398 5401 5402 5403 5404 5405 5406 5407 5408 5411 5412 5415
248 5.17916 14.5393 6.9027 0.585467 0.599959 -0.390221 -0.380796 6188 6189 5697 5698 5699 5700 5701 5702 5707 5708 5710 5711 5712 5713 5717 5719 5723 5725 5728 5729 5730 5731 5732 5733 5736 5737 5740 5257 5259 5260 5261 5262 5263 5273 5275 5286 5288 5289 5290 5291 5317 5318 5320 5321 5322 5323 5324 5327 5328 5329 5330 5331 5332 5333 5334 5338 5340 5344 5349 5350 5351 5352 5353 5354 5357 5358 5359 5360 5361 5362 5363 5370 5372 5373 5374 5375 5376 5381 5382 5383 5384 5385 5386 5396 5398 5401 5402 5403 5404 5405 5406 5407 5408 5411 5412 5413 5414 5415 5416
249 4.36327 14.4767 9.09811 0.649657 0.655816 -0.273172 -0.270607 5739 6189 5396 5398 5399 5400 5273 5274 5275 5404 5402 5406 5407 5408 5723 5412 5285 5414 5287 5416 5289 5290 5291 6188 5734 5405 5732 5722 5731 5716 5717 5719 5337 5338 5339 5340 5725 5726 5344 5729 5347 5348 5733 5350 5352 5353 5354 5415 5740 5741 5358 5360 5361 5362 5363 5737
246 4.35593 13.4275 9.10553 0.655684 0.650503 -0.269962 -0.272112 5267 5268 5269 5398 5273 5274 5275 5404 5277 5406 5279 5408 5281 5282 5283 5412 5285 5414 5287 5416 5289 5290 5291 5405 5402 5407 5415 5409 5410 5716 5717 5719 5338 5340 5726 5343 5344 5729 5731 5732 5733 5350 5352 5353 5354 5355 5356 5358 5360 5361 5362 5363 5396 5397
234 4.33886 9.44812 9.12263 0.65413 0.653703 -0.268972 -0.269148 4993 4994 4995 4998 4999 5000 5001 5003 5005 5007 5009 5010 5011 5013 5015 5016 5017 5274 5275 5279 5281 5282 5283 5284 5285 5287 5289 5290 5291 5272 5347 5337 5338 5340 5352 5219 5267 5221 5350 5224 5225 5226 5227 5353 5231 5233 5234 5235 5236 5237 5239 5241 5242 5243 5273 5269
232 4.34782 8.45303 9.11373 0.653135 0.653846 -0.270239 -0.269945 4992 4993 4994 4995 4999 5001 5002 5003 5005 5007 5008 5009 5266 5267 5268 5013 5015 5016 5017 5275 5276 5277 5279 5281 5282 5283 5284 5287 5289 5290 5239 5219 4951 4952 4953 5221 5218 4963 5220 4965 4967 5272 4969 5227 5228 5229 5231 5233 5234 5235 5225 5241 5242 5243 5273 5269
224 2.04349 7.42941 9.98093 0.698395 0.689018 -0.136001 -0.137852 2305 2306 2307 4996 4997 5221 4993 5001 5264 5005 5007 5008 5009 4995 4991 5013 5015 5016 5017 5239 5222 5279 5281 5282 5235 5233 5265 5217 4999 5227 5241 2378 2369 2371 2372 2373 2375 2377 2250 2379 2252 2253 2254 4943 2256 2258 2259 2260 4949 4951 4953 4947 5283 4957 4959 4960 4961 5219 5267 4965 5216 4967 4968 4969 5223 5231 5243 2417 5234 2419 2420 2421 5225 4948 2297 5242 2299 2300 2301 4990 2303
222 4.32703 5.44266 9.13429 0.655324 0.653621 -0.267354 -0.26805 4865 4995 4998 4993 5000 5001 5015 5005 5007 5008 4881 4882 5011 5013 4825 5016 5017 5009 4999 4829 4960 4945 4818 4819 4820 4821 4950 4951 4952 4953 4957 4830 4959 4832 4961 5218 5219 4836 4837 4838 4839 4968 4969 4967 5228 5010 5231 5233 5234 4947 4965 5221
220 4.33143 4.46641 9.12992 0.652345 0.656179 -0.268996 -0.267425 4864 4865 4995 4998 4993 5001 5002 5015 5005 5007 5008 4881 4882 5013 4953 5016 5009 4992 4955 4999 4957 4795 4796 4797 4944 4945 4946 4819 4821 4822 4951 4825 4827 4828 4829 4830 4959 4960 4961 4836 4837 4838 4839 4968 4969 4967 5010 4947 4965 4857
214 4.29894 2.45349 9.16162 0.655359 0.656195 -0.264661 -0.264324 4864 4865 4957 4881 4882 4953 4955 4138 4146 4783 4784 4785 4786 4787 4148 4150 4152 4794 4795 4796 4797 4855 4944 4945 4946 4819 4821 4950 4951 4965 4825 4954 4827 4828 4829 4830 4959 4960 4961 4962 4836 4837 4838 4839 4968 4967 4947 4084 4085 4086 4087 4088 4857 4859 4861
202 4.30617 -0.522539 9.15451 0.652191 0.65867 -0.26664 -0.264017 4096 4782 4101 4102 4865 4107 4108 4109 4110 4855 4881 4882 4116 4117 4118 4119 4783 4864 4128 4784 4796 4138 4786 4142 4143 4144 4785 4146 4787 4148 4150 4041 4152 4795 4028 4029 4030 4031 4032 4039 4040 3913 4042 4043 4044 4827 4828 4829 4830 4071 4072 4073 4074 4075 4076 4797 4083 4084 4086 4087 4088 4857 4859 4861 4095
197 2.03565 -1.52315 9.9841 0.687666 0.700009 -0.13741 -0.134987 4109 4110 4118 4119 4144 2111 2113 2114 2115 2117 2119 2120 2121 4009 4764 4765 4767 4769 4770 4773 4783 4785 4786 4787 1209 4795 4797 1219 1221 1226 1228 1229 1230 3856 3857 3861 3883 3885 3926 3927 1383 1385 1395 1397 1399 1401 1402 1403 1405 1407 1408 1409 1427 1439 1441 1442 1443 1445 1447 1448 1449 4010 4012 4014 4015 4016 4018 4020 4028 4030 4031 4032 4040 4042 4043 4044 4053 4054 4056 4058 4059 4060 4062 4064 4072 4074 4075 4076 4084 4086 4087 4088
194 4.31752 -3.52502 9.1435 0.651974 0.657839 -0.267816 -0.265428 3840 3841 4032 4101 4096 4076 4107 4108 4109 4110 4855 4116 4117 4118 4119 3868 3869 3870 3871 3872 3873 4102 3880 3881 3882 3883 3884 3885 4128 4143 4144 4040 4146 4148 4150 4041 4152 4027 4028 4029 4030 4031 3904 3905 4039 3912 3913 4042 4043 3916 3924 3925 3926 3927 4072 4073 4074 4075 4044 4083 4084 4085 4086 4087 4088 4095 3836 3837 3838 3839
184 4.26658 -6.53442 9.19241 0.655368 0.659112 -0.261572 -0.260086 3840 3841 4032 4101 4096 3905 4107 4108 4109 4110 3730 3731 3732 3733 3734 3868 3869 3742 3743 3744 3745 3746 3881 3883 3884 3885 3870 3871 4028 4030 4031 3904 3872 3873 3912 3913 3916 3924 3925 3926 3927 4027 3824 3825 3826 3827 3828 3829 4095 3837 3839
174 1.92226 -8.58439 10.0283 0.704345 0.687259 -0.124095 -0.12718 580 582 3659 3661 3662 591 3664 593 594 595 596 597 598 599 600 601 3675 3677 3685 3687 3688 3689 633 635 3714 643 3716 645 646 647 648 649 650 651 652 653 1170 1172 3733 3734 1180 1182 1183 1184 1185 1186 1187 1188 1189 1190 1207 1209 1222 1223 1224 1225 3809 3810 3811 3812 3813 3814 3815 3817 3825 3827 3828 3829 3837 3839 3840 3841 3850 3851 3853 3715 3869 3717 3872 3718 3719 3721 3722 3730 3732 3742 3744 3745 3746 3663 3665
53 -1.881 -8.55304 10.0261 0.696497 -0.695013 0.126057 -0.126326 601 578 582 3658 3659 3660 589 3662 591 3664 593 595 597 598 599 600 3673 3675 1125 3685 3687 630 631 633 635 640 641 3714 643 3716 645 646 647 648 649 650 651 652 653 1167 1168 1170 1172 1177 1178 1180 1182 1183 1184 1185 1186 1187 1188 1189 1190 1204 1207 3871 1222 1224 3809 3810 3811 3812 3813 3814 3815 3817 3825 3827 3837 3839 3850 3851 3853 3855 3715 3869 3717 3718 3719 3721 3722 3730 3732 3742 3744 588 3661 3663 3665
45 -4.26888 -10.5612 9.14466 0.656279 -0.653655 0.265955 -0.267022 640 641 514 515 644 517 518 519 642 1167 1168 1169 1170 643 1172 645 1450 1451 577 578 579 580 581 582 631 588 589 590 591 592 593 633 634 635 630 502 503 632 505 506 507
34 -1.87836 -15.5555 10.0271 0.697144 -0.694453 0.125703 -0.126191 514 3587 3588 517 3590 3591 3592 521 523 524 525 527 529 3603 3613 3589 3593 3601 3586 3615 459 3533 462 463 464 3537 469 278 282 288 290 319 320 322 324 329 330 332 3405 3406 3407 336 337 335 339 340 341 342 3404 3427 3429 3456 3457 3458 3460 3461 3462 3463 3464 3472 3474 3484 3486 444 445 447 449 456 457 3530 3531 3532 461 3534 3535 3536 465 467 334 470 471 3545 3547 3557 3559 338 502 503 505 507
31 -4.27317 -15.5333 9.14044 -0.652802 0.656726 -0.267783 0.266183 448 514 515 516 517 449 277 278 280 281 282 1450 519 457 444 445 446 447 320 321 322 323 324 458 456 329 330 331 332 333 334 461 459 507 502 503 504 505 506 319 460
19 -4.29019 -19.5535 9.12374 0.654371 -0.653568 0.268766 -0.269096 278 267 268 269 270 271 272 280 323 277 150 279 152 281 154 156 282 165 166 167 329 330 319 320 321 322 195 324 199 200 201 202 331 332 334 207 208 209 210 211 212 214
16 -1.92089 -21.81 10.0019 0.753671 -0.630157 0.119802 -0.143284 3456 3329 3330 3331 3332 3333 3334 267 268 3458 142 272 280 3342 147 148 277 150 3417 152 283 3354 155 156 285 286 287 160 289 290 163 165 167 168 169 199 3279 284 200 3407 3356 3401 56 3274 288 3399 195 70 71 72 73 202 3403 3404 3277 3278 207 208 3281 210 3283 212 270 214 3415 216 217 218 219 220 221 222 3400 3344 3427 3429 3406 3326 3405 3327 3196 3197 3198 3199
8 -4.2186 -23.0727 9.14557 0.713698 -0.590522 0.240155 -0.290249 267 142 146 147 148 150 152 153 155 156 158 159 160 161 164 165 167 199 53 54 56 58 59 61 63 67 68 70 71 200 201 202 207 208 209 210 211 212 270 214 195
13 -4.29906 -21.752 9.10773 0.676108 -0.629467 0.260945 -0.280281 267 268 269 142 271 144 280 147 148 277 150 279 152 153 155 156 158 160 164 165 167 199 270 53 54 56 58 61 198 67 70 71 200 201 202 207 208 209 210 211 212 213 214 272 195 281
14 -5.18465 -20.5792 6.77984 0.588547 -0.583932 0.393811 -0.396924 116 117 122 123 124 125 126 127 132 133 134 135 141 142 147 148 149 150 151 152 155 156 160 165 167 170 171 176 177 178 179 180 181 186 187 188 189 194 195 196 197 199 200 202 203 204 205 206 207 208 210 212 214 239 240 245 246 247 248 249 250 255 256 257 258 263 264 265 266 267 268 270 272 273 274 275 276 277 278 280 282 291 292 297 298 299 300 315 316 317 319 322
30 -5.18559 -15.5459 6.77779 -0.585805 0.586465 -0.395755 0.395309 514 517 1450 249 250 255 256 257 258 275 276 278 282 291 292 297 298 299 300 301 302 307 308 309 310 315 316 317 318 319 320 322 324 325 326 327 328 329 330 332 334 415 416 421 422 423 424 425 426 1451 431 432 433 434 439 440 441 442 444 445 447 449 450 451 452 453 456 457 459 461 472 473 478 479 480 481 482 483 488 489 490 491 496 497 498 499 502 503 505 507 508 509
44 -5.1988 -10.5603 6.7446 0.58517 -0.583554 0.397595 -0.398696 514 515 517 519 547 548 553 554 555 556 557 558 563 564 565 566 571 572 573 574 577 578 580 582 583 584 585 586 588 589 591 1104 593 602 603 608 609 610 611 612 613 618 619 620 621 626 627 628 629 630 631 633 635 636 637 638 639 640 641 1154 643 1156 645 1163 1164 1167 1170 1147 1148 1150 1153 1155 1450 1451 472 473 478 479 480 481 482 483 1105 488 489 490 491 498 499 503 507 508 509 510 511
50 -5.19708 -8.55179 6.749 0.584735 -0.584461 0.397707 -0.397894 547 548 553 1066 555 556 557 558 563 564 565 566 573 574 578 582 583 584 585 586 588 589 591 1104 593 1109 1112 1113 602 603 608 609 610 611 612 613 618 619 620 621 1135 1137 626 627 628 629 630 631 633 1147 1148 637 1150 639 640 641 1154 643 1156 645 1159 1161 1163 1164 1165 1166 1167 1168 1170 1172 1173 1174 1175 1176 1177 1178 1180 1182 1192 1194 1199 1200 1204 1207 635 636 638 554 1153 1155 1450 1451 1105
54 -5.20704 -7.53836 6.72345 -0.582316 0.584143 -0.400429 0.399176 602 557 558 563 564 565 566 585 586 589 593 1107 1109 1112 1113 1114 603 1117 608 609 610 611 612 613 618 619 620 621 1135 1136 626 627 628 629 630 1143 1145 1147 1148 637 1150 639 640 641 1154 643 1156 645 1159 1161 1163 1164 1165 1166 1167 1168 1170 1172 1173 1174 1175 1176 1177 1178 1180 1182 1192 1194 1196 1198 1199 1200 1201 1202 1204 1205 1207 1209 1210 1211 1216 1219 631 633 635 636 638 1153 1155 1105
56 -5.19398 -6.53114 6.75672 -0.583521 0.586496 -0.398203 0.396182 602 1105 1109 1112 1113 1114 603 1117 608 609 610 611 612 613 1127 1128 618 619 620 621 1135 1136 1137 1138 628 629 1143 1144 635 1148 637 1150 639 640 641 1154 643 1156 645 1159 1160 1161 1163 1164 1165 1166 1167 1168 1170 1172 1173 1174 1175 1176 1177 1178 1180 1182 1192 1194 1195 1196 626 1198 1199 1200 1201 1202 1204 1205 1207 1209 1210 1211 1212 1213 1216 1217 1219 1221 631 636 638 1153 1155 1322 1324 1367 1369 1374 1375 1380 1383
60 -5.18057 -5.52705 6.78999 -0.584961 0.588604 -0.39579 0.393341 1105 1112 1113 1114 1117 612 613 1127 1128 618 619 620 621 1135 1136 1143 1144 1145 1146 1148 638 639 641 1154 1155 1156 645 1159 1161 1163 1164 1165 1166 1167 1168 1170 1172 1173 1174 1175 1176 1177 1178 1180 1182 1192 1194 1196 1198 1199 1200 1201 1202 1204 1205 1207 1209 1210 1211 1212 1213 1216 1217 1219 1221 636 1153 1307 1308 1322 1323 1329 1331 1367 1368 1369 1371 1373 1374 1375 1376 1377 1380 1381 1383 1385 1386 1387 1392 1395
57 -4.2939 -6.52972 9.11999 -0.651428 0.656144 -0.270336 0.268393 640 641 642 643 644 645 1167 1168 1169 1170 1171 1172 1305 1177 1178 1179 1180 1181 1182 1307 1382 1308 1322 1323 1329 1204 1205 1206 1207 1208 1209 1306 1216 1217 1218 1219 1220 1221 631 1144 1112 1117 1381 1380 1125 1126 1127 1128 1385 1383 1135 1136 630 1143 632 633 634 635
65 -1.99848 -4.52961 9.97989 -0.689004 0.698315 -0.138084 0.136243 1125 1126 1168 1172 1177 1178 1180 1182 1184 1185 1186 1187 1188 1189 1190 1204 1205 1207 1209 1216 1217 1219 1221 1222 1223 1224 1225 1226 1228 1229 1230 3809 3810 3811 3812 3813 3814 3815 3817 3825 3827 3837 3839 3850 3851 3853 3855 3856 3857 3859 3861 1305 1306 3869 3871 1314 1315 3881 3883 1341 1380 1381 1383 1385 1392 1393 1395 1397 1399 1401 1402 1403 1405 1407 1408 1409 1424 1427 1439 1442 4009 4010 4012 4014 4015 4016 4018 4020 4028 4030 3744 4040 4042 4053 4054 4056 4058 4072 4074
73 -4.27907 -1.52595 9.1346 -0.651669 0.657296 -0.268814 0.266512 2048 1344 2050 2119 2052 2097 2113 1445 2110 1346 1424 1425 1426 1427 1428 2070 1432 1305 1306 1307 1308 1437 2117 1440 1392 1314 1315 1316 1317 1393 1348 1436 1322 1323 2098 2095 1329 1330 2100 2101 2103 1336 2105 2106 1382 1340 1341 1342 2111 1216 1217 1218 1219 1220 1221 1350 1441 1357 2108 2116 1447 1435 1381 1380 1125 1126 1127 1128 1385 1383 2109 1136 1384 1394 1395 1396 1397 1143 1144 2045 2047
72 -5.16024 -1.5239 6.83892 -0.58729 0.591473 -0.392056 0.389284 2048 2050 2055 2057 2058 2059 2060 2061 2063 2067 2068 2087 2089 2091 2093 2094 2095 2096 2097 2100 2101 2102 2103 2108 2109 2111 2113 2117 2119 1144 1196 1198 1210 1212 1213 1217 1221 1306 1307 1308 1314 1315 1316 1317 1322 1323 1324 1325 1329 1330 1331 1332 1340 1341 1342 1348 1350 1354 1356 1357 1358 1359 1360 1361 1364 1365 1367 1369 1370 1371 1372 1373 1374 1375 1376 1377 1380 1381 1383 1385 1386 1387 1388 1389 1392 1393 1395 1397 1411 1413 1415 1417 1418 1419 1420 1421 1424 1425 1427 1429 1430 1431 1432 1435 1437 1441 1445 1447
74 -5.1503 -0.540498 6.86241 -0.589862 0.591396 -0.389294 0.388284 2048 2050 2055 2057 2058 2059 2060 2061 2063 2065 2067 2068 2069 2079 2080 2086 2087 2088 2089 2091 2093 2094 2095 2096 2097 2100 2101 2102 2103 2104 2105 2108 2109 2111 2113 2117 2119 2124 2125 2126 2133 2134 2139 2140 2150 2152 1315 1316 1317 1323 1325 1329 1330 1331 1332 1340 1341 1342 1348 1350 1354 1356 1357 1358 1359 1360 1361 1364 1365 1367 1369 1371 1373 1374 1376 1377 1381 1385 1386 1387 1388 1389 1392 1393 1395 1397 1410 1411 1412 1413 1415 1417 1418 1419 1420 1421 1424 1425 1427 1429 1430 1431 1432 1435 1437 1441 1445 1447
80 -5.14412 0.458076 6.87671 -0.59073 0.59204 -0.388067 0.387209 2048 2050 2055 2057 2060 2061 2063 2065 2066 2067 2068 2069 2074 2075 2080 2081 2085 2087 2089 2090 2091 2092 2093 2094 2095 2096 2097 2100 2101 2102 2103 2104 2105 2108 2109 2111 2113 2117 2119 2124 2126 2130 2131 2132 2133 2134 2135 2136 2139 2140 2141 2142 2147 2148 2150 2152 2156 2158 1330 1332 1340 1342 1348 1350 1354 1357 1358 1359 1360 1361 1362 1363 1364 1365 1371 1373 1386 1388 1389 1393 1397 1411 1413 1414 1415 1416 1417 1418 1419 1420 1421 1424 1425 1427 1429 1430 1431 1432 1435 1437 1441 1445 1447
82 -5.14445 1.44998 6.87595 -0.591344 0.591347 -0.387701 0.387698 2048 2050 2053 2054 2055 2057 2058 2059 2060 2061 2063 2065 2068 2069 2072 2073 2074 2075 2077 2079 2080 2081 2085 2086 2087 2088 2089 2091 2093 2094 2095 2096 2097 2100 2101 2102 2103 2104 2105 2108 2109 2111 2113 2117 2119 2123 2124 2125 2126 2130 2131 2132 2133 2134 2135 2136 2139 2140 2141 2142 2143 2144 2147 2148 2150 2152 2156 2158 2209 2211 2220 2221 2222 2223 2224 2225 2233 2234 2239 2240 2250 2252 1348 1350 1354 1355 1359 1360 1361 1364 1365 1411 1413 1415 1417 1420 1421 1425 1429 1430 1431 1432 1435 1437 1441 1445 1447
83 -4.28685 1.45603 9.12704 -0.653419 0.654834 -0.268838 0.268257 2048 2050 2051 2052 1424 1425 1427 1428 2070 2071 1432 2116 1434 1435 1436 1437 1439 1440 1441 1444 1445 1446 1447 2095 2097 1330 2100 2101 2103 1336 2105 2234 2107 1340 1341 1342 2111 1344 2113 1346 1348 2117 1350 2119 2249 2250 2252 1357 2236 2134 2136 2139 2140 2142 2144 2145 2146 2147 2148 2150 2152 2108 2155 2156 2157 2158 2109 2237 2239 2118 2045 2047
90 -2.01297 2.46007 9.97393 -0.69112 0.695686 -0.138972 0.13806 2095 2097 2100 2101 2103 2105 2108 2109 2111 2113 2114 2115 2117 2119 2120 2121 2134 2136 2139 2140 2142 2144 2147 2148 2150 2152 2153 2154 2156 2158 2159 2160 4764 4765 4767 4769 4770 4771 4773 4775 4783 4785 2234 4795 2236 4810 2239 2240 2242 2244 2247 2248 2250 4811 2252 2253 2254 4813 2256 4817 4819 4821 4815 4830 4816 2259 4942 4943 4945 4947 4948 4949 4951 4953 1432 1436 1437 1447 1448 1449 4059 4060 4062 4064 4084 4086
89 -4.30533 3.44058 9.10866 0.654331 -0.652165 0.270228 -0.271126 2048 2240 2050 2051 2052 2284 2246 2286 2070 2071 2244 2245 2118 2247 2095 2097 2099 2101 2103 2105 2106 2107 2108 2109 2111 2112 2113 2242 2116 2117 1350 2119 2248 2250 2252 2255 2256 2257 2258 2134 2283 2136 2139 2140 2234 2142 2144 2145 2146 2147 2148 2150 2152 2236 2155 2156 2157 2158 2299 2281 2296 2297 2239 2045 2047
93 -4.31685 4.45823 9.09709 -0.651743 0.653644 -0.272406 0.271614 2305 2050 2051 2052 2284 2286 2070 2071 2287 2247 2103 2105 2234 2107 2236 2109 2238 2239 2240 2242 2244 2117 2118 2119 2248 2249 2250 2251 2252 2256 2258 2134 2136 2137 2138 2139 2140 2142 2144 2147 2148 2149 2150 2151 2152 2281 2283 2156 2285 2158 2237 2289 2291 2292 2294 2296 2297 2298 2299 2302 2303
92 -5.15343 4.45645 6.85514 -0.589723 0.590766 -0.389716 0.389029 2065 2066 2069 2074 2075 2077 2080 2081 2083 2085 2091 2093 2102 2104 2105 2108 2109 2117 2119 2124 2126 2128 2129 2130 2131 2132 2133 2134 2135 2136 2139 2140 2141 2142 2143 2144 2147 2148 2150 2152 2156 2158 2207 2209 2211 2212 2213 2215 2217 2218 2219 2220 2221 2222 2223 2224 2225 2226 2228 2229 2230 2231 2232 2233 2234 2235 2236 2239 2240 2241 2242 2243 2244 2247 2248 2250 2252 2256 2258 2262 2264 2266 2267 2268 2269 2271 2272 2273 2276 2277 2278 2279 2280 2281 2282 2283 2286 2287 2288 2289 2294 2295 2297 2299 2303 2305
98 -5.12213 6.45541 6.92633 -0.593557 0.594446 -0.383904 0.38333 2085 2127 2128 2130 2131 2132 2141 2143 2144 2147 2148 2156 2158 2207 2209 2211 2212 2213 2215 2217 2218 2219 2220 2221 2222 2223 2224 2225 2226 2228 2229 2230 2231 2232 2233 2234 2235 2236 2239 2240 2241 2242 2243 2244 2247 2248 2250 2252 2256 2258 2262 2264 2266 2267 2268 2269 2270 2271 2272 2273 2276 2277 2278 2279 2280 2281 2282 2283 2286 2287 2288 2289 2290 2291 2294 2295 2297 2299 2303 2305 2333 2334 2335 2338 2339 2340 2341 2342 2343 2345 2348 2349 2350 2351 2352 2353 2354 2355 2358 2359 2360 2361 2366 2367 2369 2371 2375 2377 2380 2381
100 -5.13158 7.4525 6.90522 -0.592684 0.593097 -0.385467 0.385198 2128 2207 2209 2211 2212 2213 2215 2217 2218 2219 2220 2221 2222 2223 2224 2225 2226 2228 2229 2230 2231 2232 2233 2235 2236 2239 2240 2241 2242 2243 2244 2247 2248 2250 2252 2256 2258 2261 2262 2263 2264 2266 2267 2268 2269 2271 2273 2276 2277 2278 2279 2280 2281 2282 2283 2286 2287 2288 2289 2290 2291 2294 2295 2297 2299 2303 2305 2332 2333 2334 2335 2338 2339 2340 2341 2342 2343 2344 2345 2348 2349 2350 2351 2352 2353 2354 2355 2358 2359 2360 2361 2362 2363 2366 2367 2369 2371 2375 2377 2380 2381 2383 2386 2387 2388 2389 2390 2391 2400 2401 2406 2407 2417 2419
106 -5.11096 9.45137 6.95087 -0.595176 0.595407 -0.381687 0.381539 2218 2219 2227 2228 2262 2263 2264 2266 2267 2268 2269 2270 2271 2273 2276 2277 2278 2279 2280 2282 2283 2286 2287 2288 2289 2290 2291 2294 2295 2297 2299 2303 2305 2332 2333 2334 2335 2338 2339 2340 2341 2342 2343 2344 2345 2348 2349 2350 2351 2352 2353 2354 2355 2358 2359 2360 2361 2362 2363 2366 2367 2369 2371 2375 2377 2380 2381 2382 2383 2386 2387 2388 2389 2391 2392 2393 2396 2397 2398 2399 2400 2401 2402 2403 2406 2407 2408 2409 2410 2411 2414 2415 2417 2419 2423 2425 2450 2451 2453 2456 2457 2458 2459 2460 2461 2470 2471 2472 2476 2477 2487 2489
111 -4.29914 10.4532 9.11485 -0.65317 0.653919 -0.270117 0.269807 2304 2305 2481 2484 2417 2473 2474 2475 2476 2477 2479 2353 2482 2355 2356 2357 2358 2359 2488 2361 2363 2492 2493 2366 2367 2368 2369 2370 2371 2486 2375 2377 2419 2423 2489 2487 2401 2403 2404 2405 2406 2407 2409 2411 2414 2415 2416 2289 2418 2291 2293 2295 2425 2495 2471 2303
113 -4.30968 11.445 9.10431 0.653607 -0.652474 0.270943 -0.271414 2535 2485 2481 2523 2471 2473 2476 2477 2479 2353 2482 2355 2484 2357 2359 2361 2363 2364 2365 2366 2367 2369 2370 2371 2374 2375 2376 2377 2487 2483 2489 2520 2522 2492 2525 2493 2401 2403 2406 2407 2536 2409 2538 2411 2412 2413 2414 2415 2417 2419 2494 2422 2423 2424 2425 2495
121 -1.98296 13.4371 9.98627 0.696924 -0.690989 0.135123 -0.136284 2539 5398 2604 5387 5388 5390 5264 5265 5341 5267 5396 2542 5270 5271 5393 5273 5719 2607 5338 5406 5408 2618 2471 2473 2602 2476 2477 2479 2608 2481 5363 2484 2485 2487 2489 2490 2491 2493 2622 2495 2496 2497 2534 5394 5392 5346 5714 5715 5275 5717 5335 2520 2522 5340 2525 2526 2528 2401 2530 2403 2533 2406 2407 2536 2409 2538 2411 2540 5344 2414 2415 2544 2545 2546 2419 2421 5342 2423 2425 2426 2427 5336 2621 5269
119 -4.30878 13.4349 9.10518 0.65481 -0.651349 0.27036 -0.271797 2620 2604 2541 2542 2543 2605 2471 2473 2602 2476 2477 2479 2608 2481 2482 2483 2484 2485 2487 2489 2618 2492 2493 2494 2495 2531 2617 2520 2607 2522 2525 2526 2533 2528 2401 2530 2403 2532 2405 2534 2407 2536 2409 2538 2411 2413 2414 2415 2544 2417 2418 2419 2423 2424 2425
123 -4.30622 14.475 9.10767 -0.65031 0.65608 -0.271985 0.269593 2604 2613 2605 2542 2607 2537 2980 2981 2471 2473 2474 2475 2476 2477 2612 2479 2608 2481 2610 2484 2485 2486 2487 2488 2489 2618 2620 2493 2495 2624 2626 2615 2616 2617 2520 2522 2523 2524 2525 2526 2528 2530 2533 2534 2535 2536 2409 2538 2411 2413 2414 2415 2544 2423 2424 2425 2623 2602
122 -5.13837 14.4651 6.8898 -0.590849 0.593302 -0.387381 0.38578 2980 2575 2576 2581 2582 2583 2584 2585 2586 2591 2592 2593 2594 2601 2602 2603 2604 2607 2608 2609 2610 2615 2616 2618 2620 2624 2626 2981 2382 2383 2391 2392 2393 2396 2397 2398 2399 2408 2410 2411 2414 2415 2423 2425 2450 2451 2452 2453 2456 2457 2458 2459 2460 2461 2462 2463 2466 2467 2468 2469 2470 2471 2472 2473 2476 2477 2478 2479 2480 2481 2484 2485 2487 2489 2493 2495 2498 2499 2503 2504 2505 2506 2507 2508 2513 2514 2515 2516 2519 2520 2521 2522 2525 2526 2527 2528 2529 2530 2533 2534 2536 2538 2542 2544
