0 -3.82386 -27.0882 6.34056 -0.723673 0.391029 -0.270338 0.500311 6 7 8 9 10 11 158 17 19 24 26 27 28 29 30 32 35 36 37 38 39 40 199 53 54 55 56 57 58 59 61 63 160 70 71 202 163 147
2 -1.82447 -27.5302 7.08678 0.855295 -0.263529 0.131362 -0.426342 7 9 147 21 22 3274 28 160 35 36 53 54 56 59 60 61 63 3138 70 199 72 202 3147 3149 3151 3153 163 3277 19 3196 3198
125 1.84266 -27.5928 7.0381 0.854095 0.251763 -0.128683 -0.436552 3200 3202 3205 9 3342 3345 19 21 22 160 163 3277 62 3138 70 72 3274 3147 3149 3151 3153 3289 3172 3183 3184 3186 3189 3190 3191 3196 3198
128 4.31525 -26.5645 5.7035 -0.618571 -0.433358 0.376065 0.536792 3200 3201 3202 3204 3205 3342 3254 3257 3258 3137 3138 3142 3143 3277 3150 3151 3153 3154 3283 3285 3288 3289 3292 3293 3167 3168 3169 3170 3171 3172 3173 3174 3175 3176 3281 3179 3180 3183 3184 3186 3189 3191 3198
134 3.38657 -24.1997 8.541 0.76334 0.54221 -0.20336 -0.286297 3200 3329 3202 3205 3341 3342 3345 21 3300 3147 3272 3275 3276 3277 3151 3281 3282 3283 3289 3291 3292 3293 3297 3299 3172 3301 3153 3186 3189 3191 3194 3197 3198 3199
136 3.54414 -22.9303 8.46577 0.715529 0.59343 -0.235299 -0.283712 3200 3202 3205 3341 3342 3344 3345 3346 3353 3354 3356 3357 3275 3276 3277 3280 3281 3283 3289 3291 3292 3293 3294 3297 3299 3300 3301 3191 3198 3199
142 3.60436 -20.6016 8.44159 0.66386 0.647613 -0.261173 -0.267725 3427 3341 3342 3343 3344 3345 3346 3354 3355 3356 3357 3358 3419 3428 3471 3276 3281 3283 3414 3415 3416 3417 3418 3291 3429 3297 3299 3300 3301 3430 3431
139 4.21744 -21.9049 6.55301 0.634436 0.556332 -0.353814 -0.403486 3337 3338 3339 3340 3342 3344 3345 3346 3349 3350 3351 3352 3354 3356 3357 3358 3415 3419 3411 3418 3255 3384 3257 3258 3386 3260 3266 3267 3268 3269 3270 3277 3281 3410 3283 3413 3385 3387 3290 3291 3293 3417 3296 3297 3298 3299 3300 3301 3312 3313 3315 3322 3323 3324 3325
141 4.25343 -20.713 6.5148 0.611432 0.576017 -0.37203 -0.394903 3337 3338 3339 3340 3342 3344 3345 3346 3395 3349 3350 3351 3352 3396 3354 3356 3357 3358 3397 3398 3427 3384 3385 3386 3387 3388 3424 3394 3267 3268 3269 3270 3281 3410 3411 3412 3413 3415 3417 3418 3419 3422 3423 3296 3425 3298 3299 3300 3429 3430 3310 3311 3312 3313 3442 3315 3321 3322 3323 3324 3325
145 4.28934 -19.6889 6.43519 0.602954 0.573431 -0.382225 -0.401904 3337 3339 3340 3469 3470 3344 3346 3475 3349 3350 3351 3352 3354 3356 3357 3358 3442 3467 3443 3385 3386 3387 3388 3395 3396 3397 3398 3468 3472 3410 3411 3412 3413 3415 3417 3418 3419 3450 3422 3423 3424 3425 3427 3429 3430 3431 3474 3312 3313 3314 3315 3444 3445 3320 3321 3322 3323 3324 3325
153 4.32239 -16.6676 6.35513 0.594779 0.570326 -0.39211 -0.408921 3525 3467 3468 3469 3470 3555 3472 3474 3475 3476 3479 3480 3481 3482 3484 3486 3487 3488 3526 3552 3572 3514 3515 3516 3517 3518 3519 3393 3394 3395 3396 3397 3398 3527 3528 3529 3553 3540 3541 3542 3543 3545 3547 3548 3549 3422 3557 3424 3425 3554 3427 3429 3431 3560 3559 3524 3442 3443 3444 3445 3450 3451 3452 3453 3454 3455
157 4.31629 -15.6696 6.37067 0.596148 0.571168 -0.390355 -0.407428 3598 3467 3596 3469 3470 3599 3601 3474 3603 3476 3479 3480 3481 3482 3484 3486 3487 3488 3573 3570 3571 3572 3514 3515 3516 3517 3518 3519 3524 3525 3526 3527 3528 3529 3580 3597 3540 3541 3542 3543 3545 3547 3548 3549 3552 3553 3554 3555 3557 3559 3560 3561 3440 3441 3442 3443 3444 3445 3574 3575 3604 3452 3453 3454 3455
165 4.31601 -12.6359 6.37455 0.592971 0.575028 -0.392408 -0.404653 3584 3585 4629 3596 3597 3598 3599 3601 3603 3604 3605 3608 3609 3610 3611 3613 3615 3616 3617 3654 3655 3656 3657 3700 3642 3643 3644 3645 3646 3647 3680 3524 3525 3526 3527 3528 3529 3653 3682 3683 3668 3669 3670 3671 3673 3675 3676 3677 3685 3552 3681 3554 3555 3557 3559 3688 3561 3687 3652 3572 3573 3574 3575 4628 3580 3581 3582 3583
175 4.30251 -9.6959 6.40224 0.601203 0.570474 -0.385164 -0.40591 3712 3713 4629 3725 3726 3727 3728 3730 3732 3733 3734 3737 3738 3739 3740 3742 3744 3745 3746 3803 3828 3642 3643 3644 3645 3646 3647 3654 3655 3656 3657 3668 3797 3670 3671 3800 3801 3802 3675 3804 3677 3680 3681 3682 3683 3685 3687 3688 3689 3820 3821 3822 3823 3825 3698 3827 3700 3701 3702 3703 4628 3708 3710 3711
181 4.30273 -7.6184 6.40908 0.593694 0.579271 -0.390065 -0.399777 3712 3713 3842 3843 3844 3845 3846 3841 3725 3727 3728 3730 3732 3734 3865 3864 3737 3738 3739 3740 3866 3742 3871 3744 3745 3746 3837 3867 3869 3893 3894 3828 3902 3829 3904 3872 3653 3800 3801 3802 3803 3839 3806 3807 3808 3903 3840 3820 3821 3822 3823 3825 3827 3700 3701 3702 3703 3832 3833 3834 3835 3708 3709 3710 3711
183 4.28958 -6.61905 6.4409 0.596079 0.581394 -0.386667 -0.396434 3712 3713 3842 3843 3844 3845 3846 3841 3848 3849 3905 3865 3864 3737 3866 3739 3740 3869 3742 3871 3744 3873 3746 3867 3876 3877 3878 3879 3881 3847 3884 3883 3827 3893 3894 3902 3903 3904 3872 3910 3911 3912 3797 3799 3800 3801 3802 3803 3839 3805 3806 3807 3808 4001 3840 3820 3821 3822 3823 3825 3699 3828 3829 3832 3833 3834 3835 3837 3710 3711
189 4.29021 -4.59216 6.44068 0.593231 0.584269 -0.388612 -0.394573 4096 3841 3842 3843 4032 3845 3846 3847 3848 3849 4101 4099 3864 3865 3866 3867 4038 3869 3871 3872 3873 4002 4003 3876 3877 3878 3879 4008 3881 3883 3884 3885 4040 3893 3894 4023 4024 4025 4026 4028 3902 3903 3904 3905 4035 4036 4037 3910 3911 3912 3913 4042 4043 4045 4004 4005 3806 3807 3808 4001 4006 4095 4100 4007 4093 4031 4030 3832 3834 3835 3837 4094 3839
190 3.61381 -4.54123 8.43305 0.65386 0.656624 -0.266372 -0.265251 3840 3841 4099 4032 4101 4096 4126 4107 4108 4116 4117 4100 3869 3870 3871 3872 3873 4102 3880 3881 3882 3883 3884 3885 4143 4040 3893 3894 4041 4027 4028 3902 3903 3904 3905 3910 3911 3912 3913 4042 4043 3916 4127 3924 3925 4039 4095 4128 4044 4093 4094 4030 4031 3836 3837 3838 3839
185 1.58302 -5.52363 9.08758 0.686893 0.704239 -0.128507 -0.125341 3840 3841 4032 645 4096 3905 4012 3850 3851 4108 3853 3913 3855 3856 3857 3859 4116 3861 1180 3869 1183 1184 1185 1186 1187 1188 1189 1190 3881 4010 3883 3884 3885 3912 3827 4095 1207 1209 4102 3871 4028 4031 3904 3872 4107 1221 1222 1223 1224 1225 1226 1228 1229 1230 4009 3924 3925 4101 3873 3809 3810 3811 3812 3813 3814 3815 3916 3817 1395 3828 3829 1399 1401 1402 1403 4117 3837 3839
182 3.58377 -7.65536 8.4593 0.673473 0.63992 -0.254897 -0.268262 3840 3841 3905 3729 3730 3731 3732 3733 3734 3868 3741 3742 3743 3744 3745 3746 3911 3869 3870 3894 3871 3902 3893 3904 3872 3910 3873 3912 3916 3924 3825 3826 3827 3828 3829 3903 3837 3838 3839
176 3.5886 -9.7047 8.45177 0.680506 0.631442 -0.252854 -0.272501 3730 3731 3732 3733 3734 3742 3743 3744 3745 3746 3893 3894 3672 3673 3674 3675 3676 3677 3684 3685 3686 3687 3688 3689 3824 3825 3826 3827 3828 3829 4629
172 3.58727 -10.6939 8.45378 0.679007 0.633318 -0.253249 -0.271519 3730 3731 3732 3733 3734 3612 3613 3614 3615 3616 3617 3746 3741 3888 3742 3743 3744 3745 3672 3673 3674 3675 3676 3677 3685 3686 3687 3688 3689 4628 4629
173 1.53876 -9.56582 9.10396 0.701992 0.691169 -0.120488 -0.122375 3714 3715 3716 3717 646 519 648 649 650 651 652 653 1170 3732 3733 3734 1180 3742 1183 1184 1185 1186 3718 647 3721 3722 3744 580 582 3745 3658 3659 3719 3661 3662 3663 3664 593 594 595 596 597 598 599 600 601 3675 3676 3677 3809 3810 3811 3812 3685 3665 3688 3689 3687 3730 3825 3828 3829 3746 633 635
162 1.59536 -12.577 9.08288 0.704027 0.686542 -0.12684 -0.130071 3586 3587 3588 517 3590 3592 521 523 524 525 527 529 3603 3604 3605 3673 3662 3613 3589 3616 3617 3675 1450 1451 598 3593 3615 449 505 471 3659 3660 3661 3534 3535 3664 3537 467 469 470 599 600 601 3663 3676 3677 3685 3559 3560 3561 4628 3688 3601 3665 3689 633 4629
156 1.58062 -14.5522 9.0886 0.696399 0.694964 -0.126466 -0.126727 3586 3587 3588 342 3462 3591 3464 521 523 524 525 527 528 529 530 3603 3604 3605 3534 580 3613 3486 3461 3488 3617 3547 3590 3592 3487 447 3589 3616 3531 324 3530 459 3532 461 462 463 464 465 467 340 469 470 471 3545 3535 3548 3549 3536 3557 3537 3560 3561 3559 339 3601 3533 507 341
160 3.57143 -14.6021 8.47281 0.666066 0.649362 -0.256188 -0.262778 3600 3601 3602 3603 3604 3605 3483 3484 3485 3486 3487 3488 3617 3613 3614 3615 3616 3544 3545 3546 3547 3548 3549 3557 3558 3559 3560 3561 4628 4629
154 3.57635 -16.6914 8.46426 0.679421 0.634252 -0.251756 -0.269685 3471 3472 3473 3474 3475 3476 3484 3485 3486 3487 3488 3556 3545 3546 3547 3548 3549 3557 3426 3427 3428 3429 3430 3431 3560 3558 3559 3561
149 1.49862 -17.5594 9.1181 0.700778 0.694099 -0.115924 -0.117039 3456 3457 3458 3460 3461 3462 3463 3464 270 272 3474 3475 3406 3472 280 282 283 284 285 286 287 288 289 290 3419 3484 3407 3488 3486 462 3487 3548 3530 3531 447 449 322 3403 324 3399 3400 3404 3476 459 332 3405 334 335 336 337 338 339 212 341 342 3417 3418 463 3532 3549 464 3545 3427 3429 3430 465 3431 340 3533
143 1.43788 -19.5601 9.13825 0.702476 0.694801 -0.108439 -0.109637 3456 3329 3330 3331 3332 3333 3334 3457 3458 270 272 3345 3346 3475 3476 3417 280 3460 282 283 284 285 286 287 288 289 290 3419 3356 3357 3407 3358 322 324 3399 3400 3401 202 3403 3404 3405 3406 335 336 337 210 212 214 3415 216 217 218 219 220 221 222 3344 3427 3429 3430 3431 338 3472 3354 3418 3326 3327
11 -1.58834 -23.0202 9.02722 0.815678 -0.540726 0.113618 -0.171392 3329 3330 3331 3332 3333 3334 142 3272 3356 147 148 150 152 155 156 158 160 161 163 165 167 168 169 199 3279 200 3292 54 56 3274 195 70 71 72 73 202 3275 3277 3278 207 208 3281 210 3283 212 214 216 217 218 219 220 221 222 3326 3327 3196 3197 3198 3199
4 -1.27877 -25.6377 8.95917 0.924088 -0.304032 0.0723725 -0.219972 150 7 142 147 148 21 22 152 155 28 158 160 161 163 199 3272 53 54 56 58 59 61 3277 63 65 3138 3275 70 71 72 73 202 3147 3149 3278 3151 3153 3342 3292 3293 3281 3274 3186 19 3188 3191 3196 3197 3198 3199
6 -3.34555 -24.1627 8.54594 0.758549 -0.549642 0.205361 -0.283415 7 142 147 148 21 150 152 155 28 159 160 165 166 167 156 199 53 54 201 56 58 59 61 63 65 195 68 197 70 71 200 73 202 3147 213 214 216 19
8 -3.53301 -22.942 8.42941 0.713698 -0.590522 0.240155 -0.290249 142 147 148 150 152 153 155 156 159 160 164 165 167 199 53 54 56 58 59 61 67 70 71 200 201 202 207 209 210 214 195
13 -3.59335 -21.7015 8.40102 0.676108 -0.629467 0.260945 -0.280281 267 268 269 142 271 144 146 147 148 150 152 155 156 158 159 160 165 167 270 195 198 199 200 201 202 207 208 209 210 211 212 213 214 272
7 -4.15063 -22.9044 6.59318 0.637616 -0.558709 0.349531 -0.398896 132 133 134 135 140 141 142 147 148 149 150 151 152 26 155 156 29 160 35 36 165 167 176 177 178 179 54 56 187 188 194 195 196 197 70 199 200 202 203 204 206 207 208 210 212 214 122 123 125 126
12 -4.24983 -21.6951 6.41497 0.602076 -0.571412 0.383895 -0.404496 132 133 134 135 264 265 266 267 140 141 142 272 147 148 149 150 151 152 155 156 160 165 167 263 176 177 178 179 180 186 187 188 189 245 194 195 196 197 199 200 202 203 204 205 206 207 208 210 212 270 214 116 117 246 247 248 249 122 123 124 125
14 -4.25754 -20.5719 6.40511 0.588547 -0.583932 0.393811 -0.396924 256 257 258 132 133 134 135 264 265 266 267 268 270 272 273 274 275 276 149 151 152 282 155 156 165 167 170 171 176 177 178 179 186 187 188 189 245 194 195 196 197 199 202 203 204 205 206 207 208 210 212 214 280 263 277 239 240 117 246 247 248 249 250 255
18 -4.26686 -19.5502 6.38199 0.584618 -0.58458 0.397786 -0.397812 256 257 258 317 263 264 265 266 267 268 322 270 272 273 274 275 276 277 278 280 324 282 297 298 299 300 301 176 177 178 179 180 181 186 187 188 189 319 194 196 197 199 202 203 204 205 206 207 208 210 212 315 316 239 240 245 246 247 248 249 250 255 127
27 -3.57961 -16.5476 8.42002 -0.654039 0.65479 -0.268 0.267692 277 278 279 280 281 282 457 444 445 446 447 320 449 322 323 324 458 456 329 330 331 332 333 334 461 459 319 460
31 -3.57394 -15.5375 8.42556 -0.652802 0.656726 -0.267783 0.266183 448 449 457 444 330 446 447 320 321 322 323 324 456 329 458 459 332 333 334 461 331 507 445 502 503 504 505 506 319
26 -4.26098 -16.5566 6.39676 0.586338 -0.584962 0.395783 -0.396715 256 257 258 456 450 273 275 276 278 280 452 282 415 416 291 292 421 422 423 424 297 298 299 300 301 431 432 433 434 307 308 309 310 439 440 441 442 315 316 317 318 319 320 449 322 451 324 325 326 327 328 329 330 459 332 461 334 444 445 240 447 426 255
32 -4.2416 -14.5469 6.44397 -0.588661 0.589339 -0.391478 0.391028 514 456 517 519 453 416 421 422 423 424 1450 1451 301 302 431 432 433 434 307 308 309 310 439 440 441 442 444 445 447 449 450 451 452 325 327 328 457 330 459 332 461 334 472 473 478 479 480 481 482 483 488 489 490 491 496 497 498 499 502 503 505 507 508 509 510
38 -4.24915 -12.5477 6.42586 -0.58747 0.587964 -0.393343 0.393012 1451 514 515 517 519 578 554 580 1450 547 548 425 426 555 556 557 558 431 432 433 434 563 564 565 566 585 571 572 573 574 577 450 452 453 582 583 584 457 459 588 461 591 593 472 473 478 479 480 481 553 488 489 490 491 496 497 498 499 502 503 505 507 508 509 510 511
45 -3.57071 -10.5584 8.42872 0.656279 -0.653655 0.265955 -0.267022 640 641 514 515 516 517 518 519 642 643 644 645 1450 1451 577 578 580 581 582 588 589 590 591 592 593 1105 630 631 632 633 635
49 -3.57188 -9.54697 8.4276 -0.654415 0.655378 -0.266861 0.266469 640 641 642 643 645 1167 1168 1169 1170 1171 1172 1450 1451 577 578 579 580 581 582 588 589 591 592 593 1113 1114 1105 630 631 632 633 634 635
48 -4.2739 -9.5479 6.36398 -0.583089 0.583538 -0.399835 0.399528 640 641 1154 643 1156 645 1451 1153 1163 1164 1165 1167 1170 1155 1172 1450 1157 553 554 555 556 557 558 563 564 565 566 571 573 574 578 580 582 583 584 585 586 588 589 591 593 611 602 603 608 609 610 483 612 613 1105 618 619 620 621 626 627 628 629 630 631 633 635 636 637 638 639
50 -4.26687 -8.55135 6.38198 0.584735 -0.584461 0.397707 -0.397894 640 641 1154 643 1156 645 1158 1153 1161 1163 1164 1165 1166 1167 1168 1170 1155 1172 1173 1174 1175 1177 1180 1114 1182 1150 548 1159 563 564 565 566 583 585 586 589 591 593 1113 602 603 608 609 610 611 612 613 1105 1148 618 619 620 621 626 627 628 629 630 631 633 635 636 637 638 639
56 -4.26454 -6.53586 6.38777 -0.583521 0.586496 -0.398203 0.396182 641 1154 643 1156 645 1158 1153 1160 1161 1163 1164 1165 1166 1167 1168 1170 1155 1172 1173 1174 1175 1176 1177 1178 1180 1182 1191 1192 1194 1159 1196 1198 1199 1200 1201 1202 1204 1195 1207 1209 1210 1211 1212 1205 1216 1219 1221 1105 1112 1113 1114 612 1148 618 619 620 621 1135 1136 1137 1138 1150 1143 1145 1146 636 637 638 639
60 -4.25449 -5.5328 6.41272 -0.584961 0.588604 -0.39579 0.393341 1153 1154 1155 1156 1158 1159 1161 1163 1164 1165 1166 1168 1170 1172 1173 1174 1175 1176 1177 1178 1180 1182 1374 1191 1192 1193 1194 1195 1196 1325 1198 1199 1200 1201 1202 1204 1205 1207 1209 1210 1211 1212 1213 1216 1217 1219 1221 1105 1366 1324 1112 1113 1114 1369 1375 1376 1367 1380 1383 1385 1135 1136 1137 1138 1143 1144 1145 1146 1148 1322
62 -4.24824 -4.53787 6.42801 -0.586578 0.589159 -0.393811 0.392086 1323 1158 1159 1161 1367 1325 1368 1173 1175 1176 1178 1180 1182 1374 1392 1191 1192 1194 1195 1196 1197 1198 1199 1200 1201 1202 1331 1204 1205 1207 1209 1210 1211 1212 1213 1216 1217 1219 1221 1332 1324 1112 1113 1114 1371 1372 1373 1369 1375 1376 1377 1380 1381 1383 1385 1386 1387 1388 1329 1135 1136 1137 1138 1395 1397 1143 1144 1145 1146 1322
61 -3.57905 -5.53588 8.42053 -0.652239 0.656648 -0.268667 0.266864 1167 1168 1169 1170 1171 1172 1177 1178 1179 1180 1181 1182 1322 1323 1324 1325 1329 1331 1204 1205 1206 1207 1208 1209 1216 1217 1218 1219 1221 1332 1112 1113 1114 1117 1380 1381 1382 1127 1384 1385 1383 1135 1136 1137 1138 1143 1144 1145 1146
67 -3.59239 -3.53465 8.40733 -0.651224 0.655979 -0.270793 0.26883 1394 1424 1425 1426 1427 1428 1392 1445 1393 1322 1323 1324 1325 1329 1330 1331 1204 1205 1206 1207 1208 1209 1216 1217 1218 1219 1220 1221 1332 1357 1358 1359 1360 1361 1364 1365 1112 1113 1114 1117 1380 1381 1382 1127 1384 1385 1383 1135 1136 1137 1138 1395 1396 1397 1143 1144 1145 1146
74 -4.23178 -0.542885 6.46704 -0.589862 0.591396 -0.389294 0.388284 1410 1411 1412 1413 1414 1415 1416 1417 1418 1419 1420 1421 2063 1424 1425 1427 2068 1429 1430 1431 1432 1435 1437 1441 1445 2086 1447 2088 2089 2090 2055 2092 2093 2094 2095 2096 2097 1330 1331 1332 2101 2102 2057 2104 2100 2108 2109 2111 2113 2117 2119 2060 1354 2103 2061 1357 1358 1359 1360 1361 1364 1365 1370 1371 1372 1373 1386 2087 1388 1389 1393 1395 1397 2091 2069
86 -4.22921 2.44956 6.47301 0.591093 -0.591008 0.388121 -0.388176 2057 2060 2061 2063 2065 2068 2069 2223 2221 2080 2081 2211 2085 2086 2087 2088 2089 2090 2091 2092 2093 2094 2222 2096 2097 2100 2101 2102 2103 2104 2105 2234 2235 2108 2109 2111 2240 2113 2117 2119 2252 2250 2123 2124 2125 2126 2209 2129 2130 2131 2132 2133 2134 2135 2136 2139 2140 2141 2142 2143 2144 2147 2148 2150 2152 2224 2156 2158 2225 2220 2233 2239
92 -4.23413 4.45482 6.46159 -0.589723 0.590766 -0.389716 0.389029 2264 2268 2286 2247 2080 2081 2211 2085 2215 2217 2218 2219 2222 2223 2224 2225 2226 2229 2230 2231 2232 2233 2234 2235 2236 2239 2240 2241 2242 2243 2244 2209 2248 2252 2250 2123 2124 2125 2126 2128 2129 2130 2131 2132 2133 2262 2135 2136 2266 2139 2140 2141 2142 2143 2144 2256 2147 2148 2150 2152 2281 2282 2156 2258 2158 2287 2280 2267 2297 2299 2269
94 -4.21527 5.45396 6.50469 -0.592846 0.593713 -0.385014 0.384452 2305 2286 2209 2338 2211 2085 2215 2217 2218 2219 2222 2223 2224 2225 2269 2229 2230 2231 2232 2233 2234 2235 2236 2239 2240 2241 2242 2243 2244 2247 2248 2250 2252 2125 2271 2128 2129 2130 2131 2132 2276 2266 2267 2268 2141 2143 2144 2256 2147 2148 2277 2278 2279 2280 2281 2282 2283 2156 2258 2158 2287 2288 2289 2290 2294 2295 2297 2299 2303
100 -4.21774 7.45187 6.49915 -0.592684 0.593097 -0.385467 0.385198 2305 2369 2371 2352 2338 2339 2340 2341 2215 2217 2218 2219 2348 2349 2350 2351 2224 2353 2354 2355 2228 2229 2230 2231 2232 2361 2362 2366 2367 2241 2243 2244 2358 2247 2248 2377 2359 2256 2360 2258 2266 2267 2268 2269 2343 2375 2276 2277 2278 2279 2280 2281 2282 2283 2386 2286 2287 2288 2289 2290 2291 2294 2295 2297 2299 2303
105 -3.58801 8.45163 8.41174 -0.653628 0.654146 -0.269238 0.269025 2305 2417 2423 2409 2212 2213 2215 2217 2218 2219 2353 2355 2358 2359 2361 2363 2365 2366 2367 2369 2371 2244 2375 2376 2377 2419 2258 2401 2403 2406 2407 2281 2283 2286 2287 2289 2291 2292 2294 2295 2297 2299 2302 2303
107 -3.58972 9.44717 8.41004 0.65421 -0.653347 0.269217 -0.269572 2305 2411 2417 2218 2219 2353 2355 2356 2358 2359 2361 2363 2366 2367 2368 2369 2371 2487 2375 2377 2419 2423 2401 2403 2405 2406 2407 2409 2283 2414 2415 2289 2418 2291 2294 2295 2425 2299 2471 2303
110 -4.21445 10.4509 6.50654 -0.593305 0.593514 -0.3846 0.384465 2476 2477 2451 2456 2457 2458 2459 2335 2338 2339 2340 2341 2470 2471 2472 2348 2349 2350 2351 2352 2354 2355 2358 2359 2360 2361 2362 2363 2366 2367 2369 2371 2375 2377 2487 2466 2386 2387 2388 2389 2489 2396 2397 2398 2399 2400 2401 2402 2403 2406 2278 2407 2408 2409 2410 2411 2414 2415 2417 2419 2423 2425
112 -4.2124 11.4474 6.51112 0.594012 -0.59345 0.383854 -0.384218 2479 2476 2477 2478 2456 2457 2458 2459 2473 2466 2467 2340 2469 2470 2471 2472 2345 2503 2348 2349 2350 2351 2480 2484 2485 2487 2360 2489 2362 2363 2493 2366 2367 2375 2377 2386 2387 2388 2389 2468 2396 2397 2398 2399 2400 2401 2402 2403 2406 2407 2408 2409 2410 2411 2414 2415 2417 2419 2423 2425 2495
116 -4.21923 12.4419 6.49577 0.593525 -0.591779 0.385129 -0.386266 2536 2456 2457 2458 2459 2466 2467 2468 2469 2470 2471 2472 2473 2476 2477 2478 2479 2480 2481 2484 2485 2487 2489 2525 2526 2493 2495 2498 2503 2504 2505 2506 2381 2383 2513 2386 2387 2388 2389 2519 2520 2521 2396 2397 2398 2399 2400 2402 2403 2406 2407 2408 2409 2410 2411 2414 2415 2417 2419 2423 2425 2538
118 -4.22206 13.443 6.48937 0.592947 -0.591457 0.385902 -0.386874 2519 2542 2521 2456 2457 2458 2459 2466 2467 2468 2469 2470 2471 2472 2473 2476 2477 2478 2479 2480 2481 2484 2485 2487 2489 2525 2526 2493 2495 2503 2504 2505 2506 2507 2513 2514 2515 2516 2391 2520 2393 2522 2396 2397 2398 2399 2528 2529 2533 2534 2408 2410 2411 2414 2415 2544 2536 2527 2423 2425 2538 2581
122 -4.22283 14.4613 6.48758 -0.590849 0.593302 -0.387381 0.38578 2980 2575 2576 2584 2453 2582 2583 2456 2457 2458 2459 2608 2466 2467 2468 2469 2470 2472 2473 2602 2603 2476 2477 2478 2479 2480 2481 2484 2485 2487 2489 2618 2526 2620 2493 2495 2607 2503 2504 2505 2506 2513 2514 2515 2516 2519 2520 2521 2522 2525 2398 2527 2528 2529 2530 2533 2534 2536 2538 2542 2544 2601 2581
123 -3.59872 14.4687 8.40098 -0.65031 0.65608 -0.271985 0.269593 2610 2604 2607 2980 2471 2473 2474 2476 2477 2479 2608 2481 2482 2483 2484 2485 2486 2487 2489 2618 2492 2493 2494 2495 2624 2520 2522 2525 2526 2528 2530 2532 2533 2534 2536 2620 2538 2411 2542 2543 2544 2425 2602
119 -3.60064 13.4387 8.39911 0.65481 -0.651349 0.27036 -0.271797 2542 2537 2471 2473 2474 2476 2477 2479 2481 2484 2485 2486 2487 2489 2618 2493 2495 2520 2522 2523 2524 2525 2526 2528 2530 2403 2533 2534 2535 2536 2409 2538 2411 2414 2415 2544 2419 2423 2425 2602
117 -3.59762 12.4403 8.40215 0.654754 -0.651793 0.269999 -0.271226 2542 2471 2473 2476 2477 2479 2481 2483 2484 2485 2487 2489 2363 2493 2494 2495 2377 2520 2522 2525 2526 2528 2401 2403 2406 2407 2536 2409 2538 2411 2412 2414 2415 2417 2419 2422 2423 2425
113 -3.60131 11.4463 8.39847 0.653607 -0.652474 0.270943 -0.271414 2471 2473 2475 2476 2477 2479 2481 2355 2484 2485 2487 2488 2361 2363 2493 2366 2367 2371 2375 2377 2489 2520 2401 2403 2404 2406 2407 2536 2409 2411 2414 2415 2416 2417 2419 2423 2425 2495
111 -3.59341 10.4524 8.40637 -0.65317 0.653919 -0.270117 0.269807 2305 2471 2473 2219 2476 2477 2479 2353 2355 2358 2359 2361 2363 2364 2493 2366 2367 2369 2371 2487 2374 2375 2377 2419 2489 2401 2403 2406 2407 2409 2411 2413 2414 2415 2417 2291 2423 2424 2425
109 -1.61758 9.44238 9.05532 0.695983 -0.69138 0.136659 -0.137569 2305 2306 2307 4996 4997 4999 5001 5264 5265 5267 5269 5270 5271 5273 5227 5275 5222 2417 2217 5223 2353 2355 2358 2359 2361 2363 2366 2367 2369 2371 2372 2373 2375 2377 2378 2379 5217 2423 5219 5225 2426 5216 2401 2403 5221 2406 2407 2409 2411 2414 2415 2289 2291 2420 2421 2294 2295 2419 2427
101 -3.59322 7.45049 8.40656 -0.653475 0.653639 -0.269966 0.269898 2305 2370 2417 2207 2209 2375 2211 2212 2213 2215 2217 2218 2219 2353 2355 2357 2358 2359 2361 2363 2236 2366 2367 2369 2242 2371 2244 2247 2248 2377 2252 2256 2258 2401 2281 2283 2284 2286 2287 2289 2291 2294 2295 2296 2297 2299 2303
99 -3.58913 6.45442 8.41062 -0.653124 0.654507 -0.26959 0.26902 2304 2305 2286 2207 2209 2375 2211 2212 2085 2215 2217 2218 2219 2353 2355 2358 2359 2361 2234 2236 2239 2240 2369 2242 2371 2244 2245 2247 2248 2250 2252 2255 2256 2258 2213 2144 2281 2283 2158 2287 2289 2291 2293 2294 2295 2297 2299 2303
95 -3.59698 5.44372 8.4028 0.654276 -0.652356 0.270114 -0.270909 2305 2286 2074 2075 2247 2207 2080 2081 2211 2212 2085 2215 2217 2218 2219 2353 2234 2236 2237 2239 2240 2369 2242 2244 2209 2248 2249 2250 2252 2256 2258 2136 2142 2213 2144 2147 2148 2152 2281 2283 2156 2285 2158 2287 2289 2291 2294 2295 2297 2298 2299 2303
93 -3.6067 4.45616 8.39305 -0.651743 0.653644 -0.272406 0.271614 2283 2063 2065 2068 2069 2074 2075 2247 2207 2080 2081 2211 2212 2085 2215 2209 2218 2219 2286 2105 2234 2236 2239 2240 2242 2244 2246 2119 2248 2250 2252 2256 2257 2258 2134 2136 2139 2140 2142 2213 2144 2145 2147 2148 2150 2152 2281 2155 2156 2158 2287 2289 2217 2297 2299 2303
89 -3.59805 3.44292 8.40173 0.654331 -0.652165 0.270228 -0.271126 2055 2057 2281 2060 2061 2063 2065 2068 2069 2074 2075 2247 2207 2080 2081 2211 2212 2085 2215 2209 2219 2097 2103 2105 2234 2108 2109 2238 2239 2240 2113 2242 2244 2117 2119 2248 2250 2251 2252 2256 2258 2134 2136 2137 2139 2140 2142 2213 2144 2147 2148 2149 2150 2152 2236 2156 2158 2217 2297
87 -3.57943 2.4667 8.42014 -0.651812 0.657022 -0.268892 0.26676 2055 2057 2060 2061 2063 2065 2068 2069 1432 2074 2075 2207 2080 2081 2211 2212 2085 1447 2209 2095 2097 2100 2101 2103 2105 2106 2107 2108 2109 2110 2111 2240 2113 2242 2116 2117 2118 2119 2250 2252 1360 1361 1364 1365 2134 2136 2139 2140 2234 2142 2213 2144 2256 2146 2147 2148 2150 2152 2236 2215 2156 2157 2158 2217 2239
83 -3.58419 1.45451 8.41551 -0.653419 0.654834 -0.268838 0.268257 2055 2057 2060 2061 2063 2065 2068 2069 1432 2074 1435 1436 1437 2207 2080 1441 2075 1445 1447 2209 2119 2095 2097 2098 2100 2101 2103 2105 2234 2108 2109 2110 2111 2113 2117 2081 1354 1358 1359 1360 1361 2211 1364 1365 2134 2136 2138 2139 2140 2142 2144 2147 2148 2150 2151 2152 2156 2158 2250
81 -3.58447 0.45978 8.41522 -0.652583 0.655631 -0.269218 0.267966 2055 2057 2060 2061 2063 1424 1425 1426 1427 1428 2069 1432 2074 1435 1436 1437 2080 1441 2075 1444 1317 1446 1447 2119 2095 2097 1330 1331 1332 2101 2103 2100 2107 2108 2109 1342 2111 2113 2117 2118 2081 1354 1357 1358 1359 1360 1361 1364 1365 2134 2105 2136 2139 2140 2142 1445 2150 2065 2152 2156 2068
75 -3.58618 -0.537395 8.41352 -0.652037 0.655957 -0.269662 0.26805 2097 2055 2057 2060 2061 2063 1424 1425 1426 1427 1428 2069 1432 2119 1435 1308 1437 1440 1441 2075 1316 1317 1447 1436 1323 1324 1325 2095 1329 1330 1331 1332 2101 2103 2100 2108 2109 1342 2111 2112 2080 2117 2081 2099 1354 1357 1358 1359 1360 1361 1364 1365 2134 2105 1445 2150 2113 2065 1392 1393 1394 1395 1396 1397 2068
77 -1.64135 -0.535489 9.04539 -0.688746 0.697405 -0.140972 0.139221 2048 2050 2053 2054 2055 2057 2060 2061 2063 2065 2068 2069 2072 2073 2080 2081 2095 2097 2100 2101 2103 2105 2108 2109 2111 2113 2114 2115 2117 2120 2121 4764 4765 4767 4769 4770 4771 4773 4775 4783 4785 4795 1307 1322 1323 1329 1330 1340 1348 1350 1354 1357 1360 1361 1365 1392 1393 1397 1407 1408 1409 1424 1425 1427 1428 1432 1435 1436 1437 1439 1441 1442 1443 1445 1447 1448 1449 4014 4015 4016 4018 4020 4040 4042 4053 4054 4056 4058 4059 4060 4062 4064 4074
71 -1.61901 -2.53819 9.05471 -0.690041 0.697238 -0.138009 0.136584 2048 2050 2055 2057 2063 1117 1127 1128 1135 1136 1143 1144 1216 1217 1221 1228 1229 1230 1323 3856 3857 3859 3861 1307 3881 1322 3883 1329 1330 1340 1348 1350 1354 1357 1360 1361 1380 1381 1383 1385 1392 1393 1395 1397 1399 1401 1402 1403 1405 1407 1408 1409 1424 1425 1427 1435 1436 1437 1439 1441 1442 1443 1445 1448 4009 4010 4012 4014 4015 4016 4018 4020 4028 4030 4053 4054 4056 4058 4059 4060 4062 4064 4072 4074 4086 1449
200 3.63135 -1.53745 8.41586 0.652191 0.656101 -0.269294 -0.26769 4096 4099 4100 4101 4102 4842 4107 4108 4116 4117 4783 4125 4126 4127 4128 4131 4132 4133 4134 4843 4039 4782 4143 4784 4785 4786 4787 4041 4852 4027 4028 4029 4030 4031 4032 4844 3910 3911 4040 3913 4042 4043 4044 4853 3925 4071 4072 4073 4074 4075 4076 4845 4854 4850 4083 4084 4085 4086 4087 4088 4093 4094 4095
199 4.27124 -1.53688 6.4856 0.590517 0.593353 -0.387721 -0.385868 4096 4099 4100 4101 4102 4778 3848 4842 4756 4757 4758 4759 4125 4126 4127 4128 4001 4002 4003 4004 4005 4006 4007 4008 4131 4779 4780 4783 4785 4786 4023 4025 4026 4028 4030 4032 4035 4036 4037 4038 4040 4042 4043 4044 4045 4046 4047 4048 4049 4050 4051 4052 4132 4844 4133 4067 4068 4069 4070 4072 4074 4075 4076 4845 4079 4080 4081 4082 4084 4086 4087 4088 4134 4093 4094
210 3.60368 1.46045 8.44284 0.654209 0.657518 -0.264939 -0.263606 4871 4872 4873 4874 4878 5019 4125 4126 4127 5026 4131 4132 4133 4134 4138 4146 4783 4784 4785 4786 4787 4148 4852 4794 4795 4796 4797 4853 4854 4855 4945 4819 4821 4823 4825 4827 4828 4957 4830 5021 4837 4838 4839 4842 4843 4844 4845 4850 4083 4084 4085 4086 4087 4088
213 4.27393 2.51556 6.47772 0.584288 0.598393 -0.392238 -0.382993 4957 4871 4873 4874 4876 4878 4931 4756 4757 4758 4759 4760 4761 4762 4763 5021 4933 5019 4934 4956 4778 4779 4780 4781 4783 4785 4787 4958 4790 4791 4792 4793 4795 4797 4800 4801 4802 4803 4804 4805 4806 4807 4808 4809 4947 4945 4051 4821 4824 4825 4826 4827 4828 4829 4830 4960 4833 4834 4835 4836 4839 4843 4844 4845 4850 4819 4852 4853 4854 4932 4961
215 4.28053 3.55948 6.45918 0.578244 0.601673 -0.397289 -0.381819 4871 4873 4874 4876 4930 4878 4931 4966 4953 4760 4761 4762 4763 5021 5023 5025 5019 4934 4956 4957 4958 4790 4791 4792 4793 4795 4929 4800 4801 4802 4803 4932 4933 4806 4807 4808 4809 4938 4939 4940 4941 4945 4819 4821 4951 4824 4825 4826 4827 4828 4829 4830 4959 4960 4833 4834 4835 4836 4965 4838 4839 4968 4969 4973 4947 4852 4853 4854 4964 4961
219 4.291 4.49963 6.43849 0.583306 0.593871 -0.395337 -0.388304 4993 4995 4873 4874 4876 5005 4878 5008 5009 4931 5004 4966 4953 4762 5019 5021 4933 5025 5028 4934 4956 4935 5006 4979 4958 4937 5023 4800 4801 4802 4803 4932 4805 4806 4807 4808 4809 4938 4939 4940 4941 4945 4819 4821 4951 4824 4825 4826 4827 4828 4957 4830 4959 4960 4833 4834 4835 4836 4965 4838 4839 4968 4969 4967 4976 4977 4978 4947 4983 4964 5029 4961
221 4.27952 5.49897 6.4656 0.585254 0.595755 -0.392386 -0.38547 4993 4995 4999 5001 5004 4876 5005 4878 5007 5008 5009 5012 4966 5014 5013 5017 5019 5021 4933 5025 5028 4934 5006 4979 5023 5016 4802 4931 4932 4805 4806 4807 4808 4809 4938 4939 4940 4941 4945 4819 4821 4951 4953 4956 4957 4958 4959 4960 4833 4834 4835 4836 4965 4838 4967 4968 4969 4973 4975 4976 4977 4978 4947 4964 5029 4986 4987 4988 4989 4961
225 4.26568 6.57926 6.49138 0.578224 0.606136 -0.395162 -0.376966 4993 4995 5221 4999 5001 5004 5005 5006 5007 5008 5009 5012 5013 5014 5015 5016 5017 5019 5021 5023 5025 5028 5029 5234 5235 4931 4932 4933 4934 5232 4938 4939 4940 4941 4945 5202 4947 5204 4821 4951 4953 4956 4957 4958 4959 4960 4961 5203 5219 4964 4965 4966 4967 4968 4969 5230 5231 4976 4977 4978 4979 5209 4983 4985 4986 4987 4988 4989 5205
227 4.26941 7.52981 6.48719 0.58338 0.600593 -0.392203 -0.380962 4993 4995 4999 5001 5004 5005 5006 5007 5008 5009 5243 5012 5013 5014 5015 5016 5017 5239 5023 5025 5028 5029 5233 5234 5235 4930 5232 4938 4939 4940 4941 5199 5202 4947 5204 5205 4951 4953 5212 5213 5214 5215 5203 5219 4964 4965 4966 4967 4968 4969 5227 5230 5231 4976 4977 4978 4979 5242 5238 5225 5240 4986 4987 4988 4989 5221
237 4.26621 10.5156 6.49531 0.585486 0.59967 -0.390336 -0.381103 5250 5251 5252 5253 5260 5261 5262 5263 5267 5269 5273 5275 5278 5279 5280 5281 5282 5283 5286 5287 5288 5289 5290 5291 5320 5321 5322 5323 5324 5202 5203 5204 5205 5241 5338 5212 5213 5214 5215 5219 5221 5350 5351 5225 5349 5227 5353 5230 5231 5232 5233 5234 5235 5340 5238 5239 5240 4985 5242 5243 4988 5354
239 4.25059 11.5512 6.5276 0.583743 0.605824 -0.389272 -0.375084 5250 5251 5252 5253 5257 5260 5261 5262 5263 5267 5269 5273 5275 5278 5279 5280 5281 5282 5283 5286 5287 5288 5289 5290 5291 5321 5322 5323 5324 5331 5332 5333 5334 5338 5212 5213 5214 5215 5344 5221 5350 5351 5352 5225 5349 5227 5353 5358 5359 5361 5362 5357 5340 5238 5239 5240 5241 5242 5243 5354 5247
243 4.25912 12.5155 6.51119 0.586585 0.600802 -0.388598 -0.379402 5376 5250 5251 5252 5253 5260 5261 5262 5263 5267 5269 5401 5273 5402 5275 5405 5278 5279 5280 5281 5282 5283 5286 5287 5288 5289 5290 5291 5406 5407 5318 5321 5322 5323 5324 5331 5332 5333 5334 5403 5338 5211 5340 5344 5349 5350 5351 5352 5353 5354 5357 5358 5359 5360 5361 5362 5363 5370 5372 5373 5374 5375
245 4.26906 13.5037 6.48944 0.586385 0.597974 -0.390143 -0.382582 5376 5249 5252 5381 5382 5383 5384 5385 5386 5260 5261 5262 5263 5398 5401 5273 5402 5275 5404 5405 5406 5407 5408 5403 5412 5413 5286 5287 5288 5289 5290 5291 5411 5321 5322 5323 5324 5331 5332 5333 5334 5338 5340 5416 5344 5349 5350 5351 5352 5353 5354 5415 5357 5358 5359 5360 5361 5362 5363 5373 5374 5375
248 4.26531 14.517 6.49725 0.585467 0.599959 -0.390221 -0.380796 5376 5383 5384 5385 5386 5259 5262 5396 5398 5401 5402 5403 5404 5405 5406 5407 5408 5411 5412 5413 5414 5415 5416 6188 5717 5698 5699 5700 5701 5702 5321 5322 5323 5324 5331 5332 5333 5334 5719 5338 5340 5733 5728 5729 5730 5732 5349 5350 5351 5352 5353 5354 5357 5358 5359 5360 5361 5362 5363 5373 5374 5375
249 3.65339 14.47 8.39382 0.649657 0.655816 -0.273172 -0.270607 5396 5397 5398 5402 5275 5404 5405 5406 5407 5408 5410 5412 5414 5415 5416 5289 6188 5731 5717 5719 5337 5338 5723 5340 5344 5729 5347 5732 5733 5350 5352 5353 5354 5355 5356 5358 5360 5361 5362 5363 5737
247 1.58803 14.5002 9.08535 0.678885 0.711702 -0.130638 -0.124614 5387 5388 5390 5392 5393 5394 5396 5358 5398 5402 5404 5406 5408 5360 5412 5414 5415 5416 5341 5352 2487 2489 2618 2491 2620 2621 2622 2495 2496 2497 5714 5715 5717 5335 5336 5338 5340 2490 5342 5344 5729 5346 5731 5732 5733 5350 2536 5353 2538 2539 2540 2542 2493 2544 2545 2546 5363 5737 2425 5354
246 3.64789 13.4331 8.39938 0.655684 0.650503 -0.269962 -0.272112 5396 5269 5398 5399 5400 5273 5402 5275 5404 5405 5406 5407 5408 5281 5410 5412 5414 5287 5416 5289 5290 5291 5717 5337 5338 5340 5344 5729 5347 5350 5352 5353 5354 5415 5358 5360 5361 5362 5363
244 3.63426 12.4432 8.41301 0.655017 0.652917 -0.268503 -0.269367 5267 5269 5272 5273 5402 5275 5404 5405 5406 5279 5408 5281 5282 5283 5284 5287 5289 5290 5291 5407 5412 5338 5340 5344 5350 5352 5353 5354 5227 5356 5358 5360 5361 5362 5363 5241
240 3.64253 11.4486 8.40481 0.653659 0.653231 -0.270114 -0.270291 5266 5267 5269 5273 5402 5275 5276 5361 5279 5281 5282 5283 5287 5289 5290 5291 5338 5339 5340 5344 5348 5221 5350 5352 5225 5354 5227 5353 5358 5360 5233 5362 5363 5239 5241 5242 5243
238 3.65411 10.4524 8.39318 0.652331 0.653076 -0.272144 -0.271834 5001 5267 5269 5015 5273 5274 5275 5279 5281 5282 5283 5029 5287 5289 5290 5291 5338 5340 5352 5285 5344 5219 5221 5350 5224 5225 5354 5227 5353 5358 5231 5233 5234 5235 5236 5239 5241 5242 5243
234 3.63509 9.44858 8.4122 0.65413 0.653703 -0.268972 -0.269148 4995 4999 5001 5007 5267 5268 5013 5015 5016 5017 5275 5277 5279 5281 5282 5283 5028 5029 5287 5289 5290 5291 5338 5218 5219 5221 5350 5225 5227 5228 5231 5233 5234 5235 5239 5241 5242 5243 5273 5269
232 3.64181 8.45226 8.40553 0.653135 0.653846 -0.270239 -0.269945 4993 4995 4998 4999 5001 5005 5007 5008 5009 5010 5267 5013 5015 5016 5017 5023 5025 5026 5027 5028 5029 5287 5279 5281 5282 5283 4953 5219 5221 4967 5225 5226 5227 5231 5233 5234 5235 5237 5239 5241 5242 5243 5273 5269
228 3.63582 7.46251 8.41144 0.651921 0.655809 -0.269977 -0.268376 4992 4993 4994 4995 4999 5001 5002 5005 5007 5008 5009 5267 5013 5015 5016 5017 5019 5021 5023 5025 5026 5027 5028 5029 5279 5239 4947 4951 4953 4959 5219 5220 4965 4967 4968 4969 5227 5229 5231 5233 5234 5235 5225 5241 5242 5243 5221
226 3.6262 6.45897 8.42095 0.653068 0.655876 -0.268276 -0.267128 4993 4995 4999 5000 5001 4876 5005 4878 5007 5008 5009 5011 5013 5015 5016 5017 5019 5021 5023 5025 5026 5027 5028 5029 5239 4945 4947 4821 4950 4951 4952 4953 4957 4959 4960 4961 4962 5219 4836 4965 4967 4968 4969 5231 5233 5234 5235 5225 5221
222 3.62621 5.44448 8.42095 0.655324 0.653621 -0.267354 -0.26805 4992 4993 4994 4995 4871 4872 4873 4874 5003 4876 5005 4878 5007 5008 5009 5013 5015 5016 5017 5019 5021 5023 5025 5026 5027 5028 5029 4999 5001 4944 4945 4819 4821 4951 4953 4954 4957 4959 4960 4961 5219 4836 4837 4838 4839 4968 4969 4967 5231 4947 4965
220 3.62951 4.46229 8.41767 0.652345 0.656179 -0.268996 -0.267425 4993 4995 4871 4872 4873 4874 4876 5005 4878 5007 5008 5009 5013 4953 5019 5021 5023 5025 5026 5027 5028 5029 4999 4957 4793 4945 4818 4819 4820 4821 4951 4952 4825 4827 4828 4829 4830 4959 4960 4961 4963 4836 4837 4838 4839 4968 4969 4967 4850 4947 4852 4853 4854 4965
216 3.60604 3.4565 8.44058 0.654691 0.656751 -0.265044 -0.264213 4993 4871 4872 4873 4874 4876 5005 4878 4953 5019 5021 5023 5025 5026 4955 5029 4957 4946 4967 5027 4794 4795 4796 4797 4945 4818 4819 4820 4821 4822 4951 4825 4827 4829 4830 4959 4960 4961 4836 4837 4838 4839 4968 4969 4842 4843 4844 4845 4850 4947 4852 4853 4854 4965 4857
217 1.66899 4.46648 9.05369 0.688565 0.698574 -0.138599 -0.136613 4961 4993 5008 4991 4871 4876 5005 4878 4879 4880 4838 4949 4953 5019 5021 4945 5023 5009 5025 4969 4967 5007 2250 4942 2119 4810 4811 2252 2253 2254 4813 2256 4817 2258 2259 2260 4821 4951 4825 4947 4815 4957 4830 4959 4960 4816 4943 4836 4837 2150 4839 2152 2153 2154 4843 2156 2158 2159 2160 4968 4850 4819 4852 4853 4854 4965 4948 2297 2299 2300 2301 4990 4863
