0 -4.0582 -28.0734 4.39352 -0.625452 0.357178 -0.344014 0.602402 6 7 8 9 10 11 12 17 19 23 24 25 26 27 28 29 30 31 32 35 36 38 53 54 56 59 61 63 67
4 -4.29184 -25.4788 4.73883 -0.615166 0.444846 -0.381416 0.527451 132 133 6 7 140 141 19 149 24 26 27 28 29 30 31 32 35 36 37 38 53 54 55 59 63 116 117 122 123 124 125 126
158 1.84266 -27.5928 7.0381 0.854095 0.251763 -0.128683 -0.436552 3200 3202 3172 3190 70 72 3205 3149 3183 3184 3153 3186 19 21 22 3191 3289 3198 3196 62 3189
156 4.23212 -26.5958 5.03668 -0.652473 -0.447481 0.345908 0.504369 3200 3201 3205 3254 3137 3138 3142 3143 3150 3151 3153 3154 3288 3167 3168 3169 3170 3171 3172 3173 3174 3175 3176 3177 3179 3180 3183 3184 3189
168 4.14396 -23.0646 6.64833 0.658854 0.542045 -0.331408 -0.402825 3205 3337 3338 3339 3340 3345 3346 3349 3350 3357 3184 3258 3260 3268 3269 3270 3288 3289 3290 3291 3292 3293 3296 3297 3298 3299 3300 3301 3312 3313 3314 3315 3322 3323 3324
170 4.50929 -20.8445 4.28205 -0.524063 -0.474916 0.474738 0.523867 3337 3339 3349 3351 3383 3384 3385 3386 3387 3388 3393 3266 3395 3396 3269 3270 3410 3412 3422 3298 3310 3311 3312 3313 3314 3315 3320 3321 3322 3323 3324 3325
180 3.60266 -19.6225 8.44263 0.667172 0.644334 -0.259664 -0.268868 3343 3472 3473 3346 3475 3353 3354 3355 3356 3357 3358 3471 3415 3416 3417 3418 3419 3344 3426 3427 3428 3429 3430 3431
181 4.29335 -18.7403 6.41813 0.60696 0.566687 -0.380252 -0.407276 3467 3468 3469 3470 3480 3475 3476 3351 3352 3479 3386 3388 3396 3397 3398 3410 3411 3412 3413 3418 3419 3422 3423 3424 3425 3430 3431 3453 3442 3443 3444 3445 3452 3325 3454
185 4.30728 -17.7831 6.37536 0.608004 0.559229 -0.381508 -0.414783 3467 3468 3469 3470 3475 3476 3479 3480 3481 3482 3487 3488 3388 3517 3518 3396 3398 3412 3541 3548 3422 3423 3424 3425 3430 3431 3516 3443 3445 3540 3452 3453 3454 3455
191 4.31629 -15.6696 6.37067 0.596148 0.571168 -0.390355 -0.407428 3596 3469 3470 3479 3480 3481 3482 3487 3488 3573 3517 3519 3526 3527 3528 3529 3597 3540 3541 3542 3543 3548 3549 3552 3553 3554 3555 3560 3561 3572 3445 3453 3455
199 4.31601 -12.6359 6.37455 0.592971 0.575028 -0.392408 -0.404653 3585 3596 3597 3598 3599 3604 3605 3608 3609 3610 3611 3616 3617 3645 3646 3647 3654 3655 3529 3668 3669 3670 3671 3676 3677 3680 3681 3554 3555 3573 3575 3583
209 4.30251 -9.6959 6.40224 0.601203 0.570474 -0.385164 -0.40591 3712 3713 3725 3726 3727 3728 3733 3734 3737 3738 3739 3740 3745 3746 3647 3655 3657 3670 3671 3800 3801 3680 3681 3682 3683 3688 3689 3820 3821 3701 3703 3710 3711
210 3.5886 -9.7047 8.45177 0.680506 0.631442 -0.252854 -0.272501 3730 3731 3732 3733 3734 3742 3743 3744 3745 3746 3674 3675 3677 3684 3685 3686 3687 3688 3689 3824 3825 3826 3828
214 1.55904 -7.51378 9.0964 0.683854 0.70823 -0.126156 -0.121814 3715 3717 3718 3719 649 3722 652 653 3742 3744 1185 1186 1188 1189 1190 3721 3850 1222 1224 3853 3809 3810 3811 3812 3813 3814 3815 3817 3825 3827 3837 3839
59 -1.5298 -8.55229 9.08983 0.696497 -0.695013 0.126057 -0.126326 3714 643 645 646 647 648 649 650 651 652 653 1170 3715 1172 1183 1184 1185 1186 1187 1189 3719 3718 3663 599 601 3809 3810 3813 633 635
52 -1.5467 -11.5539 9.08343 0.696623 -0.694119 0.128055 -0.128517 3714 3587 517 646 519 648 523 525 527 528 529 4628 4629 1450 1451 580 582 3659 3662 591 593 594 595 597 598 599 600 601 3663
196 1.59536 -12.577 9.08288 0.704027 0.686542 -0.12684 -0.130071 3586 3587 3588 3589 3590 3592 521 524 525 529 3603 4628 4629 3613 3615 1450 1451 3593 3659 3660 3661 3662 3535 3664 3537 469 471 600 3673 3675 3601
194 3.57143 -14.6021 8.47281 0.666066 0.649362 -0.256188 -0.262778 3600 3601 3602 3603 3604 3605 3613 3486 3488 3485 3614 3616 3544 3545 3546 3547 3548 3549 3557 3558 3559 3560 3561
184 1.58103 -16.5716 9.08837 0.702708 0.688556 -0.125379 -0.127956 3456 3457 3458 3460 342 3462 3463 3464 3472 3474 3484 3486 3461 288 290 3530 3531 3532 3405 3534 3407 464 465 338 341 470 3545 3547 3536 337 3533
35 -1.53872 -16.551 9.08647 0.69587 -0.695238 0.127238 -0.127354 3456 3457 342 3462 3534 3461 288 290 462 447 449 322 324 3530 3531 332 3405 334 335 464 465 338 467 340 341 470 463 336 337 339
28 -1.54648 -19.5546 9.08352 0.696861 -0.69389 0.127984 -0.128532 3456 3331 3332 270 272 280 282 283 284 285 286 287 288 289 290 3399 3400 3404 3405 335 337 210 212 216 218 219 220 221 222 3327
171 1.43924 -21.7329 9.13197 0.763595 0.626177 -0.0999078 -0.121833 3329 3330 3331 3332 3333 3334 3342 3344 3354 3356 285 286 160 163 165 167 168 169 221 3358 3399 3401 3274 3277 3278 3279 3281 3283 3357 214 217 218 3293 222 3300 3301 3418 3326 3327
16 -1.57563 -24.271 8.9775 0.857347 -0.463018 0.106861 -0.197868 142 147 148 150 152 155 156 158 160 161 163 165 167 168 169 200 3292 201 65 195 70 71 72 73 3274 3275 3277 3278 214 217 3272 3186 3188 3191 3196 3197 3198 3199
19 -3.59335 -21.7015 8.40102 0.676108 -0.629467 0.260945 -0.280281 267 269 142 271 144 146 148 150 152 155 156 158 159 160 165 167 270 195 198 199 200 201 202 207 208 209 210 211 212 213 214
18 -4.24983 -21.6951 6.41497 0.602076 -0.571412 0.383895 -0.404496 133 135 264 141 142 148 149 150 151 152 155 156 263 177 178 179 186 187 188 189 194 195 196 197 199 200 203 204 205 206 207 208 245 246 125
26 -4.25725 -18.5507 6.40605 0.586384 -0.586238 0.395222 -0.395321 256 258 263 264 265 266 267 268 273 274 275 276 277 278 298 300 308 315 316 189 318 319 320 325 326 205 206 317 246 248
37 -3.57394 -15.5375 8.42556 -0.652802 0.656726 -0.267783 0.266183 448 449 457 444 330 446 447 320 321 323 324 456 329 458 459 332 333 334 461 331 445 502 504 505 506
38 -4.2416 -14.5469 6.44397 -0.588661 0.589339 -0.391478 0.391028 421 422 423 424 431 432 456 434 309 310 439 440 441 442 444 445 450 451 452 453 327 328 457 479 481 489 496 497 498 499 502 503 508 509
45 -3.5631 -12.5453 8.43613 -0.654686 0.656192 -0.265633 0.265024 514 515 516 517 518 519 577 578 579 580 582 457 458 588 461 590 591 592 502 503 505 506 507 460
50 -4.26816 -10.5578 6.37868 0.58517 -0.583554 0.397595 -0.398696 619 554 556 564 566 571 572 573 574 577 578 583 584 585 586 588 589 609 611 491 626 627 628 629 630 631 636 637 510 511
327 -4.50244 -8.34913 5.47524 0.901962 0.228442 -0.089969 -0.355225 799 737 674 771 772 806 769 801 807 770 781 785 786 1118 671 797 798 735
60 -4.05438 -7.90233 6.44443 0.842777 -0.3877 0.156047 -0.339212 1154 1155 1156 1158 1159 1160 1161 1163 1165 1173 1175 1191 1192 1194 1105 1112 1113 1114 1116 1117 1118 1119 1125 1127 620 1135 1137
65 -3.57492 -7.53769 8.42459 -0.652776 0.656629 -0.267919 0.266347 640 641 642 643 644 645 1167 1168 1169 1170 1171 1172 1177 1178 1179 1180 1182 1204 1206 1207 1208 631 632 634 635
61 -3.47778 -6.14733 7.045 0.852272 -0.484058 0.0979296 -0.172423 1176 1307 1322 1323 1324 1325 1199 1105 1112 1113 1114 1117 1125 1126 1127 1128 1135 1136 1137 1138 1143 1144 1145 1146
72 -4.25449 -5.5328 6.41272 -0.584961 0.588604 -0.39579 0.393341 1156 1159 1161 1165 1166 1173 1174 1175 1176 1177 1178 1192 1194 1196 1198 1199 1200 1201 1202 1204 1205 1210 1211 1212 1213 1216 1217 1367 1374 1375
340 -6.23211 -4.94383 6.82769 0.931963 -0.236446 0.0675884 -0.266403 1028 907 914 915 917 1305 921 1306 1322 924 925 1314 1315 804 934 935 936 809 810 811 944 831 962 964 1015 1308 984 985 986 987 993 994 995 996 1126 1316 1004 1005 1006 1007 1014 937 1016 1017 765
326 -7.94019 -4.63217 5.89819 0.703083 -0.664745 0.173517 -0.183524 768 775 776 906 907 780 782 784 786 788 917 790 792 921 794 924 797 801 802 805 796 925 779 979
312 -9.68335 -5.06721 5.37943 -0.805918 0.183251 -0.124819 0.548941 352 912 907 908 362 363 364 909 366 367 368 370 910 919 924 914 351
324 -9.33781 -4.39131 5.62812 -0.638546 0.695312 -0.242945 0.223111 768 769 770 773 774 775 776 777 778 779 780 781 782 783 784 916 789 790 791 792 924 822 905 906 831 835 918 919 907 917 766 767
314 -9.93228 -2.67739 7.02339 0.960288 -0.186881 0.0395763 -0.203363 386 387 388 389 396 397 913 942 943 944 945 822 952 831 963 950 974 352 355 357 359 361 363 364 367 368 370 376 378 1727 380
308 -11.78 -4.1966 4.82485 -0.7485 0.174365 -0.145157 0.623117 352 353 354 355 855 363 365 366 367 368 370 853 343 344 345 346 347 348 382 351
306 -13.8025 -3.22334 4.58823 -0.722843 0.169456 -0.152902 0.65223 1569 1570 355 1572 1583 1584 1529 371 1571 1534 343 344 345 346 347 348 349 350
349 -18.2574 0.764209 6.63635 0.92261 -0.203378 0.0705576 -0.320079 1477 1478 1546 1483 1453 1455 1458 1460 1525 1462 1463 1468 1469 1470 1471
355 -18.0825 4.66906 7.24689 0.505388 0.859599 -0.0649232 -0.0381705 1504 1505 1507 1508 1510 1479 1480 1482 1524 1459 1460 1461 1495 1496 1497 1498 1499 1500 1501 1502 1503
357 -17.0715 4.75108 7.23821 0.447311 0.89039 -0.0753939 -0.0378761 1548 1473 1474 1476 1480 1481 1482 1484 1494 1495 1496 1503 1504 1505 1507 1508 1509 1510 1511 1512 1513 1515 1517 1524
380 -14.0683 4.84454 7.22675 0.388588 0.916499 -0.0874816 -0.0370915 1552 1560 1562 1647 1564 1566 1568 1651 1602 1608 1610 1612 1613 1628 1629 1633 1635 1637 1639 1641 1643 1645 1519 1648 1649 1650 1523 1655
366 -14.0895 2.7184 7.24376 0.462099 0.88333 -0.069733 -0.0364796 1537 1540 1542 1544 1546 1548 1602 1550 1552 1554 1556 1558 1560 1562 1564 1566 1568 1570 1576 1578 1580 1582 1594 1600 1474 1604 1608 1643 1528 1529 1531 1533 1535
371 -12.0816 1.75626 7.23904 0.438256 0.894958 -0.0750376 -0.0367455 1664 1667 1669 1671 1672 1679 1558 1694 1574 1578 1580 1582 1584 1586 1588 1590 1592 1594 1596 1598 1600 1602 1604 1606 1618 1620 1622 1623 344 346 1658 1660 1662
390 -10.0451 1.88063 7.21838 0.380918 0.918955 -0.0943149 -0.0390947 1664 1667 1669 1671 1672 1677 1679 1681 1682 1687 1688 1689 1690 1694 1695 1696 1697 1702 1704 1710 1711 1712 1713 1718 1725 1598 1727 1728 1735 1736 1737 1738 1743 1744 1622 1623 1753 1762 361 1726 378 381
397 -10.1002 3.85527 7.22953 0.363761 0.926884 -0.0861508 -0.0338104 1690 1695 1697 1702 1703 1704 1705 1710 1711 1712 1713 1718 1719 1720 1735 1736 1738 1629 1630 1631 1761 1762 1763 1764 1765 1766 1768 1770 1772 1774 1778 1780 1654 1655 1656 1786
379 -14.9599 8.4033 4.38673 0.0621819 0.716777 -0.691926 -0.0600261 1504 1644 1638 1639 1512 1640 1482 1612 1645 1647 1520 1521 1522 1523 1524 1650 1641 1648 1610
413 -9.34449 7.43284 3.57254 0.0163434 0.740497 -0.671698 -0.0148249 1763 1701 1766 1705 1770 1870 1871 1872 1873 1715 1717 1782 1719 1784 1785 1787
128 -4.21774 7.45187 6.49915 -0.592684 0.593097 -0.385467 0.385198 2338 2339 2340 2341 2348 2349 2352 2353 2354 2355 2358 2231 2232 2361 2366 2243 2244 2248 2359 2360 2266 2267 2268 2269 2276 2277 2278 2279 2280 2281 2282 2283 2286 2287 2288 2289 2290 2291 2294 2295
120 -4.23413 4.45482 6.46159 -0.589723 0.590766 -0.389716 0.389029 2222 2223 2224 2225 2229 2230 2231 2232 2233 2234 2235 2236 2239 2240 2241 2242 2243 2244 2247 2248 2125 2126 2129 2130 2131 2132 2135 2136 2266 2267 2140 2141 2142 2143 2144 2147 2148 2280 2281 2286
425 -5.31964 4.67997 6.01269 0.0618379 0.975433 -0.211014 -0.0133773 1920 1921 1922 1923 1924 2054 2070 2071 2072 2052 1822 1865 1869 1873 1877 1881 1882 1883 1898 1910 1914 1915 1916 1917 1918 1919
424 -5.18107 3.29334 6.14476 0.165615 0.974617 -0.148514 -0.0252367 1920 1921 1922 1923 1924 2051 2070 2071 2052 1822 1857 1861 1863 1867 1869 1875 1877 1879 1881 1882 1883 1895 1897 1899 1909 1911 1913 1914 1916 1917 1918 1919
102 -5.32171 2.51668 5.22894 -0.566824 0.580271 -0.418338 0.408644 2060 2061 2063 2065 2068 2069 2223 2077 2079 2080 2081 2082 2083 2084 2085 2087 2089 2091 2093 2094 2222 2096 2225 2102 2104 2233 2235 2208 2209 2124 2126 2130 2131 2132 2133 2135 2141 2143 2211 2224
100 -4.84565 0.543436 6.11862 -0.622293 0.647328 -0.317297 0.305025 2048 2050 1411 1413 1415 1417 2058 2059 1420 2061 2063 2065 2066 2067 2068 1429 1431 2091 2074 2075 2077 2079 2080 2087 2089 2055 2093 2094 2096 2102 2057 2104 1340 2133 1348 1350 2060 1354 1356 1358 1359 1360 1361 1362 1363 1364 1365 2124 2069
418 -6.19309 0.877893 7.23671 0.287051 0.954062 -0.0821982 -0.0247312 1027 1028 1029 1037 1038 1039 1040 1889 1053 1055 1059 1833 1834 1835 1836 1840 1842 1844 951 1848 953 1850 1852 1853 1855 1857 1859 965 1863 1865 1867 974 975 976 1745 1746 1861 1755 1885 1887 1744 1891 1893 977 1901 1903 1776 1905
346 -5.1773 -0.0675782 7.22675 0.272562 0.957434 -0.0913928 -0.0260177 1026 1027 1028 1029 1037 1038 1039 1040 1859 1048 1049 1050 1051 1053 1055 1057 1059 1835 1836 1842 950 951 952 953 1850 1340 1341 1855 1344 1346 963 1348 965 1848 974 975 976 977 1885 1887 1889 1891 996 1852 1901 1853 1015 1016 1017
81 -4.42714 -0.373512 6.5531 -0.632261 0.692056 -0.257134 0.234917 2048 1410 1411 1412 1413 1414 1415 1416 1417 1418 1420 2050 2063 2068 1429 1431 2091 1317 2086 2087 2088 2089 2090 2055 2092 2094 2096 1330 1331 1332 2102 2057 1340 1342 1348 1350 2060 1354 2061 1357 1358 1359 1360 1361 1364 1365 1371 1372 1373
92 -4.23924 -1.53043 6.44942 -0.58729 0.591473 -0.392056 0.389284 1410 1411 1412 1413 1415 1417 1418 1419 1420 1421 1424 1425 1429 1430 1431 1432 1435 2087 2094 2095 2100 1368 1369 1370 1371 1372 1373 1376 1377 1386 1387 1388 1389 1392 1393
85 -3.59239 -3.53465 8.40733 -0.651224 0.655979 -0.270793 0.26883 1424 1426 1427 1428 1205 1206 1208 1209 1216 1217 1218 1219 1220 1221 1380 1381 1382 1383 1384 1385 1392 1393 1394 1395 1396 1397
88 -1.61611 -3.535 9.05589 -0.689126 0.698284 -0.137841 0.136034 1408 1409 3851 3856 3857 1439 1442 4009 4010 4015 4016 4018 4020 1219 1221 1223 1225 1226 1228 1229 1230 4053 4056 1383 1385 1395 1397 1399 1401 1402 1403 1405 1407
233 1.62637 -3.5363 9.07092 0.690279 0.698938 -0.13311 -0.131461 1408 1409 3851 3855 3856 3857 3859 3861 1439 1442 3881 4010 3883 4012 4014 4015 4016 4018 4020 4028 4030 4040 1225 4042 1229 1230 4053 4056 4009 1402 1403
227 3.61381 -4.54123 8.43305 0.65386 0.656624 -0.266372 -0.265251 3841 3869 3870 3871 3872 3873 3880 3881 3882 3883 3884 3885 4027 4028 4030 4031 4032 4039 4040 4041 4043 3836 3838 3839
244 3.63135 -1.53745 8.41586 0.652191 0.656101 -0.269294 -0.26769 4782 4783 4784 4786 4027 4029 4030 4032 4039 4040 4041 4042 4043 4044 4071 4072 4073 4074 4075 4076 4083 4084 4085 4086 4087 4088
237 4.28719 -2.53769 6.44857 0.588006 0.590641 -0.391636 -0.389889 4075 3848 3849 4001 4002 4003 4004 4005 3878 3879 4008 4023 4024 4025 4026 4031 4032 4035 4036 4037 4038 4043 4044 4046 4048 4050 4069 4067 4068 4006 4070 4007 4076 4079 4080
428 3.87252 -4.38389 5.78007 -0.642171 0.710029 -0.21428 0.193801 4273 4274 4279 4280 4281 4282 4283 4284 4285 4286 4288 4161 4290 4292 4298 4299 4301 4430 4431 4307 4309 4448 4449 4451
229 3.56185 -6.21044 7.01703 0.857079 0.470567 -0.100931 -0.183834 4096 4099 4101 4107 4108 3864 3866 3893 3894 3902 3903 3904 3905 3910 3911 3912 3913 3916 3924 3925 3926 3927 3832 3834 3835 4093 4094 4095
218 4.28958 -6.61905 6.4409 0.596079 0.581394 -0.386667 -0.396434 3840 3713 3842 3843 3844 3845 3846 3841 3864 3865 3866 3739 3740 3872 3873 3867 3876 3877 3847 3801 3803 3806 3807 3808 3820 3821 3822 3823 3828 3829 3832 3833 3834 3835
435 6.22201 -4.83825 6.89875 0.937941 0.237847 -0.0620363 -0.244638 4096 4488 4490 4107 4108 4109 4110 4118 4119 4507 4510 4511 4520 4521 4522 4523 4525 3927 4531 4279 4280 4281 4542 4287 4544 4289 4503 4428 4429 4430 4431 4562 4438 4439 4440 4441 4448 4449 4450 4451 4457 4458 4459 4460 4530 4470
443 7.67135 -5.95641 5.6566 -0.832928 -0.188443 0.114814 0.507482 4450 4527 4532 4397 4526 4509 4530 4575 4511 4309 4278 4503 4574 4281 4442 4507 4445 4510 4287
433 9.44985 -5.69383 5.57647 0.688583 0.639096 -0.233097 -0.251146 4506 4507 4508 4509 4387 4524 4525 4290 4293 4294 4295 4296 4297 4302 4303 4304 4305 4310 4311 4312 4313 4314 4315 4316 4317 4318 4319 4320 4321 4219 4221
466 11.766 -4.23888 4.75748 -0.743449 -0.163433 0.139239 0.633392 4609 4578 4611 4582 4625 4616 4617 4627 4620 4610 4621 4592 4593 4594 4595 4596 4597 4624 4626
524 15.6641 -2.32277 4.389 -0.706079 -0.139522 0.134583 0.681083 5568 5569 6117 5611 5612 5645 5616 5617 5620 5621 5623 5564 5565
541 18.0905 3.77637 7.23147 -0.444398 0.891217 -0.0812425 0.0405109 6145 6146 6147 6148 6149 6182 6184 6185 6179 6134 6135 6136 6180 6138 6139 6181
545 17.1034 4.75124 7.23601 -0.455145 0.886204 -0.0769631 0.0395274 5654 6151 6154 6155 6158 6159 6160 6162 6163 6164 6165 6166 6171 6172 6174 6179 6180 6183 6121 6123 6125 6133 6136 6137 6139
534 14.1131 4.85742 7.22461 -0.38271 0.918775 -0.0894309 0.0372519 5633 5635 5637 5639 6153 6157 5650 5659 5660 5661 5662 5664 5665 5667 5669 5671 5673 5675 5677 5679 5594 5595 5603 5605 5606 5608 5610 5627
527 14.129 2.71751 7.24277 -0.466997 0.880657 -0.0704446 0.0373556 5633 5635 5637 5639 5641 5643 5646 5648 5650 5652 5654 5667 5563 5569 5571 5573 5575 5577 5597 5601 5603 5608 6121 5611 5613 5615 5617 5619 5622 5625 5627 5629 5631
515 12.1238 1.75553 7.23839 -0.441687 0.89321 -0.0754719 0.0373204 5504 5506 5509 5511 5513 4625 4627 5535 5549 5551 5553 5555 5557 5559 5561 5563 5567 5571 5573 5577 5582 5583 5585 5587 5597 5599 5601 5603 5490 5625 5500 5502
506 10.1106 3.88935 7.21967 -0.366554 0.924894 -0.0939338 0.0372278 5656 5518 5519 5520 5521 5523 5526 5527 5528 5658 5659 5533 5534 5536 5541 5542 5543 5544 5547 5449 5450 5451 5455 5457 5459 5463 5592 5593 5595 5469 5472 5473 5474 5476 5478 5479 5480 5496
504 10.0646 2.91085 7.20953 -0.379553 0.918716 -0.10082 0.0416521 5509 5518 5519 5520 5521 5523 5526 5527 5528 5533 5534 5535 5536 5541 5542 5543 5544 5547 5432 5433 5439 5440 5441 5448 5449 5450 5451 5583 5457 5592 5593 5594 5469 5472 5473 5474 5479 5486 5495 5496 5497 5498
465 9.13936 -0.151474 7.22937 -0.372707 0.923308 -0.0859516 0.0346957 4608 4610 4613 4615 4617 4619 4623 5486 5423 5438 5439 5440 5441 5450 5495 4564 4565 4572 4575 4580 4581 4582 4583 5500 4588 4589 4590 4591 5488 5490 4595 4597 5485 5497 4603 4604 4606
475 6.21985 0.951886 7.22298 -0.267581 0.958511 -0.0946527 0.0264235 5120 5124 5125 5127 4488 4489 4491 5133 4495 4499 4500 4501 5143 5145 5147 5141 5149 5431 4571 5161 5165 5422 5423 5424 5426 5129 4543 5131 4554 4555 4556 4557 5453 5077 5081 5083 4573 5091 5093 5095 5097 5103 5139 5421 5140 4475 4477 5118 4479
441 5.21008 -0.0462148 7.22163 -0.273497 0.956722 -0.0955812 0.0273237 5120 5124 5125 5127 4488 4489 4490 4491 4495 4499 4500 4501 5081 4138 4144 4146 4150 4152 4543 4545 5131 4554 4555 4556 4557 4438 4439 5143 4441 4570 4571 4572 4573 5091 5093 5095 5097 4458 5139 4468 4469 4470 4471 4473 4475 4477 5118 4479
250 4.47196 -0.400805 6.55738 0.637276 0.687961 -0.254755 -0.235986 4099 4100 4102 4756 4117 4758 4759 4760 4761 4762 4125 4126 4127 4128 4131 4132 4005 4006 4007 4008 4138 4780 4143 4146 4148 4790 4045 4046 4047 4048 4049 4050 4051 4052 4133 4067 4069 4842 4843 4844 4845 4079 4081 4850 4853 4855 4857 4134 4778 4757
269 4.8926 0.592632 6.11622 0.615399 0.65358 -0.320771 -0.302031 4867 4869 4871 4761 4873 4757 4759 4120 4121 4763 4125 4127 4129 4130 4131 4132 4133 4134 4138 4780 4872 4146 4148 4790 4792 4801 4046 4048 4050 4052 4824 4069 4840 4841 4842 4843 4844 4845 4846 4079 4848 4081 4850 4852 4853 4854 4855 4857 4778
259 4.23905 1.49541 6.55576 0.59184 0.601829 -0.382322 -0.375976 4756 4757 4758 4759 4760 4761 4762 4763 4778 4779 4780 4781 4786 4787 4790 4791 4792 4793 4797 4800 4801 4802 4803 4806 4807 4051 4052 4824 4825 4826 4827 4828 4829 4833 4834 4081 4082
271 4.9551 2.54608 6.03574 0.616913 0.641785 -0.328427 -0.315699 4867 4868 4869 4871 4872 4873 4874 4876 4878 4931 4757 4759 4761 5018 4763 5020 5021 5019 4934 4780 4790 4792 4801 4803 4932 4933 4806 4807 4808 4809 4824 4826 4956 4833 4835 4840 4843 4844 4845 4846 4850 4852 4853 4854 4857
472 5.34588 3.42788 6.11147 -0.0885707 0.981791 -0.167373 0.0150993 4864 4865 5129 5133 4881 4882 4755 5145 5149 5151 5153 5155 5157 5158 5159 5161 5163 5059 5085 5086 5088 5099 5101 5105 5106 5107 5108 5109 5110 5111 5113 5114 5115 5116
272 4.5231 4.51004 4.30229 0.496727 0.506778 -0.503181 -0.493201 5004 4876 4878 4931 5019 5021 5023 5025 4934 4803 4932 4933 4806 4807 4808 4809 4938 4939 4940 4941 4826 4956 4958 4833 4835 4964 4966 4976 4977
473 5.43608 5.31688 5.6276 -0.0221527 0.943728 -0.329889 0.00774369 4880 4882 4755 5152 5153 5156 5157 5158 5159 5167 5169 5170 5059 5066 4754 5106 5107 5108 5109 5111 5113 5114 5115 5116
275 4.291 4.49963 6.43849 0.583306 0.593871 -0.395337 -0.388304 5004 5005 5008 4931 4966 4934 4802 4803 4932 4806 4807 4808 4809 4939 4941 4964 4826 4827 4956 4957 4958 4959 4960 4833 4834 4835 4836 4965 4838 4839 4968 4969 4967 4977 4961
282 3.6262 6.45897 8.42095 0.653068 0.655876 -0.268276 -0.267128 4993 4995 4999 5000 5001 5005 5007 5008 5009 5011 5013 5015 5016 5017 4945 4947 4950 4951 4952 4953 4957 4959 4960 4961 4962 5219 4965 4967 4968 4969 5231 5233 5234 5235 5221
278 3.62621 5.44448 8.42095 0.655324 0.653621 -0.267354 -0.26805 4992 4993 4994 4995 4999 5001 5003 5005 5007 5008 5009 5013 5015 5016 5017 4959 4944 4945 4819 4821 4951 4953 4954 4957 4965 4960 4961 4836 4837 4838 4967 4968 4969 4947
268 3.60604 3.4565 8.44058 0.654691 0.656751 -0.265044 -0.264213 4827 4829 4794 4796 4945 4946 4947 4820 4821 4822 4951 4825 4955 4957 4830 4959 4960 4961 4836 4837 4838 4839 4968 4969 4967 4818 4819 4965
255 1.69806 0.483568 9.04134 0.682862 0.702688 -0.143304 -0.139261 4764 4765 4767 4769 4770 1443 4773 4775 1448 1449 4783 4785 4795 2113 2114 2115 2117 2119 2120 2121 4810 4813 4771 4054 4058 4059 4060 4062 4064 2150 2153 4084 4086
109 -1.6364 0.456128 9.0475 -0.691369 0.695058 -0.13984 0.139098 1428 1436 1437 1441 4770 1443 1445 1447 1448 1449 4059 4765 2100 2101 2108 2109 2111 2113 2114 2115 2117 2119 2120 2121 4810 4813 4771 4054 2139 4060 4773 4764 2150 2153 4775 4769
114 -3.57943 2.4667 8.42014 -0.651812 0.657022 -0.268892 0.26676 2095 2097 2100 2101 2103 2105 2106 2107 2108 2109 2110 2111 2240 2113 2116 2117 2118 2119 2250 2134 2136 2139 2140 2234 2142 2144 2146 2147 2148 2150 2152 2236 2156 2157 2158 2239
124 -1.64669 4.45401 9.04317 -0.691755 0.694154 -0.141001 0.140514 4993 2286 2239 2240 2247 2248 2250 4811 2252 2253 2254 4943 2256 4817 2258 2259 2260 4942 4951 4953 2140 4816 2147 2148 4945 2152 2154 2156 2158 2159 2160 4947 4948 2297 2300 4990 4949
131 -1.64378 7.4588 9.04439 -0.690399 0.695649 -0.140927 0.139864 2305 2306 2307 4996 4997 5001 4991 2358 2359 2366 2369 2371 2372 2373 2375 2248 2378 2258 2260 4949 5216 5217 5219 5221 5222 5225 2286 2287 2294 2295 2297 2299 2300 2301 4990 2303
139 -3.59341 10.4524 8.40637 -0.65317 0.653919 -0.270117 0.269807 2471 2473 2476 2477 2353 2355 2358 2359 2361 2363 2364 2366 2367 2369 2371 2374 2375 2377 2487 2489 2401 2403 2406 2407 2409 2411 2413 2414 2415 2417 2419 2423 2424 2425
138 -4.21445 10.4509 6.50654 -0.593305 0.593514 -0.3846 0.384465 2476 2456 2457 2340 2341 2470 2471 2348 2349 2350 2351 2354 2355 2359 2360 2361 2362 2363 2366 2367 2386 2387 2388 2389 2396 2397 2398 2399 2400 2401 2402 2403 2406 2407 2408 2409 2410 2411 2414 2415
150 -4.22283 14.4613 6.48758 -0.590849 0.593302 -0.387381 0.38578 2581 2582 2458 2459 2466 2467 2468 2469 2472 2473 2602 2477 2478 2479 2480 2481 2484 2485 2607 2503 2504 2505 2506 2513 2514 2515 2516 2519 2520 2521 2522 2525 2526 2527 2528 2529 2530 2533 2534 2601
151 -3.59872 14.4687 8.40098 -0.65031 0.65608 -0.271985 0.269593 2604 2607 2471 2473 2474 2476 2477 2479 2608 2481 2482 2483 2484 2485 2486 2487 2489 2618 2492 2493 2494 2495 2520 2522 2525 2526 2528 2530 2532 2533 2534 2536 2538 2542 2543 2544 2602
292 1.67266 11.4279 9.05212 0.700131 0.686792 -0.136747 -0.139403 5264 5265 5267 5269 5270 5271 5273 5275 5282 5283 5361 5290 5291 2490 2491 2496 2377 2379 5335 5336 5338 5340 5341 5344 2427 5223 5353 5354 5227 2417 2419 2420 2421 2423 2426 5243
303 1.58803 14.5002 9.08535 0.678885 0.711702 -0.130638 -0.124614 5387 5388 5390 5392 5393 5394 5396 5398 5406 5408 5415 5416 2618 2491 2621 2496 2497 5714 5717 5336 5340 5341 5342 5344 5346 5732 5354 2539 2540 2542 2544 2545 2546 5363
305 3.65339 14.47 8.39382 0.649657 0.655816 -0.273172 -0.270607 5396 5397 5398 5402 5404 5405 5406 5407 5408 5410 5412 5414 5415 5416 5731 5717 5337 5338 5340 5344 5729 5347 5732 5350 5352 5353 5354 5355 5356 5358 5360 5361 5362 5363
304 4.26531 14.517 6.49725 0.585467 0.599959 -0.390221 -0.380796 5376 5383 5384 5386 5401 5402 5403 5404 5405 5407 5411 5412 5413 5414 5415 5416 5700 5323 5324 5331 5332 5333 5334 5728 5729 5732 5351 5352 5354 5357 5358 5359 5360 5361 5362 5373 5374 5375
299 4.25912 12.5155 6.51119 0.586585 0.600802 -0.388598 -0.379402 5252 5253 5260 5261 5262 5263 5401 5402 5405 5280 5281 5283 5286 5287 5288 5289 5290 5291 5321 5322 5323 5324 5331 5332 5334 5349 5350 5351 5352 5353 5354 5357 5358 5359 5360 5361 5362 5374
287 4.26257 8.47661 6.50496 0.590404 0.596179 -0.386571 -0.382827 5250 5251 5006 5007 5009 5012 5013 5014 5015 5016 5017 5278 5279 5282 5234 5235 5202 5203 5204 5205 5212 5213 5214 5215 5243 5230 5231 5232 5233 4978 4979 5242 5238 5239 5240 5241 4986 4987 4988 4989
511 9.65385 7.44701 3.30794 0.0154029 0.710117 -0.70375 -0.0152648 5153 5474 5542 5478 5159 5480 5545 5171 5523 5538 5168 5169 5170 5075 5461 5526 5528 5465 5525
