0 -1.04066 -28.5781 7.52046 0.950425 -0.141241 0.0407213 -0.274018 2 4 7 29 34 36 37 38 2220 2224 2225 2249 2250 2252 2253
1 -4.32082 -27.0034 6.07398 0.694192 -0.447521 0.305462 -0.473831 1 2 3 4 7 8 9 10 11 12 13 18 19 29 30 31 32 33 34 36 44 45 87
2 -4.39764 -25.7359 5.95515 0.676704 -0.452154 0.322816 -0.483134 9 10 11 12 13 18 19 29 30 31 32 33 34 36 44 45 59 60 61 62 63 67 68 83 84 85 86 87 88 89 96
3 -1.91259 -27.6131 7.00723 0.867559 -0.291647 0.128365 -0.381845 7 29 31 34 35 36 37 38 39 44 2220 2225 2249 2250
4 -2.66082 -26.1713 6.51073 0.774599 -0.393655 0.224266 -0.44129 31 34 35 36 44 45 87
5 -1.59079 -25.8597 8.73188 0.903882 -0.328873 0.0935377 -0.257081 31 33 36 39 44 45 46 47 87 88 89 90 91 99 100 101 103 105 2249 2251 2252 2254 2259 2260 2261 2262 2267 2305
6 -4.53731 -24.0081 6.01293 0.634476 -0.519078 0.362646 -0.443267 9 11 12 13 30 31 32 33 44 45 60 61 62 63 66 83 84 85 86 87 88 89 90 91 93 96 97 113 114 138 144
7 -4.05989 -23.9798 8.0529 0.705504 -0.560589 0.269743 -0.339473 29 31 33 36 41 42 44 45 86 87 88 89 91 95 96 97 101 103 107 109 139 144 155 157
8 -4.67527 -22.5209 5.70353 0.582302 -0.530434 0.414883 -0.455452 13 32 61 63 66 83 84 85 86 87 88 89 90 91 93 96 97 114 115 138 139 140 141 144 145 152
9 -4.11074 -22.5666 8.03831 0.677618 -0.591944 0.287097 -0.32865 33 45 84 86 87 88 89 91 93 95 96 97 101 103 107 109 139 141 142 143 144 145 147 150 152 155 157 161 163
10 -2.60081 -24.1361 7.08576 0.749624 -0.537466 0.225067 -0.313909 33 41 42 45 87 88
11 -1.88627 -24.147 8.78822 0.828701 -0.4978 0.131737 -0.219306 44 45 46 47 87 88 91 96 97 99 101 103 105 107 109 110 111 2259 2260 2261 2262 2305 2306 2310
12 -1.86124 -22.6379 8.86389 0.781292 -0.580296 0.137061 -0.184535 45 96 97 101 103 105 107 109 110 111 144 145 155 157 158 159 164 2305 2306 2310 2311 2352
13 -4.71316 -21.1019 5.59061 0.553283 -0.543592 0.44235 -0.450236 66 86 89 90 91 96 97 114 115 122 123 138 139 140 141 144 145 146 147 148 149 152 153 210
14 -4.12993 -21.1135 8.03997 0.644848 -0.627704 0.304167 -0.312475 85 86 88 89 91 93 96 97 101 107 109 139 141 142 143 144 145 147 149 150 151 152 153 155 157 161 163 205 208 210 221
15 -4.72652 -19.8542 5.52475 0.543816 -0.543049 0.452097 -0.452736 97 114 115 122 123 138 139 140 141 144 145 146 147 148 149 152 153 182 183 204 205 206 207 210 211 218
16 -4.14012 -19.8514 8.02808 0.635742 -0.635368 0.30986 -0.310043 91 95 97 109 139 141 142 143 144 145 147 149 150 151 152 153 155 157 161 163 205 207 208 209 210 211 213 216 218 221 223 227
17 -1.84753 -21.134 8.89694 0.712541 -0.667049 0.148682 -0.158822 96 97 107 109 110 111 144 145 152 153 155 157 158 159 161 163 164 165 2310 2311 2352 2353 2358 2359 2406
18 -1.82042 -19.8591 8.91074 0.693515 -0.688482 0.149503 -0.150596 144 145 152 153 155 157 158 159 161 163 164 165 210 211 221 223 224 225 2352 2353 2358 2359 2406 2407 2412
19 -4.72581 -18.6547 5.52857 0.54415 -0.5433 0.451711 -0.452418 122 123 145 146 147 148 149 152 153 182 183 190 191 204 205 206 207 210 211 212 213 214 215 218 219 264
20 -4.14521 -18.6469 8.02155 -0.634708 0.635545 -0.311033 0.310624 141 143 145 147 149 150 151 152 153 157 161 163 205 207 208 209 210 211 213 215 216 217 218 219 221 223 227 229 259 262 264 275
21 -4.72719 -17.4515 5.5211 0.543283 -0.543021 0.452644 -0.452862 153 182 183 190 191 204 205 206 207 210 211 212 213 214 215 218 219 234 235 258 259 260 261 264 265 272
22 -4.14483 -17.4544 8.02203 0.635748 -0.634567 0.310475 -0.311053 149 151 153 163 205 207 208 209 210 211 213 215 216 217 218 219 221 223 227 229 259 261 262 263 264 265 267 270 272 275 277 281
23 -1.84002 -18.649 8.90173 -0.690168 0.69075 -0.152595 0.152467 152 153 161 163 164 165 210 211 218 219 221 223 224 225 227 229 230 231 2358 2359 2406 2407 2412 2413
24 -1.8204 -17.4492 8.91076 -0.690769 0.691239 -0.150095 0.149993 210 211 218 219 221 223 224 225 227 229 230 231 264 265 275 277 278 279 2406 2407 2412 2413 2464 2465
25 -4.73036 -16.2536 5.50347 0.542128 -0.541469 0.454096 -0.454649 190 191 211 212 213 214 215 218 219 234 235 242 243 258 259 260 261 264 265 266 267 268 269 272 273 320
26 -4.12416 -16.2529 8.04832 0.637269 -0.636492 0.307031 -0.307406 207 209 211 213 215 216 217 218 219 223 227 229 259 261 262 263 264 265 267 269 270 271 272 273 275 277 281 283 315 318 320 331
27 -4.73186 -15.0523 5.49494 0.541347 -0.540937 0.454982 -0.455326 219 234 235 242 243 258 259 260 261 264 265 266 267 268 269 272 273 288 289 314 315 316 317 320 321 328
28 -4.13656 -15.0411 8.03261 -0.634649 0.637052 -0.309926 0.308757 215 217 219 229 259 261 262 263 264 265 267 269 270 271 272 273 275 277 281 283 315 317 318 319 320 321 323 326 328 331 333 337
29 -1.84235 -16.2496 8.90065 -0.690276 0.690513 -0.152853 0.1528 218 219 227 229 230 231 264 265 272 273 275 277 278 279 281 283 284 285 2412 2413 2464 2465 2470 2471
30 -1.8687 -15.0573 8.88822 0.691575 -0.687707 0.15574 -0.156616 264 265 272 273 275 277 278 279 281 283 284 285 320 321 331 333 334 335 2464 2465 2470 2471 2523 2524 2529
31 -4.73271 -13.8509 5.49003 0.540846 -0.540683 0.455534 -0.455672 242 243 265 266 267 268 269 272 273 288 289 296 297 314 315 316 317 320 321 322 323 324 325 328 329 376
32 -4.14454 -13.8561 8.0224 0.635998 -0.634366 0.310315 -0.311113 261 263 265 267 269 270 271 272 273 277 281 283 315 317 318 319 320 321 323 325 326 327 328 329 331 333 337 339 371 374 376 387
33 -4.73166 -12.6534 5.4961 0.541542 -0.54092 0.454787 -0.45531 273 288 289 296 297 314 315 316 317 320 321 322 323 324 325 328 329 344 345 370 371 372 373 376 377 384
34 -4.15043 -12.6485 8.01482 -0.634484 0.634885 -0.311828 0.311631 269 271 273 283 315 317 318 319 320 321 323 325 326 327 328 329 331 333 337 339 371 373 374 375 376 377 379 382 384 387 389 393
35 -1.85678 -13.8549 8.89388 0.691287 -0.688681 0.154368 -0.154953 272 273 281 283 284 285 320 321 328 329 331 333 334 335 337 339 340 1000 2470 2471 2523 2524 2529
36 -1.88909 -12.6478 8.8784 -0.688449 0.68965 -0.158916 0.158639 320 321 328 329 331 333 334 335 337 339 340 376 377 387 389 391 1000 1001 2471 2523 2524 2529 2585
37 -4.72955 -11.452 5.50804 0.54233 -0.54197 0.453803 -0.454104 296 297 321 322 323 324 325 328 329 344 345 352 353 370 371 372 373 376 377 378 379 380 381 384 385 714
38 -4.14045 -11.4659 8.0276 0.637652 -0.633386 0.308975 -0.311056 317 319 321 323 325 326 327 328 329 333 337 339 371 373 374 375 376 377 379 381 382 383 384 385 387 389 393 395 709 712 714 725
39 -4.72849 -10.2497 5.514 -0.542578 0.542637 -0.453431 0.453381 329 344 345 352 353 370 371 372 373 376 377 378 379 380 381 384 385 678 679 708 709 710 711 714 715 722
40 -4.11091 -10.2614 8.06484 0.639515 -0.636401 0.304226 -0.305714 325 327 329 339 371 373 374 375 376 377 379 381 382 383 384 385 387 389 393 395 709 711 712 713 714 715 717 720 722 725 727 731
41 -1.87112 -11.4561 8.88706 0.691193 -0.68795 0.156118 -0.156855 328 329 337 339 340 376 377 384 385 387 389 391 393 395 396 397 1000 1001 2580 2585 2586 2642
42 -1.85766 -10.2456 8.89347 -0.688773 0.691146 -0.155038 0.154506 376 377 384 385 387 389 391 393 395 396 397 714 715 725 727 728 729 1001 2580 2585 2586 2642 2643
43 -4.72757 -9.05109 5.51905 0.543092 -0.542899 0.452861 -0.453022 352 353 377 378 379 380 381 384 385 678 679 688 690 708 709 710 711 714 715 716 717 718 719 722 723 774
44 -4.11977 -9.04883 8.05384 -0.637076 0.637406 -0.306549 0.30639 373 375 377 379 381 382 383 384 385 389 393 395 709 711 712 713 714 715 717 719 720 721 722 723 725 727 731 733 769 772 774 785
45 -4.72772 -7.84699 5.5182 -0.542649 0.543211 -0.453254 0.452785 385 678 679 688 690 708 709 710 711 714 715 716 717 718 719 722 723 744 768 769 770 771 774 775 782
46 -4.10592 -7.84442 8.07103 -0.637594 0.639134 -0.30449 0.303756 381 383 385 395 709 711 712 713 714 715 717 719 720 721 722 723 725 727 731 733 769 771 772 773 774 775 777 780 782 785 787 791
47 -1.86146 -9.0534 8.89167 0.690751 -0.688952 0.155052 -0.155457 384 385 393 395 396 397 714 715 722 723 725 727 728 729 731 733 734 735 2585 2586 2642 2643 2648 2649 2710
48 -1.83504 -7.8457 8.90404 -0.689406 0.691789 -0.152162 0.151638 714 715 722 723 725 727 728 729 731 733 734 735 774 775 785 787 788 789 2642 2643 2648 2649 2710 2711
49 -4.72049 -6.64025 5.55645 -0.544949 0.546764 -0.450235 0.44874 688 690 715 716 717 718 719 722 723 744 768 769 770 771 774 775 776 777 778 779 782 783 921
50 -4.10747 -6.63261 8.06904 -0.635843 0.640617 -0.305532 0.303255 711 713 715 717 719 720 721 722 723 727 731 733 769 771 772 773 774 775 777 779 780 781 782 783 785 787 791 793 916 919 921 932
51 -4.70067 -5.4469 5.64995 -0.552651 0.553246 -0.440973 0.440498 744 768 769 770 771 774 775 776 777 778 779 782 783 915 916 917 918 921 922
52 -4.14169 -5.43231 8.02598 -0.633032 0.637794 -0.311394 0.309069 719 721 723 733 769 771 772 773 774 775 777 779 780 781 782 783 785 787 791 793 916 918 919 920 921 922 924 927 929 932 934 938
53 -1.87507 -6.64022 8.88516 -0.686846 0.692061 -0.157586 0.156398 722 723 731 733 734 735 774 775 782 783 785 787 788 789 791 793 794 795 2643 2648 2649 2710 2711 2716 2717
54 -1.88798 -5.44277 8.87893 -0.68717 0.690989 -0.159077 0.158197 774 775 782 783 785 787 788 789 791 793 794 795 921 922 932 934 935 936 2649 2710 2711 2716 2717 2794 2795
55 -4.69202 -4.23297 5.68651 -0.554068 0.557322 -0.438544 0.435983 776 777 778 779 782 783 915 916 917 918 921 922 923 924 925 926 929 930
56 -4.13379 -4.2362 8.0361 -0.63421 0.637946 -0.309777 0.307963 771 773 775 777 779 780 781 782 783 787 791 793 916 918 919 920 921 922 924 926 927 928 929 930 932 934 938 940 973 976 978 989
57 -4.67514 -3.04265 5.75309 -0.559951 0.561381 -0.431423 0.430325 915 916 917 918 921 922 923 924 925 926 929 930 972 973 974 975 978 979
58 -4.14875 -3.03514 8.01693 -0.632826 0.636815 -0.312424 0.310467 779 781 783 793 916 918 919 920 921 922 924 926 927 928 929 930 932 934 938 940 973 975 976 977 978 979 981 984 986 989 991 995
59 -1.90572 -4.23576 8.87021 -0.684844 0.692245 -0.161775 0.160046 782 783 791 793 794 795 921 922 929 930 932 934 935 936 938 940 941 942 2711 2716 2717 2794 2795 2800 2801
60 -1.95102 -3.03015 8.84729 -0.682178 0.692119 -0.167942 0.16553 921 922 929 930 932 934 935 936 938 940 941 942 978 979 989 991 992 993 2717 2794 2795 2800 2801 2855 2856
61 -4.67594 -1.84725 5.7501 -0.560174 0.560715 -0.431372 0.430956 923 924 925 926 929 930 959 961 972 973 974 975 978 979 980 981 982 983 986 987
62 -4.14227 -1.84025 8.02531 -0.634057 0.636687 -0.310966 0.309681 918 920 922 924 926 927 928 929 930 934 938 940 973 975 976 977 978 979 981 983 984 985 986 987 989 991 995 997 1446 1450 1453 1466
63 -4.65224 -0.643724 5.83443 -0.566057 0.567302 -0.4234 0.42247 959 961 972 973 974 975 978 979 980 981 982 983 986 987 1424 1426 1445 1446 1447 1448 1453 1454
64 -4.13729 -0.638973 8.03167 -0.634297 0.637279 -0.310194 0.308743 926 928 930 940 973 975 976 977 978 979 981 983 984 985 986 987 989 991 995 997 1446 1448 1450 1452 1453 1454 1456 1460 1463 1466 1468 1472
65 -1.93013 -1.83927 8.85801 -0.685074 0.690547 -0.164691 0.163386 929 930 938 940 941 942 978 979 986 987 989 991 992 993 995 997 998 999 2795 2800 2801 2855 2856 2861 2862 3353
66 -1.98023 -0.635329 8.83207 -0.682637 0.689829 -0.171394 0.169607 978 979 986 987 989 991 992 993 995 997 998 999 1453 1454 1466 1468 1469 1470 2801 2855 2856 2861 2862 3353 3354 3359
67 -3.51691 -13.1223 7.74062 -0.569531 0.48537 -0.430279 0.504887 331 333 337 339 387 389 1000 1001
68 -3.30432 -12.2342 8.35182 0.649862 -0.489383 0.349829 -0.464546 339 387 389 393 394 395 1000 1001
69 -4.66139 0.545162 5.80302 0.564834 -0.563896 0.425665 -0.426373 959 961 980 981 982 983 986 987 1424 1426 1434 1436 1445 1446 1447 1448 1453 1454 1455 1456 1457 1458 1463 1464
70 -4.11188 0.560028 8.06364 -0.636505 0.639256 -0.305791 0.304475 975 977 979 981 983 984 985 986 987 991 995 997 1446 1448 1450 1452 1453 1454 1456 1458 1460 1462 1463 1464 1466 1468 1472 1474 1506 1509 1511 1522
71 -4.67291 1.74267 5.76142 0.561991 -0.560579 0.429527 -0.430609 1424 1426 1434 1436 1445 1446 1447 1448 1453 1454 1455 1456 1457 1458 1463 1464 1484 1486 1505 1506 1507 1508 1511 1512
72 -4.12028 1.75894 8.05317 -0.635975 0.638418 -0.307147 0.305972 983 985 987 997 1446 1448 1450 1452 1453 1454 1456 1458 1460 1462 1463 1464 1466 1468 1472 1474 1506 1508 1509 1510 1511 1512 1514 1517 1519 1522 1524 1528
73 -1.95703 0.556567 8.84426 -0.685335 0.688625 -0.167898 0.167096 986 987 995 997 998 999 1453 1454 1463 1464 1466 1468 1469 1470 1472 1474 1475 1476 2856 2861 2862 3353 3354 3359 3360 3414
74 -1.93233 1.76067 8.8569 -0.685027 0.69046 -0.164969 0.163671 1453 1454 1463 1464 1466 1468 1469 1470 1472 1474 1475 1476 1511 1512 1522 1524 1525 1526 2862 3353 3354 3359 3360 3414 3415 3420
75 -4.67738 2.95083 5.74466 -0.559955 0.560124 -0.431754 0.431624 1434 1436 1455 1456 1457 1458 1463 1464 1484 1486 1495 1497 1505 1506 1507 1508 1511 1512 1513 1514 1515 1516 1519 1520
76 -4.12048 2.95574 8.05294 -0.636396 0.637967 -0.30697 0.306214 1448 1452 1454 1456 1458 1460 1462 1463 1464 1468 1472 1474 1506 1508 1509 1510 1511 1512 1514 1516 1517 1518 1519 1520 1522 1524 1528 1530 1576 1579 1581 1592
77 -4.68431 4.1547 5.71781 -0.557584 0.558494 -0.434626 0.433918 1484 1486 1495 1497 1505 1506 1507 1508 1511 1512 1513 1514 1515 1516 1519 1520 1545 1547 1575 1576 1577 1578 1581 1582
78 -4.11711 4.15204 8.05716 -0.637174 0.637742 -0.306154 0.305882 1458 1462 1464 1474 1506 1508 1509 1510 1511 1512 1514 1516 1517 1518 1519 1520 1522 1524 1528 1530 1576 1578 1579 1580 1581 1582 1584 1587 1589 1592 1594 1598
79 -1.93925 2.95628 8.8534 -0.68594 0.68913 -0.165591 0.164824 1463 1464 1472 1474 1475 1476 1511 1512 1519 1520 1522 1524 1525 1526 1528 1530 1531 1532 3354 3359 3360 3414 3415 3420 3421 3538
80 -1.90839 4.15341 8.86892 -0.687583 0.689369 -0.161455 0.161037 1511 1512 1519 1520 1522 1524 1525 1526 1528 1530 1531 1532 1581 1582 1592 1594 1595 1596 3360 3414 3415 3420 3421 3538 3539 3544
81 -4.67302 5.35161 5.76105 -0.561098 0.561418 -0.430227 0.429981 1495 1497 1513 1514 1515 1516 1519 1520 1545 1547 1560 1561 1575 1576 1577 1578 1581 1582 1583 1584 1585 1586 1589 1590
82 -4.11242 5.35372 8.063 -0.637325 0.638354 -0.305468 0.304976 1508 1510 1512 1514 1516 1517 1518 1519 1520 1524 1528 1530 1576 1578 1579 1580 1581 1582 1584 1586 1587 1588 1589 1590 1592 1594 1598 1600 1632 1635 1637 1648
83 -4.6725 6.55228 5.76298 -0.561176 0.561627 -0.43009 0.429744 1545 1547 1560 1561 1575 1576 1577 1578 1581 1582 1583 1584 1585 1586 1589 1590 1605 1606 1631 1632 1633 1634 1637 1638
84 -4.11496 6.55214 8.05984 -0.637335 0.637932 -0.305796 0.30551 1516 1518 1520 1530 1576 1578 1579 1580 1581 1582 1584 1586 1587 1588 1589 1590 1592 1594 1598 1600 1632 1634 1635 1636 1637 1638 1640 1643 1645 1648 1650 1654
85 -1.93167 5.34855 8.85726 0.688127 -0.687413 0.164147 -0.164317 1519 1520 1528 1530 1531 1532 1581 1582 1589 1590 1592 1594 1595 1596 1598 1600 1601 1602 3415 3420 3421 3538 3539 3544 3545 3594
86 -1.9328 6.55116 8.85669 -0.687431 0.68804 -0.164449 0.164304 1581 1582 1589 1590 1592 1594 1595 1596 1598 1600 1601 1602 1637 1638 1648 1650 1651 1652 3421 3538 3539 3544 3545 3594 3595 3600
87 -4.6775 7.75019 5.74423 -0.559985 0.560031 -0.431748 0.431713 1560 1561 1583 1584 1585 1586 1589 1590 1605 1606 1613 1614 1631 1632 1633 1634 1637 1638 1639 1640 1641 1642 1645 1646
88 -4.11058 7.75191 8.06528 -0.637722 0.638256 -0.305038 0.304783 1578 1580 1582 1584 1586 1587 1588 1589 1590 1594 1598 1600 1632 1634 1635 1636 1637 1638 1640 1642 1643 1644 1645 1646 1648 1650 1654 1656 1688 1691 1693 1704
89 -4.66728 8.9499 5.78204 0.56282 -0.562809 0.428061 -0.42807 1605 1606 1613 1614 1631 1632 1633 1634 1637 1638 1639 1640 1641 1642 1645 1646 1661 1662 1687 1688 1689 1690 1693 1694
90 -4.11711 8.95325 8.05716 -0.637009 0.637907 -0.306233 0.305803 1586 1588 1590 1600 1632 1634 1635 1636 1637 1638 1640 1642 1643 1644 1645 1646 1648 1650 1654 1656 1688 1690 1691 1692 1693 1694 1696 1699 1701 1704 1706 1710
91 -1.92183 7.75643 8.86221 -0.686413 0.689723 -0.163362 0.162578 1589 1590 1598 1600 1601 1602 1637 1638 1645 1646 1648 1650 1651 1652 1654 1656 1657 1658 3539 3544 3545 3594 3595 3600 3601 3761
92 -1.92914 8.94987 8.85854 0.687868 -0.687827 0.163901 -0.163911 1637 1638 1645 1646 1648 1650 1651 1652 1654 1656 1657 1658 1693 1694 1704 1706 1707 1708 3545 3594 3595 3600 3601 3761 3762 3767
93 -4.67952 10.1487 5.7365 0.559558 -0.559308 0.432379 -0.432572 1613 1614 1639 1640 1641 1642 1645 1646 1661 1662 1669 1670 1687 1688 1689 1690 1693 1694 1695 1696 1697 1698 1701 1702
94 -4.11024 10.1495 8.0657 0.638077 -0.637956 0.304824 -0.304882 1634 1636 1638 1640 1642 1643 1644 1645 1646 1650 1654 1656 1688 1690 1691 1692 1693 1694 1696 1698 1699 1700 1701 1702 1704 1706 1710 1712 1744 1747 1749 1760
95 -4.67214 11.3473 5.76428 0.561754 -0.561242 0.429595 -0.429986 1661 1662 1669 1670 1687 1688 1689 1690 1693 1694 1695 1696 1697 1698 1701 1702 1717 1718 1743 1744 1745 1746 1749 1750
96 -4.10939 11.3479 8.06675 0.63836 -0.63781 0.304578 -0.304841 1642 1644 1646 1656 1688 1690 1691 1692 1693 1694 1696 1698 1699 1700 1701 1702 1704 1706 1710 1712 1744 1746 1747 1748 1749 1750 1752 1755 1757 1760 1762 1766
97 -1.91135 10.1463 8.86745 0.689318 -0.687456 0.161406 -0.161844 1645 1646 1654 1656 1657 1658 1693 1694 1701 1702 1704 1706 1707 1708 1710 1712 1713 1714 3595 3600 3601 3761 3762 3767 3768 3817
98 -1.94128 11.35 8.85237 -0.687466 0.687482 -0.165469 0.165465 1693 1694 1701 1702 1704 1706 1707 1708 1710 1712 1713 1714 1749 1750 1760 1762 1763 1764 3601 3761 3762 3767 3768 3817 3818 3823
99 -4.67388 12.5451 5.75784 0.561491 -0.560549 0.430053 -0.430776 1669 1670 1695 1696 1697 1698 1701 1702 1717 1718 1725 1726 1743 1744 1745 1746 1749 1750 1751 1752 1753 1754 1757 1758
100 -4.10862 12.5419 8.06769 0.639251 -0.637039 0.304052 -0.305108 1690 1692 1694 1696 1698 1699 1700 1701 1702 1706 1710 1712 1744 1746 1747 1748 1749 1750 1752 1754 1755 1756 1757 1758 1760 1762 1766 1768 1800 1803 1805 1816
101 -4.68292 13.7473 5.72329 0.558704 -0.558192 0.433548 -0.433945 1717 1718 1725 1726 1743 1744 1745 1746 1749 1750 1751 1752 1753 1754 1757 1758 1773 1774 1799 1800 1801 1802 1805 1806
102 -4.11335 13.7478 8.06184 0.638058 -0.63747 0.305239 -0.30552 1698 1700 1702 1712 1744 1746 1747 1748 1749 1750 1752 1754 1755 1756 1757 1758 1760 1762 1766 1768 1800 1802 1803 1804 1805 1806 1808 1810 1813 1816 1818 1822
103 -1.90997 12.545 8.86814 0.689698 -0.687157 0.16115 -0.161746 1701 1702 1710 1712 1713 1714 1749 1750 1757 1758 1760 1762 1763 1764 1766 1768 1769 1770 3762 3767 3768 3817 3818 3823 3824 3872
104 -1.90619 13.7463 8.87001 0.689495 -0.687589 0.160741 -0.161186 1749 1750 1757 1758 1760 1762 1763 1764 1766 1768 1769 1770 1805 1806 1816 1818 1819 1820 3768 3817 3818 3823 3824 3872 3873 3878
105 -4.67069 14.9763 5.7692 -0.559301 0.564413 -0.431262 0.427357 1725 1726 1751 1752 1753 1754 1757 1758 1773 1774 1781 1782 1799 1800 1801 1802 1805 1806 1807 1808 1809 1813 1814 1850
106 -4.11533 14.9657 8.05931 -0.635445 0.639745 -0.306754 0.304692 1746 1748 1750 1752 1754 1755 1756 1757 1758 1762 1766 1768 1800 1802 1803 1804 1805 1806 1808 1809 1810 1812 1813 1814 1816 1818 1822 1824 1848 1850 1853 1862
107 -1.86128 14.9905 8.89146 -0.67887 0.700636 -0.157744 0.152844 1757 1758 1766 1768 1769 1770 1805 1806 1813 1814 1816 1818 1819 1820 1822 1824 1825 1826 3818 3823 3824 3872 3873 3878 3879
108 1.07512 -28.7549 7.40781 0.943091 0.122724 -0.0398817 -0.306478 2 4 7 29 34 37 2220 2224 2225 2244 2249 2252 2253 2254
109 1.92615 -27.6266 7.01749 0.870754 0.284982 -0.124641 -0.380837 4 7 37 38 2225 2249 2250 2251 2252 2253 2254 2261 2264
110 2.75428 -26.1735 6.4438 0.766962 0.39444 -0.231487 -0.450112 2252 2253 2254 2261 2262 2264 2267
111 1.58877 -25.8394 8.76049 0.908864 0.322326 -0.0884801 -0.249487 34 36 37 39 44 45 46 47 87 103 2251 2254 2259 2260 2261 2262 2264 2267 2305 2306 2320 2321 2326 2327
112 4.4862 -25.7228 5.85307 0.665788 0.449538 -0.333243 -0.493549 2232 2233 2244 2246 2247 2248 2252 2254 2261 2263 2264 2265 2266 2267 2293 2294 2295 2296 2297 2299 2300 2316 2317 2318 2319 2320 2321 2322 2328
113 2.76951 -24.0188 6.99891 0.724785 0.557689 -0.24671 -0.32063 2264 2267 2320 2321 2328
114 1.93028 -24.1911 8.77782 0.834579 0.486101 -0.130455 -0.223976 44 45 46 47 103 105 110 2259 2260 2261 2262 2305 2306 2309 2310 2311 2313 2315 2320 2321 2327 2328 2329 2372
115 1.87066 -22.6461 8.88063 0.786617 0.575487 -0.132094 -0.180555 103 105 110 111 158 2305 2306 2309 2310 2311 2313 2315 2328 2329 2352 2353 2355 2357 2358 2371 2372 2373
116 4.49729 -24.1936 6.12088 0.661388 0.502551 -0.336856 -0.443323 2246 2247 2248 2261 2263 2264 2265 2266 2267 2293 2294 2295 2296 2299 2300 2301 2302 2316 2317 2318 2319 2320 2321 2322 2323 2326 2327 2328 2329 2340 2342 2372
117 4.11026 -23.9512 8.05731 0.7024 0.565125 -0.271271 -0.337165 2254 2257 2261 2264 2266 2267 2309 2313 2315 2319 2320 2321 2325 2327 2328 2329 2355 2357 2369 2372
118 4.64907 -22.6735 5.89655 0.612101 0.527197 -0.384645 -0.446592 2248 2294 2295 2296 2299 2300 2301 2316 2317 2318 2319 2320 2321 2322 2323 2326 2327 2328 2329 2342 2344 2348 2350 2368 2369 2370 2371 2372 2373 2381
119 4.12433 -22.6573 8.06283 0.691188 0.579579 -0.277368 -0.33078 2266 2309 2313 2315 2317 2319 2320 2321 2323 2325 2327 2328 2329 2355 2357 2361 2363 2365 2367 2369 2371 2372 2373 2375 2379 2381
120 1.80556 -21.1334 8.93708 0.716553 0.667766 -0.137439 -0.14748 110 111 158 159 164 165 224 2310 2311 2313 2315 2328 2329 2352 2353 2355 2357 2358 2359 2361 2363 2372 2373 2381 2382
121 1.73932 -19.8508 8.9658 0.694565 0.694064 -0.133843 -0.133939 158 159 164 165 224 225 2352 2353 2355 2357 2358 2359 2361 2363 2372 2373 2381 2382 2406 2407 2409 2411 2425 2427
122 4.69035 -21.2068 5.85164 0.583246 0.552218 -0.409572 -0.432586 2295 2296 2299 2301 2318 2326 2327 2328 2329 2342 2344 2348 2350 2368 2369 2370 2371 2372 2373 2378 2379 2380 2381 2382 2393 2419 2424
123 4.13324 -21.1433 8.09343 0.652604 0.626785 -0.294903 -0.307051 2309 2313 2315 2321 2323 2327 2328 2329 2355 2357 2361 2363 2365 2367 2369 2371 2372 2373 2375 2377 2379 2380 2381 2382 2419 2422 2424 2425
124 4.71612 -19.981 5.76654 0.574224 0.548819 -0.419747 -0.439177 2342 2344 2348 2350 2368 2369 2370 2371 2372 2373 2377 2378 2379 2380 2381 2382 2393 2397 2419 2421 2422 2423 2424 2426 2429 2434
125 4.10724 -19.9079 8.12577 0.650003 0.63375 -0.292751 -0.300258 2315 2325 2327 2329 2355 2357 2361 2363 2365 2369 2371 2372 2373 2375 2377 2379 2380 2381 2382 2419 2421 2422 2423 2424 2425 2426 2427 2429 2432 2434
126 1.90851 -18.6703 8.89183 0.695268 0.684413 -0.153986 -0.156428 164 165 224 225 230 231 278 2358 2359 2361 2363 2381 2382 2406 2407 2409 2411 2412 2413 2415 2417 2425 2427 2435 2437
127 1.92257 -17.4666 8.88515 0.693841 0.685047 -0.155991 -0.157994 224 225 230 231 278 279 284 2406 2407 2409 2411 2412 2413 2415 2417 2425 2427 2435 2437 2464 2465 2467 2469 2483 2485
128 4.72423 -18.7484 5.74098 0.569171 0.550201 -0.424661 -0.439302 2348 2350 2377 2378 2379 2380 2381 2382 2393 2397 2404 2405 2419 2421 2422 2423 2424 2426 2429 2431 2432 2433 2434 2436 2477 2482
129 4.14988 -18.8101 8.06867 0.659757 0.615911 -0.293808 -0.314724 2357 2361 2363 2367 2371 2373 2379 2380 2381 2382 2419 2421 2422 2423 2424 2425 2426 2427 2429 2432 2433 2434 2435 2436 2437 2480 2482 2483
130 4.74213 -17.5575 5.66769 0.564391 0.543989 -0.4309 -0.447061 2377 2397 2404 2405 2419 2421 2422 2423 2424 2426 2429 2431 2432 2433 2434 2436 2454 2455 2477 2479 2480 2481 2482 2484 2487 2492
131 4.15589 -17.6194 8.06043 0.660356 0.614152 -0.294301 -0.316442 2377 2382 2420 2421 2423 2424 2425 2426 2427 2429 2431 2432 2433 2434 2435 2436 2437 2477 2480 2481 2482 2483 2484 2485 2490 2492 2493
132 1.94912 -16.2576 8.87228 0.690627 0.686727 -0.15992 -0.160829 225 230 231 278 279 284 285 334 2412 2413 2415 2417 2435 2437 2464 2465 2467 2469 2470 2471 2473 2475 2483 2485 2493
133 2.01087 -15.0421 8.84098 0.684806 0.688756 -0.168794 -0.167826 231 278 279 284 285 334 335 340 2464 2465 2467 2469 2470 2471 2473 2475 2483 2485 2493 2523 2524 2526 2528 2541 2542
134 4.75754 -16.3308 5.60261 0.556877 0.541759 -0.43902 -0.451271 2404 2405 2421 2429 2431 2432 2433 2434 2436 2454 2455 2462 2463 2477 2479 2480 2481 2482 2484 2487 2489 2490 2491 2492 2494 2536 2541
135 4.18923 -16.435 8.01679 0.659089 0.609573 -0.299082 -0.323376 2421 2426 2428 2429 2430 2431 2434 2435 2436 2437 2477 2479 2480 2481 2482 2483 2484 2485 2487 2489 2490 2491 2492 2493 2494 2539 2541
136 4.75648 -15.1001 5.61079 0.554665 0.545275 -0.440612 -0.4482 2431 2454 2455 2462 2463 2477 2479 2480 2481 2482 2484 2487 2489 2490 2491 2492 2494 2513 2514 2536 2538 2539 2540 2541 2542 2544 2549
137 4.15479 -15.1197 8.06812 0.647635 0.628571 -0.299939 -0.309036 2431 2433 2436 2477 2480 2481 2482 2483 2484 2485 2487 2489 2490 2491 2492 2493 2494 2526 2528 2532 2536 2538 2539 2540 2541 2542 2544 2547 2549
138 1.90933 -13.8474 8.89152 0.689139 0.690546 -0.155455 -0.155138 279 284 285 334 335 340 2470 2471 2473 2475 2493 2523 2524 2526 2528 2529 2532 2534 2541 2542 2549 2550 3255
139 1.99186 -12.6603 8.8508 0.689956 0.684792 -0.165238 -0.166484 285 334 335 340 396 2523 2524 2526 2528 2529 2532 2534 2541 2542 2549 2550 2580 2582 2584 2597 2599 3255 3256
140 4.75793 -13.9213 5.60195 0.555943 0.542615 -0.439816 -0.450619 2462 2463 2479 2487 2489 2490 2491 2492 2494 2513 2514 2521 2522 2536 2538 2539 2540 2541 2542 2544 2546 2547 2548 2549 2550 2592 2597
141 4.14081 -13.9016 8.08583 0.646397 0.632183 -0.298712 -0.305429 2479 2481 2484 2487 2490 2491 2492 2493 2494 2526 2528 2532 2534 2536 2538 2539 2540 2541 2542 2544 2546 2547 2548 2549 2550 2582 2592 2595 2597
142 4.75141 -12.6982 5.63407 0.556268 0.547196 -0.438583 -0.445855 2489 2513 2514 2521 2522 2536 2538 2539 2540 2541 2542 2544 2546 2547 2548 2549 2550 2569 2570 2592 2594 2595 2596 2597 2598 2601 2606
143 4.13241 -12.6968 8.09613 0.646452 0.633484 -0.297603 -0.303695 2489 2491 2494 2526 2528 2532 2534 2536 2539 2540 2541 2542 2544 2546 2547 2548 2549 2550 2582 2592 2594 2595 2596 2597 2598 2599 2601 2604 2606
144 1.99436 -11.4842 8.84931 0.695806 0.678665 -0.164149 -0.168295 391 396 397 728 2529 2532 2534 2549 2550 2580 2582 2584 2585 2586 2588 2590 2597 2599 2607 2609 3255 3256
145 1.96187 -10.2775 8.86583 0.695309 0.681198 -0.160372 -0.163695 391 396 397 728 729 734 2580 2582 2584 2585 2586 2588 2590 2599 2607 2609 2642 2643 2645 2647 2663 2665 3256
146 4.75371 -11.4847 5.62457 0.554284 0.547763 -0.440499 -0.445743 2521 2522 2538 2544 2546 2547 2548 2549 2550 2569 2570 2577 2578 2592 2594 2595 2596 2597 2598 2601 2603 2604 2605 2606 2608 2662
147 4.15461 -11.5556 8.06668 0.652352 0.623482 -0.297747 -0.311534 2528 2532 2534 2542 2544 2547 2548 2549 2550 2582 2592 2594 2595 2596 2597 2598 2599 2601 2603 2604 2605 2606 2607 2608 2609 2655 2659 2662 2663
148 4.75475 -10.2949 5.61916 0.554818 0.546397 -0.440231 -0.447016 2546 2569 2570 2577 2578 2592 2594 2595 2596 2597 2598 2601 2603 2604 2605 2606 2608 2629 2630 2658 2659 2660 2661 2662 2664 2674
149 4.20087 -10.4451 8.00064 0.659154 0.607291 -0.300524 -0.326189 2534 2546 2550 2582 2591 2592 2594 2597 2598 2599 2601 2603 2604 2605 2606 2607 2608 2609 2655 2657 2659 2661 2662 2663 2664 2665 2669 2671 2674 2675
150 2.02404 -9.06066 8.83406 0.688959 0.683758 -0.16937 -0.170659 391 396 397 728 729 734 735 788 2585 2586 2588 2590 2607 2609 2642 2643 2645 2647 2648 2649 2651 2653 2663 2665 2675 2677
151 1.94578 -7.82899 8.87385 0.68327 0.694236 -0.161235 -0.158688 397 728 729 734 735 788 789 2642 2643 2645 2647 2648 2649 2651 2653 2663 2665 2675 2677 2710 2711 2713 2715 2729
152 4.7396 -9.08861 5.68555 0.559287 0.551938 -0.434455 -0.44024 2577 2578 2594 2601 2603 2604 2605 2606 2608 2629 2630 2639 2641 2658 2659 2660 2661 2662 2664 2670 2671 2672 2673 2674 2676
153 4.17422 -9.1995 8.03916 0.656159 0.615762 -0.298511 -0.318095 2594 2598 2602 2603 2605 2606 2607 2608 2609 2655 2657 2659 2661 2662 2663 2664 2665 2667 2669 2671 2673 2674 2675 2676 2677 2723 2726 2728 2729
154 4.74305 -7.8805 5.6715 0.557456 0.55167 -0.436399 -0.440975 2629 2630 2639 2641 2658 2659 2660 2661 2662 2664 2670 2671 2672 2673 2674 2676 2697 2723 2725 2726 2727 2728 2730
155 4.183 -8.00324 8.0277 0.655797 0.614594 -0.299792 -0.31989 2603 2608 2657 2659 2661 2662 2663 2664 2665 2667 2669 2671 2673 2674 2675 2676 2677 2719 2723 2725 2726 2727 2728 2729 2730 2732 2736 2739
156 1.99237 -6.62324 8.85042 0.680592 0.694054 -0.167574 -0.164324 729 734 735 788 789 794 795 2648 2649 2651 2653 2675 2677 2710 2711 2713 2715 2716 2717 2719 2721 2729 2730 2739 2740
157 1.95129 -5.43195 8.87116 0.683904 0.693288 -0.161758 -0.159568 735 788 789 794 795 935 936 2710 2711 2713 2715 2716 2717 2719 2721 2729 2730 2739 2740 2794 2795 2797 2799 2814 2815
158 4.73694 -6.69065 5.69632 0.560296 0.55254 -0.433279 -0.43936 2639 2641 2670 2671 2672 2673 2674 2676 2697 2723 2725 2726 2727 2728 2730 2735 2736 2737 2738 2739 2740
159 4.14972 -6.69688 8.07506 0.645023 0.632167 -0.300499 -0.306611 2657 2661 2664 2667 2671 2673 2674 2675 2676 2677 2715 2719 2721 2723 2725 2726 2727 2728 2729 2730 2732 2734 2736 2738 2739 2740 2797 2807 2811 2814
160 4.734 -5.48877 5.70831 0.561024 0.553609 -0.432279 -0.438069 2697 2723 2725 2726 2727 2728 2730 2735 2736 2737 2738 2739 2740 2810 2811 2812 2813 2814 2815
161 4.1406 -5.42445 8.08662 0.63584 0.642902 -0.303643 -0.300308 2669 2673 2676 2715 2719 2721 2723 2725 2726 2727 2728 2729 2730 2732 2734 2736 2738 2739 2740 2797 2799 2803 2807 2809 2811 2813 2814 2815 2817 2821 2824
162 1.93355 -4.24549 8.87989 0.687941 0.690337 -0.158659 -0.158109 789 794 795 935 936 941 942 992 2716 2717 2719 2721 2739 2740 2794 2795 2797 2799 2800 2801 2803 2805 2814 2815 2824 2825
163 2.01279 -3.05191 8.83999 0.687184 0.686262 -0.168443 -0.168669 795 935 936 941 942 992 993 998 2794 2795 2797 2799 2800 2801 2803 2805 2814 2815 2824 2825 2855 2856 2858 2860 2875 2876
164 4.73215 -4.29393 5.71537 0.562049 0.553633 -0.431216 -0.437772 2735 2736 2737 2738 2739 2740 2810 2811 2812 2813 2814 2815 2820 2821 2822 2823 2824 2825
165 4.14458 -4.23021 8.08183 0.636332 0.641794 -0.303931 -0.301344 2715 2719 2721 2725 2730 2732 2734 2736 2738 2739 2740 2797 2799 2803 2805 2807 2809 2811 2813 2814 2815 2817 2819 2821 2823 2824 2825 2858 2868 2872 2875
166 4.71594 -3.06188 5.77793 0.56366 0.561358 -0.427588 -0.429341 2810 2811 2812 2813 2814 2815 2820 2821 2822 2823 2824 2825 2871 2872 2873 2874 2875 2876
167 4.18194 -3.04246 8.03537 0.63501 0.637054 -0.309466 -0.308473 2721 2734 2738 2740 2797 2799 2803 2805 2807 2809 2811 2813 2814 2815 2817 2819 2821 2823 2824 2825 2858 2860 2864 2868 2870 2872 2874 2875 2876 2878 2882 2885
168 1.93091 -1.82646 8.88108 0.682967 0.6954 -0.159493 -0.156641 936 941 942 992 993 998 999 2800 2801 2803 2805 2824 2825 2855 2856 2858 2860 2861 2862 2864 2866 2875 2876 2885 2886
169 2.06914 -0.624084 8.80966 0.678703 0.691003 -0.177466 -0.174307 942 992 993 998 999 1469 1470 1475 2855 2856 2858 2860 2861 2862 2864 2866 2875 2876 2885 2886 3353 3354 3356 3358 3373 3374
170 4.71065 -1.83279 5.79679 0.562218 0.565587 -0.427901 -0.425351 2820 2821 2822 2823 2824 2825 2852 2854 2871 2872 2873 2874 2875 2876 2881 2882 2883 2884 2885 2886
171 4.18841 -1.83545 8.02707 0.633524 0.637447 -0.311043 -0.309129 2799 2803 2805 2809 2813 2815 2817 2819 2821 2823 2824 2825 2858 2860 2864 2866 2868 2870 2872 2874 2875 2876 2878 2880 2882 2884 2885 2886 3356 3366 3370 3373
172 4.69692 -0.644785 5.84406 0.566867 0.567906 -0.422372 -0.421599 2852 2854 2871 2872 2873 2874 2875 2876 2881 2882 2883 2884 2885 2886 3340 3342 3369 3370 3371 3372 3373 3374
173 4.20808 -0.627817 8.00152 0.63085 0.636759 -0.31496 -0.312037 2805 2819 2823 2825 2858 2860 2864 2866 2868 2870 2872 2874 2875 2876 2878 2880 2882 2884 2885 2886 3356 3358 3362 3366 3368 3370 3372 3373 3374 3376 3380 3383
174 3.59416 -12.9958 7.62018 -0.548772 -0.488595 0.451066 0.50662 2526 2528 2532 2534 2582 3255 3256
175 -2.35922 -11.5752 7.67432 0.534751 -0.512779 0.464857 -0.484776 1000 1001
176 2.05624 0.557275 8.81682 0.683563 0.687065 -0.174632 -0.173742 993 998 999 1469 1470 1475 1476 1525 2861 2862 2864 2866 2885 2886 3353 3354 3356 3358 3359 3360 3362 3364 3373 3374 3383 3384
177 1.99844 1.75262 8.84743 0.686508 0.687842 -0.166867 -0.166543 999 1469 1470 1475 1476 1525 1526 1531 3353 3354 3356 3358 3359 3360 3362 3364 3373 3374 3383 3384 3414 3415 3417 3419 3434 3435
178 4.70229 0.595154 5.82479 0.56151 0.570396 -0.427198 -0.420543 2852 2854 2881 2882 2883 2884 2885 2886 3340 3342 3350 3352 3369 3370 3371 3372 3373 3374 3379 3380 3381 3382 3383 3384
179 4.20298 0.568203 8.00823 0.631815 0.63668 -0.313805 -0.311408 2860 2864 2866 2870 2874 2876 2878 2880 2882 2884 2885 2886 3356 3358 3362 3364 3366 3368 3370 3372 3373 3374 3376 3378 3380 3382 3383 3384 3417 3427 3431 3434
180 4.71234 1.78793 5.79008 0.559693 0.5671 -0.430082 -0.424465 3340 3342 3350 3352 3369 3370 3371 3372 3373 3374 3379 3380 3381 3382 3383 3384 3397 3399 3430 3431 3432 3433 3434 3435
181 4.17971 1.75737 8.03821 0.635217 0.637219 -0.309072 -0.308101 2866 2880 2884 2886 3356 3358 3362 3364 3366 3368 3370 3372 3373 3374 3376 3378 3380 3382 3383 3384 3417 3419 3423 3427 3429 3431 3433 3434 3435 3437 3441 3443
182 2.05828 2.95598 8.81572 0.683808 0.686687 -0.174818 -0.174085 1470 1475 1476 1525 1526 1531 1532 1595 3359 3360 3362 3364 3383 3384 3414 3415 3417 3419 3420 3421 3423 3425 3434 3435 3443 3444
183 1.97928 4.16128 8.8572 0.684887 0.690634 -0.16493 -0.163558 1476 1525 1526 1531 1532 1595 1596 1601 3414 3415 3417 3419 3420 3421 3423 3425 3434 3435 3443 3444 3538 3539 3541 3543 3556 3557
184 4.71252 2.98543 5.78955 0.559901 0.566818 -0.429949 -0.424702 3350 3352 3379 3380 3381 3382 3383 3384 3397 3399 3411 3413 3430 3431 3432 3433 3434 3435 3440 3441 3442 3443 3444 3551
185 4.15017 2.96058 8.07506 0.637168 0.640084 -0.304262 -0.302876 3358 3362 3364 3368 3372 3374 3376 3378 3380 3382 3383 3384 3417 3419 3423 3425 3427 3429 3431 3433 3434 3435 3437 3439 3441 3442 3443 3444 3541 3551 3554 3556
186 4.7259 4.21895 5.73782 0.552842 0.566141 -0.437456 -0.42718 3384 3397 3399 3411 3413 3430 3431 3432 3433 3434 3435 3439 3440 3441 3442 3443 3444 3521 3523 3551 3553 3554 3555 3556 3557 3559
187 4.16558 4.15274 8.05601 0.637004 0.637762 -0.306357 -0.305993 3364 3378 3382 3384 3417 3419 3423 3425 3427 3429 3431 3433 3434 3435 3437 3439 3441 3442 3443 3444 3541 3543 3547 3551 3553 3554 3555 3556 3557 3559 3562 3564
188 2.05432 5.35708 8.81787 0.68367 0.687085 -0.174371 -0.173505 1526 1531 1532 1595 1596 1601 1602 1651 3420 3421 3423 3425 3443 3444 3538 3539 3541 3543 3544 3545 3547 3549 3556 3557 3564 3565
189 2.02535 6.56233 8.83336 0.683283 0.689345 -0.170937 -0.169434 1532 1595 1596 1601 1602 1651 1652 1657 3538 3539 3541 3543 3544 3545 3547 3549 3556 3557 3564 3565 3594 3595 3597 3599 3612 3613
190 4.72909 5.3862 5.72778 0.555286 0.562258 -0.436009 -0.430603 3411 3413 3439 3440 3441 3442 3443 3444 3521 3523 3536 3537 3551 3553 3554 3555 3556 3557 3559 3561 3562 3563 3564 3565 3607
191 4.1505 5.35216 8.07468 0.6383 0.638905 -0.303766 -0.303479 3419 3423 3425 3429 3433 3435 3437 3439 3441 3442 3443 3444 3541 3543 3547 3549 3551 3553 3554 3555 3556 3557 3559 3561 3562 3563 3564 3565 3597 3607 3610 3612
192 4.71594 6.60252 5.77629 0.557254 0.567475 -0.432503 -0.424712 3439 3521 3523 3536 3537 3551 3553 3554 3555 3556 3557 3559 3561 3562 3563 3564 3565 3584 3585 3607 3609 3610 3611 3612 3613 3615
193 4.12964 6.57989 8.0998 0.63607 0.644382 -0.302098 -0.298201 3425 3439 3442 3444 3541 3543 3547 3549 3551 3553 3554 3555 3556 3557 3559 3561 3562 3563 3564 3565 3597 3599 3603 3607 3609 3610 3611 3612 3613 3615 3618 3620
194 1.98414 7.7408 8.85474 0.689928 0.6853 -0.164313 -0.165423 1596 1601 1602 1651 1652 1657 1658 1707 3544 3545 3547 3549 3564 3565 3594 3595 3597 3599 3600 3601 3603 3605 3612 3613 3620 3621
195 2.05726 8.95056 8.81628 0.685138 0.685429 -0.174355 -0.17428 1602 1651 1652 1657 1658 1707 1708 1713 3594 3595 3597 3599 3600 3601 3603 3605 3612 3613 3620 3621 3761 3762 3764 3766 3779 3780
196 4.7223 7.79694 5.75315 0.55611 0.565197 -0.434346 -0.427362 3536 3537 3553 3559 3561 3562 3563 3564 3565 3584 3585 3592 3593 3607 3609 3610 3611 3612 3613 3615 3617 3618 3619 3620 3621 3774
197 4.14143 7.78712 8.08542 0.634156 0.644408 -0.304559 -0.299714 3543 3547 3549 3553 3555 3557 3559 3561 3562 3563 3564 3565 3597 3599 3603 3605 3607 3609 3610 3611 3612 3613 3615 3617 3618 3619 3620 3621 3764 3774 3777 3779
198 4.71453 8.97292 5.78278 0.560629 0.5651 -0.42969 -0.42629 3561 3584 3585 3592 3593 3607 3609 3610 3611 3612 3613 3615 3617 3618 3619 3620 3621 3751 3752 3774 3776 3777 3778 3779 3780 3782
199 4.13918 8.95598 8.0885 0.638672 0.640334 -0.302113 -0.301328 3549 3561 3563 3565 3597 3599 3603 3605 3607 3609 3610 3611 3612 3613 3615 3617 3618 3619 3620 3621 3764 3766 3770 3774 3776 3777 3778 3779 3780 3782 3785 3787
200 1.97637 10.1555 8.85869 0.686433 0.689278 -0.164205 -0.163528 1652 1657 1658 1707 1708 1713 1714 1763 3600 3601 3603 3605 3620 3621 3761 3762 3764 3766 3767 3768 3770 3772 3779 3780 3787 3788
201 2.0467 11.344 8.82199 0.687057 0.684201 -0.172587 -0.173307 1658 1707 1708 1713 1714 1763 1764 1769 3761 3762 3764 3766 3767 3768 3770 3772 3779 3780 3787 3788 3817 3818 3820 3822 3835 3836
202 4.71724 10.1889 5.77234 0.558302 0.565863 -0.431884 -0.426114 3592 3593 3609 3615 3617 3618 3619 3620 3621 3751 3752 3759 3760 3774 3776 3777 3778 3779 3780 3782 3784 3785 3786 3787 3788 3830
203 4.15213 10.1613 8.07265 0.636917 0.640019 -0.304639 -0.303162 3599 3603 3605 3609 3611 3613 3615 3617 3618 3619 3620 3621 3764 3766 3770 3772 3774 3776 3777 3778 3779 3780 3782 3784 3785 3786 3787 3788 3820 3830 3833 3835
204 4.71174 11.3962 5.79178 0.559003 0.568029 -0.430524 -0.423683 3617 3751 3752 3759 3760 3774 3776 3777 3778 3779 3780 3782 3784 3785 3786 3787 3788 3807 3808 3830 3832 3833 3834 3835 3836 3838
205 4.13798 11.3664 8.08989 0.637319 0.641862 -0.302597 -0.300455 3605 3617 3619 3621 3764 3766 3770 3772 3774 3776 3777 3778 3779 3780 3782 3784 3785 3786 3787 3788 3820 3822 3826 3830 3832 3833 3834 3835 3836 3838 3841 3843
206 2.04247 12.5353 8.82423 0.689295 0.68222 -0.171515 -0.173294 1708 1713 1714 1763 1764 1769 1770 1819 3767 3768 3770 3772 3787 3788 3817 3818 3820 3822 3823 3824 3826 3828 3835 3836 3843 3844
207 1.99831 13.7468 8.8475 0.687966 0.686391 -0.166498 -0.16688 1714 1763 1764 1769 1770 1819 1820 1825 3817 3818 3820 3822 3823 3824 3826 3828 3835 3836 3843 3844 3872 3873 3875 3877 3890 3891
208 4.70477 12.5754 5.81712 0.562902 0.567897 -0.426509 -0.422757 3759 3760 3776 3782 3784 3785 3786 3787 3788 3807 3808 3815 3816 3830 3832 3833 3834 3835 3836 3838 3840 3841 3842 3843 3844 3885
209 4.15445 12.5625 8.06978 0.636566 0.639994 -0.305111 -0.303477 3766 3770 3772 3776 3778 3780 3782 3784 3785 3786 3787 3788 3820 3822 3826 3828 3830 3832 3833 3834 3835 3836 3838 3840 3841 3842 3843 3844 3875 3885 3888 3890
210 4.71474 13.7761 5.78195 0.560256 0.565347 -0.430006 -0.426134 3784 3807 3808 3815 3816 3830 3832 3833 3834 3835 3836 3838 3840 3841 3842 3843 3844 3864 3865 3885 3887 3888 3889 3890 3891 3893
211 4.17151 13.7525 8.04857 0.63655 0.637243 -0.307352 -0.307018 3772 3784 3786 3788 3820 3822 3826 3828 3830 3832 3833 3834 3835 3836 3838 3840 3841 3842 3843 3844 3875 3877 3881 3885 3887 3888 3889 3890 3891 3893 3896 3897
212 2.01811 14.9986 8.83675 0.674443 0.698402 -0.172283 -0.166373 1764 1769 1770 1819 1820 1825 1826 3823 3824 3826 3828 3843 3844 3872 3873 3875 3877 3878 3879 3881 3883 3890 3891 3897 3898
213 4.72111 15.0075 5.75691 0.555358 0.566488 -0.434755 -0.426213 3815 3816 3832 3838 3840 3841 3842 3843 3844 3864 3865 3868 3870 3885 3887 3888 3889 3890 3891 3893 3895 3896 3897 3898 3912 3913 3932 3933
214 4.17814 14.9944 8.03968 0.630282 0.642291 -0.311285 -0.305465 3822 3826 3828 3832 3834 3836 3838 3840 3841 3842 3843 3844 3875 3877 3881 3883 3885 3887 3888 3889 3890 3891 3895 3896 3897 3898 3923 3933 3936
215 -13.9054 -3.32643 4.04619 -0.718201 0.168517 -0.15422 0.657271 166 167 168 169 170 174 176 178 179 1084 1085 1091 1100 1101 1107 1148
216 -11.66 -1.5248 6.63649 0.975766 -0.154305 0.0242339 -0.153246 167 169 171 172 173 175 177 178 179 543 1109
217 -11.4876 -4.4863 4.3558 -0.751423 0.176571 -0.14543 0.618899 168 169 171 172 174 178 179 489 534 535 536 537 539 548 549 1148
218 -9.99402 -0.680427 6.77523 0.762683 0.646039 -0.0199083 -0.0235028 169 171 172 173 175 177 541 543 1149 1151 1153 1155 1192 1194
219 -11.3959 -0.958848 7.96492 0.99816 -0.0317798 0.00164331 -0.0516141 167 169 171 172 173 175 177 178 179 535 541 543 1101 1107 1109 1149 1151 1153 1155 1164 1166 1192 1194 1196
220 -6.49138 -7.16252 6.73561 0.992866 0.0816365 -0.00712149 -0.0866119 434 436 438 440 442 443 446 449 450 459 461 462 464 476 477
221 -7.36486 -5.82159 6.65146 0.835292 -0.529822 0.0786784 -0.12404 440 442 443 446 449 450 459 460 461 462 464 476 477 522 523 525 527 529 570 571 572 573 593
222 -4.1804 -5.4833 6.53208 0.701844 0.682599 -0.141986 -0.145989 449 450 459 460 461 462 464 467 473 475 476 477 570 571 572 584 591 593 595 597 810 812
223 -9.0282 -5.56883 4.82413 -0.799157 0.187661 -0.130552 0.555957 532 533 534 535 536 537 550 551 567 570 571 579 580 584
224 -9.10654 -2.43355 6.72074 0.988974 -0.109086 0.0109801 -0.0995461 171 172 175 529 533 535 537 539 541 545 551 553 555 557 559
225 -8.58109 -0.283406 6.7321 0.39826 0.912826 -0.0826803 -0.0360729 173 175 177 535 537 539 541 543 545 547 551 553 557 559 561 563 1149 1153 1155 1192 1194 1196
226 -7.49936 -1.63555 6.76041 0.439457 0.896359 -0.0525018 -0.02574 522 523 525 527 533 535 537 539 541 545 547 551 553 555 557 559 561 563 580 582 586 620 622 624
227 -7.3801 -0.23802 6.72597 0.371865 0.923341 -0.0887707 -0.0357514 543 545 547 553 555 557 559 561 563 565 620 622 626 633 635 637 1192 1196 1198 1212 1214 1216
228 -8.21996 -4.26817 6.29047 0.681316 -0.673844 0.201048 -0.203278 450 459 460 461 462 476 477 525 527 529 533 570 571 572 573 580 582 584 586 593 595 604 809
229 -8.48204 -4.35158 5.69766 0.800499 -0.422678 0.198398 -0.375742 533 550 571 572 573 580 582 595 809
230 -6.6552 -6.6821 4.98481 -0.812643 0.20065 -0.131154 0.531178 462 477 580 584 595 596 597 662 663 809 810 917 923
231 -5.33944 -3.12373 6.77979 0.973229 0.229429 -0.00314974 -0.0133611 570 571 572 573 580 582 584 586 595 597 604 606 608 610 644 648 821 823 825 827 851 853 855
232 -6.57544 -1.38815 6.74515 0.000845307 0.997014 -0.0772137 -6.54647e-05 533 551 553 555 557 559 563 582 586 606 610 620 622 624 626 633 637 644 646 648 650 656 660
233 -6.3104 -0.183249 6.73244 0.25492 0.962774 -0.0868998 -0.0230091 559 561 563 565 622 626 633 635 637 639 644 646 650 656 658 660 1212 1216 1218 1251 1253
234 -5.01563 -1.39794 6.72466 0.328762 0.939435 -0.0914023 -0.0319869 557 606 608 610 622 624 626 633 637 639 644 646 648 650 656 658 660 821 823 827 851 853 855
235 -5.02385 -0.166102 6.72059 0.307952 0.946102 -0.0953544 -0.0310374 565 635 637 639 646 648 650 656 658 660 661 851 853 857 863 864 865 866 884 1251 1252 1253 1254 1267 1268 1269
236 -21.5305 4.11623 7.41429 0.679326 -0.666391 0.215202 -0.219379 1003 1005 1006 1007 1010 1011 1017 1072 1073
237 -21.9137 6.12415 6.93843 -0.521953 0.744189 -0.341262 0.239351 1002 1003 1004 1005 1006 1007
238 -18.671 2.29828 7.90775 0.991293 -0.0717175 0.00796854 -0.110143 1003 1010 1011 1013 1015 1017 1018 1019 1020 1021 1023 1054 1055 1058
239 -18.2011 4.37856 7.94858 0.488382 0.869536 -0.0640112 -0.0359524 1003 1005 1006 1007 1010 1011 1013 1014 1015 1016 1017 1018 1019 1020 1021 1022 1023 1071 1072 1073 1074
240 -17.1452 2.90535 7.97168 0.770618 0.636087 -0.0249855 -0.0302699 1011 1015 1016 1017 1018 1019 1020 1021 1022 1023 1024 1031 1054 1055 1058 1059 1061 1073 1075 1077
241 -16.9815 4.44803 7.93987 0.444213 0.892094 -0.0740484 -0.036872 1006 1011 1014 1015 1016 1017 1018 1019 1020 1021 1022 1023 1024 1031 1054 1055 1056 1057 1058 1059 1060 1063 1071 1072 1073 1074 1075 1076 1077 1078
242 -15.7789 2.01105 6.74301 0.47327 0.877324 -0.0699587 -0.037739 1019 1031 1032 1034 1054 1056
243 -14.559 2.03215 6.73834 0.467237 0.880109 -0.0744112 -0.0395038 1032 1033 1034 1035 1036 1037 1056 1062 1064 1100 1103 1104
244 -16.415 0.901645 7.84856 0.979616 -0.135251 0.0203137 -0.147132 1017 1018 1019 1020 1031 1032 1033 1034 1035 1036 1037 1054 1055 1056 1057 1062 1064 1103 1104 1134 1136
245 -16.1818 -2.1577 5.4447 -0.743195 0.157983 -0.135185 0.635947 1025 1026 1027 1031 1032 1033 1034 1038 1084 1085 1100 1101 1102
246 -14.9417 1.40484 7.96081 0.997085 0.0496825 -0.00288155 -0.0578302 1019 1031 1032 1033 1034 1035 1036 1037 1054 1056 1062 1064 1100 1102 1103 1104 1105 1106 1108 1111 1112 1134 1136
247 -15.8306 3.1112 6.75658 0.53615 0.841716 -0.0537249 -0.0342213 1020 1023 1031 1032 1035 1054 1055 1056 1057 1058 1060 1062
248 -15.8157 4.31267 6.75473 0.541342 0.838202 -0.0555042 -0.0358467 1024 1055 1057 1058 1059 1060 1061 1063 1066 1077 1082 1083
249 -14.6178 3.12633 6.75421 0.527238 0.847094 -0.0566457 -0.0352568 1035 1037 1057 1060 1062 1063 1064 1065 1066 1068 1104 1134
250 -14.5903 4.48132 6.73748 0.415984 0.905382 -0.0773218 -0.0355261 1053 1061 1065 1066 1067 1068 1081 1083 1117 1118 1119 1120 1135
251 -15.8154 3.18529 7.94983 0.475052 0.877008 -0.0632948 -0.0342851 1015 1018 1019 1020 1021 1022 1023 1024 1031 1032 1034 1035 1036 1037 1054 1055 1056 1057 1058 1059 1060 1061 1062 1063 1064 1082
252 -14.5598 3.33573 7.92673 0.398436 0.912259 -0.0870939 -0.0380389 1020 1023 1032 1033 1034 1035 1036 1037 1053 1054 1055 1056 1057 1058 1059 1060 1061 1062 1063 1064 1065 1066 1067 1068 1100 1103 1104 1105 1106 1112 1134 1135 1136
253 -14.5676 4.55096 7.92579 0.385242 0.917823 -0.0883906 -0.0371005 1024 1037 1053 1057 1058 1059 1060 1061 1062 1063 1064 1065 1066 1067 1068 1077 1081 1082 1083 1104 1117 1118 1119 1120 1122 1123 1134 1135 1136
254 -17.1266 5.3811 6.77035 0.661309 0.748938 -0.0314597 -0.0277788 1022 1024 1059 1075 1076 1077 1078 1082
255 -18.1598 5.76822 7.92229 0.379796 0.919773 -0.0913699 -0.0377288 1006 1007 1011 1014 1015 1016 1018 1021 1022 1023 1024 1071 1072 1073 1074 1075 1076 1077
256 -16.9849 5.83021 7.91627 0.333411 0.937049 -0.0978021 -0.0347989 1007 1016 1020 1021 1022 1023 1024 1055 1058 1059 1060 1061 1071 1072 1073 1074 1075 1076 1077 1078 1082 1083
257 -16.0028 5.36171 6.77588 0.6825 0.730311 -0.0211755 -0.0197892 1059 1061 1067 1081 1082 1083
258 -14.7566 7.99694 5.17564 0.03542 0.855101 -0.516806 -0.0214071 1053 1067 1068 1070 1079 1080 1081 1082 1083 1119 1121 1129
259 -15.7259 5.99592 7.87573 0.297091 0.945624 -0.12632 -0.0396866 1024 1053 1057 1058 1059 1060 1061 1063 1066 1067 1068 1072 1073 1074 1075 1076 1077 1078 1081 1082 1083 1118 1119
260 -14.0557 -0.436069 6.60044 0.975469 -0.13557 0.023875 -0.171788 1033 1036 1100 1101 1102 1107 1108
261 -13.396 1.95346 6.74977 0.512512 0.855651 -0.0618164 -0.0370264 1037 1064 1100 1101 1102 1103 1104 1105 1106 1108 1111 1134 1136
262 -12.3515 0.479674 6.77167 0.80512 0.59181 -0.0232636 -0.0316487 167 1107 1108 1109 1110 1111 1112 1113 1141 1143 1165
263 -12.1906 2.09001 6.73654 0.409934 0.908051 -0.0783917 -0.0353894 1099 1106 1110 1111 1112 1113 1117 1122 1123 1125 1136 1140 1141 1143 1145 1165
264 -14.1716 -0.592606 7.72651 0.965027 -0.162237 0.0341391 -0.203067 167 1033 1034 1035 1036 1037 1062 1064 1100 1101 1102 1103 1104 1105 1106 1107 1108 1109 1110 1111 1112 1113 1147 1157 1164 1165
265 -13.4159 2.04434 7.94462 0.427247 0.900783 -0.0702779 -0.0333332 1033 1034 1035 1036 1037 1056 1062 1063 1064 1065 1100 1101 1102 1103 1104 1105 1106 1107 1108 1109 1110 1111 1112 1113 1117 1122 1134 1135 1136 1165
266 -12.4919 0.34622 7.97281 0.98015 0.194819 -0.00716917 -0.0360686 167 178 1033 1100 1101 1102 1105 1107 1108 1109 1110 1111 1113 1141 1143 1145 1147 1151 1153 1157 1159 1164 1165 1166 1168 1172
267 -12.2112 2.11033 7.93674 0.384232 0.91924 -0.0791711 -0.0330927 167 178 1037 1064 1099 1102 1103 1104 1105 1106 1107 1108 1109 1110 1111 1112 1113 1117 1118 1120 1122 1123 1125 1127 1128 1134 1135 1136 1140 1141 1143 1145 1149 1151 1164 1165 1166 1168
268 -13.3775 3.22955 6.74113 0.459908 0.884225 -0.0722451 -0.0375765 1053 1065 1068 1099 1105 1106 1112 1117 1118 1119 1120 1122 1123 1134 1135 1136
269 -13.3511 4.54232 6.72462 0.399203 0.911731 -0.0887382 -0.0388542 1053 1081 1117 1118 1119 1120 1121 1122 1123 1127 1128 1129 1131
270 -12.2253 3.30693 6.73886 0.377429 0.922246 -0.077491 -0.0317132 1099 1117 1118 1120 1121 1122 1123 1125 1127 1128 1129 1131 1141 1143 1147 1168 1170 1172
271 -12.3452 4.71025 6.71907 0.193272 0.975878 -0.099597 -0.0197251 1052 1118 1119 1120 1121 1123 1127 1128 1129 1131 1133 1168 1170 1174 1176 1178 1190
272 -13.3876 3.32827 7.93149 0.387282 0.917482 -0.083623 -0.0352985 1037 1053 1057 1060 1062 1063 1064 1065 1066 1067 1068 1081 1099 1102 1103 1104 1105 1106 1108 1111 1112 1113 1117 1118 1119 1120 1121 1122 1123 1125 1134 1135 1136 1141 1143
273 -10.989 0.846192 6.74104 0.441457 0.893571 -0.0730933 -0.0361108 172 173 177 179 1099 1110 1113 1140 1141 1143 1145 1149 1151 1153 1164 1165 1166
274 -10.9532 2.08575 6.7319 0.433125 0.89679 -0.0813938 -0.039311 1099 1122 1125 1127 1140 1141 1143 1145 1147 1149 1151 1155 1157 1159 1161 1166 1168 1170 1172
275 -9.76602 0.900438 6.73201 0.416866 0.904472 -0.0820027 -0.0377946 173 175 177 541 543 547 1140 1141 1145 1147 1149 1151 1153 1155 1157 1159 1161 1192 1194 1196
276 -9.74108 2.11882 6.72619 0.41842 0.903217 -0.0866645 -0.0401478 1143 1145 1147 1151 1153 1155 1157 1159 1161 1163 1168 1172 1174 1180 1182 1184 1192 1194 1198 1204 1206 1208
277 -11.1369 0.704724 7.96735 0.477499 0.877344 -0.0417752 -0.0227364 167 171 172 173 175 177 178 179 541 543 1099 1105 1108 1109 1110 1111 1112 1113 1122 1125 1140 1141 1143 1145 1147 1149 1151 1153 1157 1164 1165 1166 1168 1170
278 -10.9183 3.32381 6.7221 0.426597 0.899006 -0.0894512 -0.0424464 1123 1125 1127 1128 1131 1133 1143 1145 1147 1157 1159 1163 1168 1170 1172 1174 1176 1178 1180 1182 1184
279 -10.8909 4.81457 6.66584 0.30717 0.941523 -0.131662 -0.0429545 1121 1129 1131 1133 1170 1172 1174 1176 1178 1180 1182 1186 1188 1189 1190 1236
280 -9.69206 3.4433 6.7002 0.375789 0.919418 -0.107368 -0.0438838 1159 1161 1163 1170 1172 1174 1176 1178 1180 1182 1184 1186 1188 1189 1204 1206 1210 1230 1231 1232
281 -9.70354 6.76619 5.17084 0.0763444 0.851953 -0.515955 -0.0462352 1130 1132 1175 1176 1177 1178 1186 1187 1188 1189 1210 1221 1230 1234 1235 1236 1237 1242
282 -12.8495 8.31372 4.15693 -0.0344779 0.749319 -0.660612 0.0303963 1053 1068 1119 1121 1129 1133 1135 1176 1177 1178 1187 1188 1189 1190 1234 1236
283 -8.55538 0.935292 6.72616 0.401078 0.911048 -0.0874399 -0.0384943 543 545 547 559 561 565 1151 1153 1155 1157 1161 1163 1192 1194 1196 1198 1204 1206 1208 1212 1214 1216
284 -8.55024 2.2056 6.71536 0.365085 0.925087 -0.0972341 -0.0383734 1159 1161 1163 1180 1184 1186 1194 1196 1198 1204 1206 1208 1210 1212 1214 1218 1221 1222 1223 1230 1231 1232
285 -7.35946 0.953845 6.72425 0.388072 0.91649 -0.0894944 -0.0378949 561 563 565 633 635 639 1194 1196 1198 1204 1208 1210 1212 1214 1216 1218 1221 1222 1223 1251 1252 1253
286 -7.34025 2.19795 6.71507 0.374324 0.921361 -0.0970598 -0.0394327 1206 1208 1210 1214 1216 1218 1221 1222 1223 1224 1230 1231 1232 1233 1241 1242 1243 1251 1252 1253 1254 1259 1260 1261
287 -8.57654 3.64313 6.67225 0.256197 0.95721 -0.130008 -0.0347965 1174 1180 1182 1184 1186 1188 1189 1206 1210 1221 1222 1223 1224 1230 1231 1232 1233 1236 1237 1241 1242 1243 1244 1284
288 -8.85782 5.43099 6.49108 0.0449401 0.974512 -0.219557 -0.010125 1174 1182 1186 1188 1189 1229 1231 1232 1233 1236 1237 1241 1242 1243 1244 1284 1285
289 -7.28468 3.78264 6.62082 0.259949 0.951705 -0.15758 -0.0430413 1185 1186 1189 1222 1223 1224 1230 1231 1232 1233 1236 1237 1241 1242 1243 1244 1252 1254 1259 1260 1261 1262 1283 1284 1285 1286 1292
290 -6.19243 0.996111 6.72263 0.346086 0.933011 -0.0924136 -0.0342794 635 637 639 656 658 661 1214 1216 1218 1221 1222 1223 1224 1243 1251 1252 1253 1254 1259 1260 1261 1267 1268 1269
291 -5.02712 1.08556 6.712 0.283179 0.95306 -0.102735 -0.0305252 658 661 852 863 864 865 866 1218 1223 1251 1252 1253 1254 1259 1260 1261 1262 1267 1268 1269 1270 1276 1277 1278 1369 1370 1371 1372 1389
292 -5.01881 2.27683 6.71259 0.291958 0.950459 -0.102016 -0.0313369 864 1223 1224 1243 1254 1259 1260 1261 1262 1267 1268 1269 1270 1276 1277 1278 1279 1283 1284 1285 1286 1290 1292 1369 1370 1371 1372 1378 1379 1380 1381 1401
293 -6.18377 3.72358 6.65277 0.230085 0.962134 -0.142141 -0.0339916 1222 1224 1229 1232 1233 1241 1242 1243 1244 1259 1260 1261 1262 1268 1270 1276 1277 1278 1279 1283 1284 1285 1286 1290 1292
294 -5.09394 3.39889 6.73368 0.275899 0.957082 -0.0852624 -0.0245787 1243 1244 1262 1276 1277 1278 1279 1283 1284 1285 1286 1290 1292 1294 1370 1378 1379 1380 1381 1396 1404 1406 1408
295 4.3241 -5.46605 6.57206 0.699727 -0.689617 0.130965 -0.132885 2911 2913 3003 3004 3006 3008 3010 3015 3016 3017 3023 3024 3033 3034 3035 3036 3100 3107 3108 3110 3129 3131 3132
296 6.52521 -7.16605 6.73457 0.991698 -0.0938633 0.00828216 -0.0875038 3003 3004 3006 3008 3010 3015 3016 3017 3020 3023 3024 3033 3034 3035 3037 3039 3041 3043 3045 3100
297 7.05926 -5.77136 6.7317 0.888999 0.448862 -0.0408218 -0.0808502 3003 3004 3006 3015 3016 3017 3020 3023 3024 3033 3034 3035 3036 3039 3041 3043 3045 3108 3129 3130 3131 3132 3199 3201 3202 3203 3205
298 6.72473 -6.62163 5.07826 -0.819808 -0.210089 0.132242 0.516032 2753 2812 2910 2911 3016 3106 3107 3110 3139
299 5.36059 -3.09185 6.77997 0.880774 -0.473369 0.00597826 -0.0111235 2922 2924 2952 2956 2958 3010 3016 3107 3110 3118 3120 3122 3124 3129 3130 3131 3132 3139 3141 3150 3152 3154
300 8.141 -4.24028 6.36896 0.680202 0.684591 -0.185879 -0.184688 3015 3016 3023 3033 3034 3035 3036 3039 3041 3043 3108 3110 3124 3129 3130 3131 3132 3139 3141 3144 3154 3199 3201 3205 3209
301 8.3641 -4.33454 5.8597 0.82132 0.414606 -0.176578 -0.349795 2910 3109 3110 3129 3130 3132 3144 3209 3215
302 5.06316 -1.38284 6.7223 -0.321205 0.941837 -0.0935579 0.0319071 2920 2922 2924 2952 2956 2958 3118 3120 3124 3150 3152 3154 3156 3163 3166 3168 3178 3180 3184 3191 3193 3195 3214
303 5.07342 -0.152158 6.7185 -0.300238 0.948395 -0.097242 0.0307844 2945 2954 2956 2958 2964 2965 2966 2967 3150 3152 3156 3163 3164 3166 3168 3191 3193 3197 3222 3632 3634 3635 3650 3651 3653 3654
304 6.57014 -1.37414 6.74245 -0.0559015 0.99522 -0.0799504 0.00449082 3120 3124 3141 3144 3150 3152 3154 3156 3166 3178 3180 3182 3184 3191 3195 3209 3212 3214 3216 3218 3220 3224
305 6.3407 -0.173257 6.72923 -0.263556 0.960168 -0.0895049 0.0245682 3152 3154 3156 3163 3166 3168 3180 3184 3191 3193 3195 3197 3220 3222 3224 3226 3650 3653 3654 3681 3683 3685
306 9.07167 -5.52175 4.93567 -0.809506 -0.192761 0.128462 0.539481 3131 3132 3135 3142 3208 3209 3215 3216 3227 3228 3231 3232
307 7.54791 -1.61764 6.75916 -0.420964 0.905076 -0.0546097 0.0253997 3141 3144 3178 3182 3184 3199 3201 3202 3203 3209 3212 3214 3216 3218 3220 3224 3226 3228 3230 3232 3234 3236 3238
308 7.41954 -0.229838 6.72371 -0.371929 0.923111 -0.0905706 0.0364917 3180 3182 3184 3191 3195 3197 3212 3214 3218 3220 3222 3224 3226 3234 3236 3240 3681 3685 3687 3695 3697 3699
309 9.0506 -2.24623 6.75453 0.997228 0.0337204 -0.00224152 -0.0662893 3209 3212 3214 3216 3218 3220 3224 3228 3230 3232 3234 3238 3241 3243 3246
310 8.63372 -0.274339 6.73164 -0.389709 0.916467 -0.0834066 0.035467 3214 3216 3218 3220 3224 3226 3228 3230 3232 3234 3236 3238 3240 3243 3245 3247 3695 3699 3701 3945 3947 3949
311 11.4512 -4.54827 4.24232 -0.742299 -0.160908 0.1378 0.635698 3210 3227 3228 3229 3230 3231 3232 3241 3242 3246 3248 3250 3251 3252 3948
312 10.0177 -0.641224 6.77383 -0.69141 0.721644 -0.024833 0.0237926 3232 3238 3240 3241 3243 3245 3246 3247 3248 3699 3701 3945 3947 3949 3951
313 11.743 -1.5901 6.61189 0.972637 0.16064 -0.0273504 -0.1656 3240 3241 3243 3245 3246 3247 3248 3251 3252 3254 4012
314 11.4415 -0.965863 7.9642 0.998212 0.0280287 -0.00148178 -0.0527721 3232 3238 3240 3241 3243 3245 3246 3247 3248 3251 3252 3254 3695 3697 3699 3701 3945 3947 3949 3951 3972 3973 4012 4014 4019
315 13.8833 -3.36152 4.02916 -0.718457 -0.158719 0.146087 0.661276 3242 3244 3248 3249 3250 3251 3252 3253 3254 3944 3948 3998 4005 4007 4014 4019 4021
316 12.8541 -1.61088 7.81354 0.979137 0.115728 -0.0196047 -0.165869 3245 3246 3248 3251 3252 3254 3945 3947 3972 3973 4012 4013 4014 4015 4019 4020 4021 4055 4056
317 5.06959 1.09042 6.7105 -0.284328 0.952587 -0.103809 0.0309847 2957 2964 2965 2966 2967 3163 3164 3168 3455 3474 3475 3476 3477 3632 3633 3634 3635 3641 3643 3644 3650 3651 3653 3654 3659 3660 3661 3662 3683 3689
318 5.06505 2.29162 6.70973 -0.286603 0.951837 -0.104303 0.0314061 2967 3467 3474 3475 3476 3477 3480 3483 3484 3485 3632 3633 3634 3635 3641 3642 3643 3644 3651 3659 3660 3661 3662 3663 3668 3669 3674 3677 3678 3679 3689 3690 3717
319 6.23361 1.01158 6.7194 -0.341925 0.934256 -0.0950891 0.0348014 3164 3166 3168 3191 3193 3197 3476 3632 3634 3635 3650 3651 3653 3654 3659 3661 3662 3681 3683 3687 3689 3690 3692 3693 3717
320 6.23903 2.26808 6.71069 -0.312117 0.943863 -0.102723 0.0339686 3484 3632 3633 3634 3635 3641 3643 3644 3650 3651 3654 3659 3660 3661 3662 3677 3678 3679 3689 3690 3693 3717 3718 3719 3720 3725
321 5.08962 3.4584 6.71858 -0.28514 0.95305 -0.0976571 0.0292177 3464 3477 3480 3483 3484 3485 3489 3496 3497 3498 3499 3641 3642 3643 3644 3660 3663 3664 3668 3669 3671 3674 3677 3678 3679 3717 3718
322 6.23279 3.69668 6.66008 -0.236425 0.96123 -0.137811 0.0338962 3498 3633 3635 3641 3642 3643 3644 3659 3660 3661 3662 3663 3664 3668 3669 3674 3677 3678 3679 3690 3693 3717 3718 3719 3720 3725 3726 3727
323 7.40609 0.963955 6.72272 -0.382858 0.918542 -0.0909134 0.0378936 3193 3195 3197 3220 3222 3226 3650 3653 3654 3681 3683 3685 3687 3689 3692 3693 3695 3697 3701 3707 3710
324 7.39037 2.19213 6.71633 -0.376007 0.92079 -0.0960532 0.0392236 3650 3651 3653 3654 3659 3661 3662 3681 3683 3687 3689 3690 3692 3693 3707 3712 3717 3719 3720 3725 3726 3728
325 8.60631 0.941734 6.72579 -0.39546 0.913467 -0.0879693 0.0380838 3222 3224 3226 3234 3236 3240 3681 3685 3687 3695 3697 3699 3701 3707 3710 3712 3945 3947 3951 3953 3955 3957
326 8.60603 2.21046 6.71579 -0.358138 0.927837 -0.0972017 0.0375191 3683 3685 3687 3689 3692 3693 3695 3697 3701 3707 3710 3712 3725 3728 3953 3955 3959 3976 3977 3979 3982
327 7.33538 3.74459 6.63224 -0.268682 0.950279 -0.151479 0.0428293 3651 3654 3659 3660 3661 3662 3669 3674 3677 3678 3679 3689 3690 3693 3717 3718 3719 3720 3725 3726 3728 3731 3732 3977 3980 3982
328 8.79525 5.44356 6.47802 -0.085084 0.97071 -0.223826 0.0196186 3678 3679 3690 3717 3718 3719 3720 3725 3726 3727 3728 3731 3732 3975 3977 3981 3982 3983 3987 3993
329 9.80753 0.903186 6.73083 -0.418341 0.903683 -0.0829157 0.0383841 3236 3238 3240 3243 3245 3247 3695 3699 3701 3945 3947 3949 3951 3953 3957 3959 3962 3966 3968 3969
330 9.78101 2.12445 6.72434 -0.418845 0.90285 -0.0880912 0.0408667 3697 3699 3701 3707 3710 3712 3945 3947 3951 3953 3955 3957 3959 3966 3968 3971 3976 3979 3981 3985 3987 3989
331 10.9947 2.09043 6.73049 -0.433141 0.896652 -0.0825501 0.0398771 3947 3949 3951 3953 3957 3959 3962 3966 3968 3969 3971 3972 3985 3989 3991 4002 4027 4029 4030
332 11.1524 0.740474 7.96254 -0.460483 0.885941 -0.0491081 0.0255248 3238 3240 3241 3243 3245 3246 3247 3251 3252 3254 3945 3949 3951 3957 3962 3966 3968 3969 3971 3972 3973 3974 3989 3991 4002 4012 4013 4015 4016 4017 4018 4022 4027 4030
333 9.75295 3.39489 6.71015 -0.393356 0.912949 -0.0997441 0.0429761 3710 3712 3725 3728 3953 3955 3959 3976 3977 3979 3981 3982 3983 3985 3987 3991 3993 3995
334 9.64796 6.74815 5.16577 -0.093037 0.849796 -0.515755 0.0564656 3692 3720 3729 3730 3731 3732 3976 3981 3982 3983 3992 3993 3994 3995 4033 4034
335 10.9681 3.31759 6.72324 -0.429251 0.897847 -0.0884635 0.0422934 3955 3957 3959 3966 3968 3971 3976 3979 3981 3985 3987 3989 3991 3993 3995 4027 4029 4031 4033 4035 4036
336 10.9365 4.75706 6.67816 -0.328915 0.935247 -0.123459 0.043419 3732 3977 3979 3981 3982 3983 3985 3987 3991 3993 3995 4033 4035 4037 4043 4049
337 12.4014 0.475621 6.77175 0.810869 -0.583919 0.0228531 -0.0317353 3254 3969 3971 3974 4012 4013 4014 4015 4016 4017 4018 4019
338 12.2246 2.08454 6.73536 -0.421275 0.902736 -0.0789703 0.0368526 3962 3966 3969 3971 3974 4002 4013 4016 4017 4018 4023 4027 4030 4031 4039 4046
339 14.0142 -0.22622 6.67251 0.983761 0.118933 -0.0161334 -0.133448 4013 4014 4015 4019 4020 4021 4055 4056
340 13.4477 1.94888 6.7506 -0.514651 0.854448 -0.0608934 0.0366773 4015 4017 4020 4021 4022 4023 4024 4025 4046 4047 4057 4078
341 12.5131 0.396984 7.97498 0.950902 -0.307888 0.00969784 -0.0299515 3254 3947 3951 3957 3959 3966 3968 3969 3971 3972 3973 3974 3985 3989 4012 4013 4014 4015 4016 4017 4019 4020 4021 4022 4027
342 12.2259 2.12322 7.93089 -0.395735 0.913814 -0.0837929 0.0362873 3252 3254 3949 3951 3962 3966 3969 3971 3972 3973 3974 4002 4012 4013 4014 4015 4016 4017 4018 4020 4022 4023 4024 4025 4027 4029 4030 4031 4036 4039 4042 4044 4046 4047 4048 4057 4078
343 14.2139 -0.574654 7.73466 0.965646 0.162736 -0.0336676 -0.199777 3254 3957 3968 3973 3974 4012 4013 4014 4015 4016 4017 4018 4019 4020 4021 4022 4023 4024 4025 4055 4056 4057 4058 4059 4078 4080
344 13.4493 2.05921 7.94135 -0.424759 0.901656 -0.073469 0.0346103 3974 4012 4013 4014 4015 4016 4017 4018 4019 4020 4021 4022 4023 4024 4025 4030 4039 4046 4047 4048 4055 4056 4057 4058 4059 4078 4079 4080 4081 4085
345 12.2645 3.31207 6.73724 -0.379458 0.921266 -0.0788959 0.0324962 3968 3969 3971 3985 3989 3991 4002 4027 4029 4030 4031 4033 4036 4037 4039 4042 4043 4044
346 12.3519 4.70604 6.71637 -0.224219 0.969003 -0.101055 0.0233834 3987 3989 3991 3993 3995 4029 4031 4033 4035 4036 4037 4042 4043 4044 4045 4049
347 13.4196 3.23975 6.73942 -0.455176 0.886509 -0.0739878 0.0379889 4002 4018 4022 4023 4030 4031 4039 4042 4044 4045 4046 4047 4048 4067 4079 4082
348 13.4036 4.52884 6.72709 -0.404577 0.909585 -0.0865464 0.0384952 4029 4030 4031 4033 4036 4037 4039 4042 4043 4044 4045 4067 4110
349 13.407 3.3333 7.927 -0.400069 0.911568 -0.0868102 0.0380993 3969 3971 4002 4015 4016 4017 4018 4020 4022 4023 4024 4025 4027 4030 4031 4039 4042 4043 4044 4045 4046 4047 4048 4057 4067 4078 4079 4080 4081 4082 4083 4084 4086 4089 4110
350 12.0277 8.03809 4.97197 -0.0910083 0.830798 -0.545818 0.0597906 3981 3983 3992 3993 3994 3995 4035 4037 4043 4045 4048 4049 4082 4084
351 14.6149 2.00535 6.74193 -0.483319 0.871725 -0.0705021 0.0390892 4021 4024 4055 4056 4057 4058 4059 4060 4078 4080 4085
352 15.7946 2.02891 6.73693 -0.475223 0.87569 -0.0752561 0.0408403 4058 4060 4061 4085 4087 4095
353 14.9685 1.40495 7.9605 0.995145 -0.0792671 0.00463192 -0.0581506 4017 4018 4020 4021 4022 4023 4024 4025 4046 4047 4048 4055 4056 4057 4058 4059 4060 4061 4078 4080 4085 4087 4095
354 16.4123 0.963763 7.86993 0.983858 0.116299 -0.0159662 -0.135069 4024 4025 4046 4047 4055 4056 4057 4058 4059 4060 4061 4078 4080 4085 4086 4087 4088 4095 4096 4097 4098 4103
355 14.654 3.12861 6.75269 -0.53022 0.84508 -0.0581091 0.0364588 4025 4047 4057 4059 4078 4079 4080 4081 4082 4083 4086 4089
356 14.6306 4.4826 6.73638 -0.419215 0.90379 -0.0781579 0.0362528 4039 4042 4044 4045 4048 4067 4079 4082 4083 4084 4090 4110 4113
357 15.8615 3.11389 6.75446 -0.540879 0.838474 -0.0558106 0.0360021 4059 4060 4061 4080 4085 4086 4087 4088 4089 4091 4096 4099
358 15.8451 4.322 6.75195 -0.540134 0.838706 -0.0584181 0.0376218 4081 4083 4086 4088 4089 4090 4091 4092 4100 4113 4114 4116
359 14.6039 3.3363 7.92617 -0.399951 0.911544 -0.0874796 0.0383827 4018 4021 4022 4023 4024 4025 4046 4047 4048 4055 4056 4057 4058 4059 4060 4067 4078 4079 4080 4081 4082 4083 4084 4085 4086 4087 4088 4089 4090 4091 4092 4096 4099
360 14.6444 4.52592 7.933 -0.383202 0.919331 -0.0824927 0.0343852 4025 4030 4031 4039 4042 4044 4045 4046 4047 4048 4057 4067 4078 4079 4080 4081 4082 4083 4084 4086 4089 4090 4091 4092 4100 4110 4113 4114 4116
361 15.8487 3.20318 7.94659 -0.467948 0.880513 -0.0667981 0.0354999 4056 4057 4058 4059 4060 4061 4078 4080 4081 4085 4086 4087 4088 4089 4090 4091 4092 4095 4096 4098 4099 4100 4101 4102 4105 4114
362 15.8072 4.56101 7.92328 -0.383919 0.91815 -0.0904272 0.0378116 4059 4060 4078 4079 4080 4081 4082 4083 4084 4085 4086 4087 4088 4089 4090 4091 4092 4096 4099 4100 4101 4102 4106 4113 4114 4116 4117 4118 4119 4120
363 17.0923 4.32637 6.75733 -0.513865 0.855576 -0.0537575 0.0322871 4088 4091 4096 4098 4099 4100 4101 4102 4106 4116 4118 4120
364 17.1687 2.9484 7.97006 0.708622 -0.704304 0.0299999 -0.0301838 4061 4087 4088 4091 4092 4095 4096 4097 4098 4099 4100 4101 4102 4103 4105 4106 4114 4116 4118 4120
365 17.0216 4.45033 7.93863 -0.446511 0.890831 -0.075052 0.0376183 4061 4081 4085 4086 4087 4088 4089 4091 4092 4095 4096 4097 4098 4099 4100 4101 4102 4103 4105 4106 4109 4116 4117 4118 4119 4120 4121 4122 4123 4365
366 18.5491 2.63853 7.96378 0.991667 -0.117214 0.00627427 -0.0530825 4087 4088 4091 4095 4096 4097 4098 4099 4100 4101 4102 4103 4104 4105 4108
367 18.2436 4.38977 7.94705 -0.481605 0.873162 -0.0657899 0.0362874 4095 4096 4097 4098 4099 4101 4102 4103 4104 4105 4106 4108 4109 4120 4121 4122 4123 4362 4364 4365 4366
368 14.6605 7.90728 5.30674 -0.0612175 0.866346 -0.494445 0.0349383 4037 4043 4045 4084 4110 4111 4112 4113 4114 4115
369 16.0508 5.45818 6.77398 -0.484274 0.874255 -0.0297642 0.0164872 4084 4089 4090 4092 4110 4113 4114 4117
370 15.7893 5.96428 7.88503 -0.300493 0.945369 -0.120477 0.0382947 4044 4045 4067 4081 4082 4083 4084 4089 4090 4091 4092 4100 4110 4113 4114 4116 4117 4118 4119 4120 4121 4123
371 17.1264 5.37103 6.76608 -0.680804 0.730775 -0.0363954 0.0339066 4092 4100 4102 4116 4117 4118 4119
372 17.0379 5.82328 7.91811 -0.333568 0.937157 -0.0963897 0.0343086 4088 4089 4090 4091 4092 4096 4099 4100 4101 4102 4106 4113 4114 4116 4117 4118 4119 4120 4121 4122 4123 4366
373 18.2376 5.76668 7.92663 -0.363405 0.926762 -0.0885595 0.0347262 4098 4099 4100 4101 4102 4103 4105 4106 4109 4116 4118 4119 4120 4121 4122 4123 4365 4366
374 19.7308 4.24489 7.97798 -0.377796 0.925624 -0.0205098 0.00837112 4098 4103 4104 4108 4109 4362 4364 4365
375 19.6795 5.75412 7.95007 -0.17013 0.982809 -0.0706561 0.012231 4105 4106 4109 4118 4119 4120 4121 4122 4123 4364 4365 4366
