1 -5.54897 -26.5882 7.34461 0.715012 -0.441731 0.284802 -0.460997 56
2 -2.7233 -28.8503 8.29069 0.855295 -0.263529 0.131362 -0.426342 7 9 19 21 28 53 59 61 63 70 3138 3147
3 -3.04291 -26.9519 8.83666 0.848576 -0.368093 0.151235 -0.348646 7 9 19 21 22 28 53 54 56 58 59 61 63 65 70 71 72 73 140 142 144 147 160 161 163 3138 3147 3186 3188 3196
4 -5.64415 -24.6236 7.8257 0.686539 -0.532112 0.303546 -0.39164 53 54 56 58 70 140 141 142 147 148 150 152 155 199
5 -5.93356 -23.1406 7.46802 0.637616 -0.558709 0.349531 -0.398896 36 54 56 58 123 140 141 142 147 148 149 150 151 152 155 156 194 195 197 199 200 202 204 206 207 208 210 212 264 267 268 277
7 -2.1741 -25.1135 9.71632 0.889575 -0.390124 0.095432 -0.217608 7 19 21 22 28 53 54 56 58 59 61 63 65 70 71 72 73 142 147 148 150 152 155 156 158 160 161 163 165 167 168 169 195 199 200 201 202 207 214 217 218 3147 3186 3188 3191 3196 3197 3198 3199 3272 3274 3275 3277 3278 3279 3281 3283 3292 3327 3329
8 -2.30856 -24.7517 10.7752 0.857347 -0.463018 0.106861 -0.197868 70 71 147 160 163 165 167
9 -2.32975 -23.3337 10.8581 0.815678 -0.540726 0.113618 -0.171392 70 71 72 147 148 155 156 158 160 163 165 167 168 169 199 202 210 212 214 216 217 219 270 3274
10 -6.09891 -21.7918 7.171 0.602076 -0.571412 0.383895 -0.404496 36 54 56 123 125 133 140 141 142 147 148 149 150 151 152 155 156 194 195 196 197 199 200 202 203 204 205 206 207 208 210 212 263 264 265 266 267 268 270 272 273 274 276 277 278 280 282 316 319 322
12 -6.11176 -20.5865 7.15457 0.588547 -0.583932 0.393811 -0.396924 54 140 141 142 147 148 149 150 151 152 155 156 194 195 196 197 199 200 202 203 204 205 206 207 208 210 212 263 264 265 266 267 268 270 272 273 274 275 276 277 278 280 282 315 316 317 318 319 320 322 324 325 326 329 332
13 -4.99466 -20.6122 9.83294 0.659664 -0.648108 0.266683 -0.271438 199 202 207 210
14 -2.28205 -21.875 10.9321 0.753671 -0.630157 0.119802 -0.143284 70 71 147 148 155 156 160 163 165 167 168 169 199 200 202 207 208 210 212 214 216 217 218 219 220 221 222 267 268 270 272 277 278 280 282 283 284 285 287 288 322 335 3274 3278 3279
15 -2.24598 -20.589 10.9571 0.703182 -0.687859 0.125839 -0.128642 147 148 155 156 160 163 165 167 168 169 199 200 202 207 208 210 212 214 216 217 218 219 220 221 222 267 268 270 272 277 278 280 282 283 284 285 286 287 288 289 290 319 320 322 324 329 332 335 336 337 338 339 341
16 -6.12729 -19.5503 7.11604 0.584618 -0.58458 0.397786 -0.397812 141 142 148 149 150 151 152 155 156 194 195 196 197 199 202 203 204 205 206 207 208 210 212 263 264 265 266 267 268 270 272 273 274 275 276 277 278 280 282 315 316 317 318 319 320 322 324 325 326 327 328 329 330 332 334 439 440 444 447
17 -4.99368 -19.5544 9.83445 0.654371 -0.653568 0.268766 -0.269096 202 210 212 270 272 280 282 322
18 -6.11127 -18.5512 7.15613 0.586384 -0.586238 0.395222 -0.395321 151 152 156 194 195 196 197 199 202 203 204 205 206 207 208 210 212 263 264 265 266 267 268 270 272 273 274 275 276 277 278 280 282 315 316 317 318 319 320 322 324 325 326 327 328 329 330 332 334 439 440 441 442 444 445 447 449 450 451 456 459
19 -5.00134 -18.5368 9.82682 -0.652453 0.654901 -0.270143 0.269134 280 282 319 320 322 324 329 330 332 334 444 445 447 449 456 459
20 -2.25998 -19.5577 10.9519 0.696861 -0.69389 0.127984 -0.128532 148 155 156 160 163 165 167 168 169 199 202 207 208 210 212 214 216 217 218 219 220 221 222 267 268 270 272 277 278 280 282 283 284 285 286 287 288 289 290 319 320 322 324 329 330 332 334 335 336 337 338 339 340 341 342 444 447 462 464
21 -2.21706 -18.5622 10.9681 0.698379 -0.693528 0.124634 -0.125506 156 167 169 199 202 207 208 210 212 214 216 217 218 219 220 221 222 267 268 270 272 277 278 280 282 283 284 285 286 287 288 289 290 319 320 322 324 329 330 332 334 335 336 337 338 339 340 341 342 444 445 447 449 456 459 462 463 464 465 467 470
22 -6.11159 -17.5492 7.15532 -0.586223 0.58633 -0.395358 0.395287 196 197 199 202 203 204 205 206 207 208 210 212 263 264 265 266 267 268 270 272 273 274 275 276 277 278 280 282 315 316 317 318 319 320 322 324 325 326 327 328 329 330 332 334 439 440 441 442 444 445 447 449 450 451 452 453 456 457 459 461 496 497 502 505
23 -4.9879 -17.5471 9.84016 -0.653917 0.654458 -0.26851 0.268289 202 210 212 270 272 280 282 322 324 332 334 447 449 459 461 505
24 -6.11749 -16.561 7.14065 0.586338 -0.584962 0.395783 -0.396715 205 206 208 212 263 264 265 266 267 268 270 272 273 274 275 276 277 278 280 282 315 316 317 318 319 320 322 324 325 326 327 328 329 330 332 334 439 440 441 442 444 445 447 449 450 451 452 453 456 457 459 461 496 497 498 499 502 503 505 507 508 509 514 517
25 -4.98187 -16.546 9.84609 -0.654039 0.65479 -0.268 0.267692 270 272 280 282 322 324 332 334 447 449 459 461 505 507 514 517
26 -2.20095 -17.5526 10.974 0.69668 -0.695664 0.123782 -0.123963 199 202 207 208 210 212 216 218 219 220 221 222 267 268 270 272 277 278 280 282 283 284 285 286 287 288 289 290 319 320 322 324 329 330 332 334 335 336 337 338 339 340 341 342 444 445 447 449 456 457 459 461 462 463 464 465 467 469 470 471 502 505 521 524
27 -2.24706 -16.5517 10.9568 0.69587 -0.695238 0.127238 -0.127354 208 212 220 222 267 268 270 272 277 278 280 282 283 284 285 286 287 288 289 290 319 320 322 324 329 330 332 334 335 336 337 338 339 340 341 342 444 445 447 449 456 457 459 461 462 463 464 465 467 469 470 471 502 503 505 507 514 517 521 523 524 525 527 529
28 -6.11293 -15.5448 7.15201 -0.585805 0.586465 -0.395755 0.395309 265 266 268 272 273 274 275 276 277 278 280 282 315 316 317 318 319 320 322 324 325 326 327 328 329 330 332 334 439 440 441 442 444 445 447 449 450 451 452 453 456 457 459 461 496 497 498 499 502 503 505 507 508 509 510 511 514 515 517 519 571 572 577 580
29 -4.97241 -15.5291 9.85531 -0.652802 0.656726 -0.267783 0.266183 334 447 449 457 459 461 502 503 505 507 514 515 517 519 577 580
30 -6.08519 -14.5447 7.21934 -0.588661 0.589339 -0.391478 0.391028 275 276 278 282 315 316 317 318 319 320 322 324 325 326 327 328 329 330 332 334 439 440 441 442 444 445 447 449 450 451 452 453 456 457 459 461 496 497 498 499 502 503 505 507 508 509 510 511 514 515 517 519 571 572 573 574 577 578 580 582 583 584 588 591
31 -4.94862 -14.5627 9.87847 0.656844 -0.654454 0.264324 -0.265289 278 282 319 320 322 324 332 334 447 449 459 461 505 507 517 519
32 -2.22889 -15.5568 10.9637 0.697144 -0.694453 0.125703 -0.126191 268 272 277 278 280 282 284 286 287 288 289 290 319 320 322 324 329 330 332 334 335 336 337 338 339 340 341 342 444 445 447 449 456 457 459 461 462 463 464 465 467 469 470 471 502 503 505 507 514 515 517 519 521 523 524 525 527 528 529 577 580 594 1450 4628 4629
33 -2.27356 -14.5651 10.9467 0.698103 -0.692264 0.12873 -0.129815 278 282 288 290 319 320 322 324 329 330 332 334 335 336 337 338 339 340 341 342 444 445 447 449 456 457 459 461 462 463 464 465 467 469 470 471 502 503 505 507 514 515 517 519 521 523 524 525 527 528 529 577 578 580 582 588 591 594 595 598 600 1450 1451 4628 4629
34 -6.10544 -13.5537 7.17047 0.587156 -0.586688 0.394206 -0.394521 317 318 320 324 325 326 327 328 329 330 332 334 439 440 441 442 444 445 447 449 450 451 452 453 456 457 459 461 496 497 498 499 502 503 505 507 508 509 510 511 514 515 517 519 571 572 573 574 577 578 580 582 583 584 585 586 588 589 591 593 626 627 630 633
35 -4.94354 -13.5523 9.88338 0.656048 -0.655627 0.264258 -0.264427 324 332 334 447 449 459 461 505 507 517 519 580 582 591 593 633
36 -6.09777 -12.5462 7.18915 -0.58747 0.587964 -0.393343 0.393012 327 328 330 334 439 440 441 442 444 445 447 449 450 451 452 453 456 457 459 461 496 497 498 499 502 503 505 507 508 509 510 511 514 515 517 519 571 572 573 574 577 578 580 582 583 584 585 586 588 589 591 593 626 627 628 629 630 631 633 635 636 637 640 643
37 -4.95436 -12.5421 9.87293 -0.654686 0.656192 -0.265633 0.265024 447 449 459 461 505 507 517 519 580 582 591 593 633 635 640 643
38 -2.27566 -13.562 10.9459 0.697462 -0.692852 0.128999 -0.129857 320 324 329 330 332 334 336 338 339 340 341 342 444 445 447 449 456 457 459 461 462 463 464 465 467 469 470 471 502 503 505 507 514 515 517 519 521 523 524 525 527 528 529 577 578 580 582 588 589 591 593 594 595 597 598 599 600 601 630 633 646 648 1450 1451 4628 4629
39 -2.26726 -12.5422 10.9491 -0.693749 0.696802 -0.129084 0.128518 330 334 340 342 444 445 447 449 456 457 459 461 462 463 464 465 467 469 470 471 502 503 505 507 514 515 517 519 521 523 524 525 527 528 529 577 578 580 582 588 589 591 593 594 595 597 598 599 600 601 630 631 633 635 640 643 646 647 648 649 650 652 1450 1451 4628 4629
40 -6.10444 -11.5586 7.17289 0.587566 -0.586483 0.393846 -0.394574 441 442 445 449 450 451 452 453 456 457 459 461 496 497 498 499 502 503 505 507 508 509 510 511 514 515 517 519 571 572 573 574 577 578 580 582 583 584 585 586 588 589 591 593 626 627 628 629 630 631 633 635 636 637 638 639 640 641 643 645 1163 1164 1167 1170
41 -4.92223 -11.5758 9.90368 0.659057 -0.654156 0.261435 -0.263393 445 449 456 457 459 461 502 503 505 507 517 519 580 582 591 593
42 -6.12944 -10.5629 7.11051 0.58517 -0.583554 0.397595 -0.398696 452 453 457 461 496 497 498 499 502 503 505 507 508 509 510 511 514 515 517 519 571 572 573 574 577 578 580 582 583 584 585 586 588 589 591 593 626 627 628 629 630 631 633 635 636 637 638 639 640 641 643 645 1105 1109 1113 1163 1164 1165 1166 1167 1168 1170 1172 1173 1174 1177 1180
43 -4.96704 -10.564 9.86059 0.656279 -0.653655 0.265955 -0.267022 457 461 502 503 505 507 514 515 517 519 580 582 591 593 633 635
44 -2.26035 -11.5565 10.9518 0.696623 -0.694119 0.128055 -0.128517 445 449 456 457 459 461 463 465 467 469 470 471 502 503 505 507 514 515 517 519 521 523 524 525 527 528 529 577 578 580 582 588 589 591 593 594 595 597 598 599 600 601 630 631 633 635 640 641 643 645 646 647 648 649 650 651 652 653 1167 1170 1183 1185 1450 1451 4628 4629
45 -2.27225 -10.55 10.9472 -0.6952 0.695217 -0.129173 0.12917 457 461 469 471 502 503 505 507 514 515 517 519 521 523 524 525 527 528 529 577 578 580 582 588 589 591 593 594 595 597 598 599 600 601 630 631 633 635 640 641 643 645 646 647 648 649 650 651 652 653 1167 1168 1170 1172 1177 1180 1183 1184 1185 1186 1187 1189 1450 1451 4628 4629
46 -6.13902 -9.54646 7.08602 -0.583089 0.583538 -0.399835 0.399528 498 499 503 507 508 509 510 511 514 515 517 519 571 572 573 574 577 578 580 582 583 584 585 586 588 589 591 593 626 627 628 629 630 631 633 635 636 637 638 639 640 641 643 645 1105 1107 1109 1112 1113 1129 1163 1164 1165 1166 1167 1168 1170 1172 1173 1174 1175 1176 1177 1178 1180 1182 1199 1200 1204 1207
47 -4.96899 -9.54491 9.85872 -0.654415 0.655378 -0.266861 0.266469 507 517 519 580 582 591 593 633 635 643 645 1170 1172 1180 1182 1207
48 -6.12729 -8.55222 7.11602 0.584735 -0.584461 0.397707 -0.397894 510 511 515 519 571 572 573 574 577 578 580 582 583 584 585 586 588 589 591 593 626 627 628 629 630 631 633 635 636 637 638 639 640 641 643 645 1105 1107 1109 1112 1113 1116 1130 1135 1163 1164 1165 1166 1167 1168 1170 1172 1173 1174 1175 1176 1177 1178 1180 1182 1199 1200 1201 1202 1204 1205 1207 1209 1210 1211 1216 1219
49 -4.9826 -8.55634 9.84537 0.654974 -0.653799 0.267673 -0.268154 515 519 577 578 580 582 591 593 633 635 643 645 810 1170 1172 1180 1182
50 -2.25256 -9.55472 10.9547 0.696393 -0.694564 0.127538 -0.127874 503 507 514 515 517 519 523 525 527 528 577 578 580 582 588 589 591 593 594 595 597 598 599 600 601 630 631 633 635 640 641 643 645 646 647 648 649 650 651 652 653 1167 1168 1170 1172 1177 1178 1180 1182 1183 1184 1185 1186 1187 1188 1189 1190 1204 1207 1222 1224 1450 1451 4628 4629
51 -2.23219 -8.55379 10.9624 0.696497 -0.695013 0.126057 -0.126326 515 519 528 577 578 580 582 588 589 591 593 594 595 597 598 599 600 601 630 631 633 635 640 641 643 645 646 647 648 649 650 651 652 653 1167 1168 1170 1172 1177 1178 1180 1182 1183 1184 1185 1186 1187 1188 1189 1190 1204 1205 1207 1209 1216 1219 1222 1223 1224 1225 1226 1229 1451 4628 4629
52 -6.13975 -7.53544 7.08408 -0.582316 0.584143 -0.400429 0.399176 573 574 578 582 583 584 585 586 588 589 591 593 626 627 628 629 630 631 633 635 636 637 638 639 640 641 643 645 1105 1107 1109 1112 1113 1117 1125 1127 1130 1135 1144 1163 1164 1165 1166 1167 1168 1170 1172 1173 1174 1175 1176 1177 1178 1180 1182 1199 1200 1201 1202 1204 1205 1207 1209 1210 1211 1212 1213 1216 1217 1219 1221 1374 1375 1380 1383
53 -4.97405 -7.52946 9.85371 -0.652776 0.656629 -0.267919 0.266347 645 810 811 1006 1170 1172 1178 1180 1182 1204 1205 1207 1209 1216 1217 1219 1221 1380 1383
54 -6.12342 -6.52641 7.12567 -0.583521 0.586496 -0.398203 0.396182 585 586 589 593 626 627 628 629 630 631 633 635 636 637 638 639 640 641 643 645 810 811 1105 1109 1112 1113 1117 1125 1126 1127 1128 1130 1135 1138 1143 1163 1164 1165 1166 1167 1168 1170 1172 1173 1174 1175 1176 1177 1178 1180 1182 1199 1200 1201 1202 1204 1205 1207 1209 1210 1211 1212 1213 1216 1217 1219 1221 1305 1307 1322 1374 1375 1376 1377 1380 1381 1383 1385 1386 1387 1392 1395
55 -4.99832 -6.52464 9.82976 -0.651428 0.656144 -0.270336 0.268393 810 811 1006 1007 1016 1180 1182 1204 1205 1207 1209 1216 1217 1219 1221 1305 1306 1314 1380 1381 1383 1385 1392 1395
56 -2.25761 -7.53572 10.9528 -0.692608 0.698199 -0.1286 0.12757 578 582 588 589 591 593 595 597 598 599 600 601 630 631 633 635 640 641 643 645 646 647 648 649 650 651 652 653 1167 1168 1170 1172 1177 1178 1180 1182 1183 1184 1185 1186 1187 1188 1189 1190 1204 1205 1207 1209 1216 1217 1219 1221 1222 1223 1224 1225 1226 1228 1229 1230 1380 1383 1399 1402
57 -2.28175 -6.53669 10.9435 -0.692501 0.697641 -0.130362 0.129402 589 593 599 601 630 631 633 635 640 641 643 645 646 647 648 649 650 651 652 653 1167 1168 1170 1172 1177 1178 1180 1182 1183 1184 1185 1186 1187 1188 1189 1190 1204 1205 1207 1209 1216 1217 1219 1221 1222 1223 1224 1225 1226 1228 1229 1230 1380 1381 1383 1385 1392 1395 1399 1401 1402 1403 1405 1408
58 -6.10666 -5.5213 7.16726 -0.584961 0.588604 -0.39579 0.393341 628 629 631 635 636 637 638 639 640 641 643 645 810 811 1006 1007 1105 1107 1109 1112 1113 1117 1125 1126 1127 1128 1130 1135 1136 1163 1164 1165 1166 1167 1168 1170 1172 1173 1174 1175 1176 1177 1178 1180 1182 1199 1200 1201 1202 1204 1205 1207 1209 1210 1211 1212 1213 1216 1217 1219 1221 1305 1306 1307 1308 1314 1316 1322 1323 1329 1374 1375 1376 1377 1380 1381 1383 1385 1386 1387 1388 1389 1392 1393 1395 1397 1418 1419 1427
59 -4.98093 -5.52643 9.84694 -0.652239 0.656648 -0.268667 0.266864 810 811 1006 1007 1016 1017 1050 1207 1209 1216 1217 1219 1221 1380 1381 1383 1385 1392 1393 1395 1397 1424 1427
60 -6.09624 -4.52976 7.19274 -0.586578 0.589159 -0.393811 0.392086 638 639 641 645 810 811 1006 1007 1016 1017 1105 1112 1113 1116 1117 1125 1126 1127 1128 1135 1136 1143 1144 1145 1146 1163 1164 1165 1166 1167 1168 1170 1172 1173 1174 1175 1176 1177 1178 1180 1182 1199 1200 1201 1202 1204 1205 1207 1209 1210 1211 1212 1213 1216 1217 1219 1221 1305 1306 1307 1308 1314 1315 1316 1317 1322 1323 1329 1330 1341 1342 1357 1359 1362 1364 1374 1375 1376 1377 1380 1381 1383 1385 1386 1387 1388 1389 1392 1393 1395 1397 1418 1419 1420 1421 1424 1425 1427 1429 1430
61 -4.99915 -4.53204 9.82898 -0.652087 0.655429 -0.270127 0.268749 810 811 1006 1007 1016 1017 1050 1051 1219 1221 1380 1381 1383 1385 1392 1393 1395 1397 1424 1425 1427 1435
62 -2.29063 -5.54285 10.9401 -0.693573 0.696329 -0.130801 0.130284 631 635 640 641 643 645 647 649 650 651 652 653 1167 1168 1170 1172 1177 1178 1180 1182 1183 1184 1185 1186 1187 1188 1189 1190 1204 1205 1207 1209 1216 1217 1219 1221 1222 1223 1224 1225 1226 1228 1229 1230 1380 1381 1383 1385 1392 1393 1395 1397 1399 1401 1402 1403 1405 1407 1408 1409 1424 1427 1439 1442
63 -2.37904 -4.5245 10.9046 -0.689004 0.698315 -0.138084 0.136243 641 645 651 653 1167 1168 1170 1172 1177 1178 1180 1182 1183 1184 1185 1186 1187 1188 1189 1190 1204 1205 1207 1209 1216 1217 1219 1221 1222 1223 1224 1225 1226 1228 1229 1230 1380 1381 1383 1385 1392 1393 1395 1397 1399 1401 1402 1403 1405 1407 1408 1409 1424 1425 1427 1435 1436 1439 1441 1442 1443 1445 1448
64 -6.09845 -3.51748 7.18722 -0.585561 0.589701 -0.394683 0.391912 810 811 1006 1007 1016 1017 1050 1051 1105 1112 1113 1117 1125 1126 1127 1128 1135 1136 1143 1144 1165 1166 1168 1172 1173 1174 1175 1176 1177 1178 1180 1182 1199 1200 1201 1202 1204 1205 1207 1209 1210 1211 1212 1213 1216 1217 1219 1221 1305 1306 1307 1308 1314 1315 1316 1317 1322 1323 1324 1325 1329 1341 1342 1348 1350 1357 1359 1360 1361 1362 1364 1365 1374 1375 1376 1377 1380 1381 1383 1385 1386 1387 1388 1389 1392 1393 1395 1397 1418 1419 1420 1421 1424 1425 1427 1429 1430 1431 1432 1435 2055 2058 2060 2094 2095 2100
65 -5.00317 -3.52439 9.82494 -0.651224 0.655979 -0.270793 0.26883 810 811 1006 1007 1016 1017 1050 1051 1059 1341 1381 1385 1392 1393 1395 1397 1424 1425 1427 1435 1905
66 -6.09848 -2.54702 7.18743 -0.587451 0.587836 -0.393416 0.393158 810 811 1006 1007 1016 1017 1050 1051 1117 1125 1126 1127 1128 1135 1136 1143 1144 1175 1176 1178 1182 1199 1200 1201 1202 1204 1205 1207 1209 1210 1211 1212 1213 1216 1217 1219 1221 1305 1306 1307 1308 1314 1315 1316 1317 1322 1323 1329 1330 1331 1332 1340 1341 1342 1346 1348 1350 1354 1357 1359 1360 1361 1362 1364 1365 1374 1375 1376 1377 1380 1381 1383 1385 1386 1387 1388 1389 1392 1393 1395 1397 1418 1419 1420 1421 1424 1425 1427 1429 1430 1431 1432 1435 2045 2048 2050 2055 2057 2059 2060 2061 2063 2066 2068 2094 2095 2096 2097 2100 2101 2102 2103 2108
67 -4.98742 -2.51922 9.8405 -0.651323 0.657066 -0.269543 0.267187 810 811 1006 1007 1016 1017 1050 1051 1395 1397 1424 1425 1427 1435
68 -2.37603 -3.52496 10.9059 -0.689126 0.698284 -0.137841 0.136034 1168 1172 1177 1178 1180 1182 1184 1186 1187 1188 1189 1190 1204 1205 1207 1209 1216 1217 1219 1221 1222 1223 1224 1225 1226 1228 1229 1230 1380 1381 1383 1385 1392 1393 1395 1397 1399 1401 1402 1403 1405 1407 1408 1409 1424 1425 1427 1435 1436 1437 1439 1441 1442 1443 1445 1447 1448 1449 2100 2111 2114
69 -2.38086 -2.53028 10.9039 -0.690041 0.697238 -0.138009 0.136584 1178 1182 1188 1190 1204 1205 1207 1209 1216 1217 1219 1221 1222 1223 1224 1225 1226 1228 1229 1230 1380 1381 1383 1385 1392 1393 1395 1397 1399 1401 1402 1403 1405 1407 1408 1409 1424 1425 1427 1428 1435 1436 1437 1439 1441 1442 1443 1445 1447 1448 1449 2100 2101 2108 2111 2113 2114 2115 2117 2120
70 -6.08124 -1.51736 7.22842 -0.58729 0.591473 -0.392056 0.389284 1006 1007 1016 1017 1050 1051 1126 1127 1128 1143 1201 1202 1205 1209 1210 1211 1212 1213 1216 1217 1219 1221 1305 1306 1307 1308 1314 1315 1316 1317 1322 1323 1325 1329 1330 1340 1341 1342 1344 1346 1348 1350 1354 1356 1357 1358 1359 1360 1361 1362 1363 1364 1365 1374 1375 1376 1377 1380 1381 1383 1385 1386 1387 1388 1389 1392 1393 1395 1397 1418 1419 1420 1421 1424 1425 1427 1429 1430 1431 1432 1435 1437 2045 2047 2048 2050 2054 2055 2057 2058 2060 2061 2063 2065 2067 2068 2069 2074 2077 2080 2094 2095 2096 2097 2100 2101 2102 2103 2104 2105 2108 2109 2133 2134 2139
71 -4.97978 -1.51992 9.84802 -0.651669 0.657296 -0.268814 0.266512 810 811 1006 1007 1016 1017 1050 1051 1427 1435
72 -6.06882 -0.538111 7.25778 -0.589862 0.591396 -0.389294 0.388284 1016 1017 1050 1051 1212 1213 1217 1221 1306 1307 1308 1314 1315 1316 1317 1322 1324 1329 1330 1332 1340 1341 1342 1344 1346 1348 1350 1354 1357 1359 1360 1361 1364 1365 1374 1375 1376 1377 1380 1381 1383 1385 1386 1387 1388 1389 1392 1393 1395 1397 1418 1419 1420 1421 1424 1425 1427 1429 1430 1431 1432 1435 1437 2045 2047 2048 2050 2054 2055 2057 2060 2061 2063 2065 2066 2067 2068 2069 2070 2072 2073 2074 2075 2077 2079 2080 2081 2083 2094 2095 2096 2097 2100 2101 2102 2103 2104 2105 2108 2109 2133 2134 2135 2136 2139 2140 2141 2142 2147
73 -4.99281 -0.528962 9.83524 -0.652037 0.655957 -0.269662 0.26805 811 1006 1007 1016 1017 1050 1051
74 -2.39427 -1.5327 10.8984 -0.690308 0.696577 -0.138927 0.137676 1205 1209 1216 1217 1219 1221 1223 1225 1226 1228 1229 1230 1380 1381 1383 1385 1392 1393 1395 1397 1399 1401 1402 1403 1405 1407 1408 1409 1424 1425 1427 1428 1435 1436 1437 1439 1441 1442 1443 1445 1447 1448 1449 2100 2101 2108 2109 2111 2113 2114 2115 2117 2119 2120 2121 2139 2150 2153
75 -2.4181 -0.525785 10.8884 -0.688746 0.697405 -0.140972 0.139221 1217 1221 1228 1230 1380 1381 1383 1385 1392 1393 1395 1397 1399 1401 1402 1403 1405 1407 1408 1409 1424 1425 1427 1428 1435 1436 1437 1439 1441 1442 1443 1445 1447 1448 1449 2100 2101 2108 2109 2111 2113 2114 2115 2117 2119 2120 2121 2139 2140 2147 2150 2152 2153 2154 2156 2159
76 -5.37737 -13.3371 7.88042 -0.569531 0.48537 -0.430279 0.504887 422 424 432 434 441 442 445 447 449 450 451 452 453 456 457 459 461 479 480 481 488 489 490 491 496 497 498 499 502 503 505 507 508 509 510 511 514 515 517 519 553 554 556 563 564 566 571 572 573 574 577 578 580 582 583 584 585 586 588 589 591 593 608 609 610 611 618 626 627 628 629 630 631 633 635 643
77 -5.02304 -12.8569 8.89909 0.649862 -0.489383 0.349829 -0.464546 450 451 453 456 457 459 461 497 498 499 502 503 505 507 509 510 511 514 515 517 519 572 573 574 577 578 580 582 584 586 588 589 591 593 630 631 640
78 -6.06109 0.460106 7.27565 -0.59073 0.59204 -0.388067 0.387209 1050 1051 1315 1316 1317 1329 1331 1340 1341 1342 1344 1346 1348 1350 1354 1357 1359 1360 1361 1364 1365 1376 1377 1381 1385 1386 1387 1388 1389 1392 1393 1395 1397 1418 1419 1420 1421 1424 1425 1427 1429 1430 1431 1432 1435 1437 2045 2047 2048 2050 2052 2053 2054 2055 2057 2060 2061 2063 2065 2068 2069 2070 2071 2072 2073 2074 2075 2080 2081 2094 2095 2096 2097 2100 2101 2102 2103 2104 2105 2108 2109 2133 2134 2135 2136 2139 2140 2141 2142 2143 2144 2147 2148 2233 2234 2239
79 -4.98997 0.46633 9.83808 -0.652583 0.655631 -0.269218 0.267966 1007 1016 1017 1050 1051
80 -6.06151 1.44998 7.27471 -0.591344 0.591347 -0.387701 0.387698 1336 1340 1342 1344 1346 1348 1350 1352 1354 1357 1358 1359 1360 1361 1364 1365 1388 1389 1393 1397 1418 1419 1420 1421 1424 1425 1427 1429 1430 1431 1432 1435 1437 2045 2047 2048 2050 2052 2053 2054 2055 2057 2060 2061 2063 2065 2068 2069 2070 2071 2072 2073 2074 2075 2080 2081 2094 2095 2096 2097 2100 2101 2102 2103 2104 2105 2108 2109 2133 2134 2135 2136 2139 2140 2141 2142 2143 2144 2147 2148 2207 2212 2233 2234 2235 2236 2239 2240 2241 2242 2247
81 -4.98951 1.45755 9.83856 -0.653419 0.654834 -0.268838 0.268257 1017 1050 1051
82 -2.40985 0.460243 10.8919 -0.691369 0.695058 -0.13984 0.139098 1381 1385 1392 1393 1395 1397 1401 1403 1405 1407 1408 1409 1424 1425 1427 1428 1435 1436 1437 1439 1441 1442 1443 1445 1447 1448 1449 2100 2101 2108 2109 2111 2113 2114 2115 2117 2119 2120 2121 2139 2140 2147 2148 2150 2152 2153 2154 2156 2158 2159 2160 2239 2250 2253
83 -2.42972 1.4606 10.8835 -0.691022 0.694799 -0.141348 0.14058 1393 1397 1407 1409 1424 1425 1427 1428 1435 1436 1437 1439 1441 1442 1443 1445 1447 1448 1449 2100 2101 2108 2109 2111 2113 2114 2115 2117 2119 2120 2121 2139 2140 2147 2148 2150 2152 2153 2154 2156 2158 2159 2160 2239 2240 2247 2250 2252 2253 2254 2256 2259
84 -6.06453 2.4493 7.26774 0.591093 -0.591008 0.388121 -0.388176 1346 1348 1350 1354 1359 1360 1361 1364 1365 1420 1421 1425 1429 1430 1431 1432 1435 1437 2045 2047 2048 2050 2052 2053 2054 2055 2057 2060 2061 2063 2065 2068 2069 2070 2071 2072 2073 2074 2075 2080 2081 2094 2095 2096 2097 2100 2101 2102 2103 2104 2105 2108 2109 2133 2134 2135 2136 2139 2140 2141 2142 2143 2144 2147 2148 2207 2212 2213 2233 2234 2235 2236 2239 2240 2241 2242 2243 2244 2247 2248 2280 2281 2286
85 -4.98157 2.47786 9.84628 -0.651812 0.657022 -0.268892 0.26676 1051
86 -6.0708 3.45161 7.25321 -0.590329 0.590542 -0.389153 0.389013 1361 1365 1431 1432 1437 2047 2048 2050 2051 2052 2053 2054 2055 2057 2060 2061 2062 2063 2065 2068 2069 2070 2071 2072 2073 2074 2075 2080 2081 2094 2095 2096 2097 2100 2101 2102 2103 2104 2105 2108 2109 2133 2134 2135 2136 2139 2140 2141 2142 2143 2144 2147 2148 2207 2212 2213 2233 2234 2235 2236 2239 2240 2241 2242 2243 2244 2247 2248 2280 2281 2282 2283 2286 2287 2288 2289 2294
87 -5.0126 3.43823 9.8156 0.654331 -0.652165 0.270228 -0.271126 1059 1905 1907 1913
88 -2.39715 2.4626 10.8972 -0.69112 0.695686 -0.138972 0.13806 1425 1428 1435 1436 1437 1441 1443 1445 1447 1448 1449 2100 2101 2108 2109 2111 2113 2114 2115 2117 2119 2120 2121 2139 2140 2147 2148 2150 2152 2153 2154 2156 2158 2159 2160 2239 2240 2247 2248 2250 2252 2253 2254 2256 2258 2259 2260 2286 2297 2300
89 -2.41732 3.45897 10.8888 -0.691491 0.69471 -0.140355 0.139705 1437 1447 1449 2100 2101 2108 2109 2111 2113 2114 2115 2117 2119 2120 2121 2139 2140 2147 2148 2150 2152 2153 2154 2156 2158 2159 2160 2239 2240 2247 2248 2250 2252 2253 2254 2256 2258 2259 2260 2286 2287 2294 2297 2299 2300 2301 2303 2306
90 -6.07272 4.45807 7.2487 -0.589723 0.590766 -0.389716 0.389029 2052 2053 2054 2057 2061 2063 2065 2068 2069 2070 2071 2072 2073 2074 2075 2080 2081 2096 2097 2101 2102 2103 2104 2105 2108 2109 2133 2134 2135 2136 2139 2140 2141 2142 2143 2144 2147 2148 2207 2209 2211 2212 2213 2215 2217 2233 2234 2235 2236 2239 2240 2241 2242 2243 2244 2247 2248 2280 2281 2282 2283 2286 2287 2288 2289 2290 2291 2294 2295 2352 2353 2358
91 -5.02701 4.4603 9.80113 -0.651743 0.653644 -0.272406 0.271614 1907 1913
92 -6.04131 5.45663 7.32053 -0.592846 0.593713 -0.385014 0.384452 2065 2069 2071 2072 2073 2074 2075 2080 2081 2104 2105 2109 2133 2134 2135 2136 2139 2140 2141 2142 2143 2144 2147 2148 2207 2212 2213 2233 2234 2235 2236 2239 2240 2241 2242 2243 2244 2247 2248 2280 2281 2282 2283 2286 2287 2288 2289 2290 2291 2294 2295 2352 2353 2354 2355 2358 2359 2360 2361 2366
94 -2.42699 4.45671 10.8847 -0.691755 0.694154 -0.141001 0.140514 2101 2108 2109 2113 2115 2117 2119 2120 2121 2139 2140 2147 2148 2150 2152 2153 2154 2156 2158 2159 2160 2239 2240 2247 2248 2250 2252 2253 2254 2256 2258 2259 2260 2286 2287 2294 2295 2297 2299 2300 2301 2303 2305 2306 2307 2358 2369 2372
95 -2.37168 5.44944 10.9077 0.69388 -0.693693 0.136584 -0.136621 2109 2119 2121 2139 2140 2147 2148 2150 2152 2153 2154 2156 2158 2159 2160 2239 2240 2247 2248 2250 2252 2253 2254 2256 2258 2259 2260 2286 2287 2294 2295 2297 2299 2300 2301 2303 2305 2306 2307 2358 2359 2366 2369 2371 2372 2373 2375 2378
96 -6.03361 6.45677 7.33768 -0.593557 0.594446 -0.383904 0.38333 2075 2081 2135 2136 2140 2141 2142 2143 2144 2147 2148 2207 2212 2213 2233 2234 2235 2236 2239 2240 2241 2242 2243 2244 2247 2248 2280 2281 2282 2283 2286 2287 2288 2289 2290 2291 2294 2295 2352 2353 2354 2355 2358 2359 2360 2361 2362 2363 2366 2367 2400 2401 2406
98 -6.04542 7.45314 7.3113 -0.592684 0.593097 -0.385467 0.385198 2143 2144 2148 2207 2212 2213 2233 2234 2235 2236 2239 2240 2241 2242 2243 2244 2247 2248 2280 2281 2282 2283 2286 2287 2288 2289 2290 2291 2294 2295 2352 2353 2354 2355 2358 2359 2360 2361 2362 2363 2366 2367 2400 2401 2402 2403 2406 2407 2408 2409 2414
100 -2.38613 6.43984 10.9018 0.695406 -0.691733 0.137323 -0.138052 2140 2147 2148 2152 2154 2156 2158 2159 2160 2239 2240 2247 2248 2250 2252 2253 2254 2256 2258 2259 2260 2286 2287 2294 2295 2297 2299 2300 2301 2303 2305 2306 2307 2358 2359 2366 2367 2369 2371 2372 2373 2375 2377 2378 2379 2406 2417 2420
101 -2.42215 7.4647 10.8867 -0.690399 0.695649 -0.140927 0.139864 2148 2158 2160 2239 2240 2247 2248 2250 2252 2253 2254 2256 2258 2259 2260 2286 2287 2294 2295 2297 2299 2300 2301 2303 2305 2306 2307 2358 2359 2366 2367 2369 2371 2372 2373 2375 2377 2378 2379 2406 2407 2414 2417 2419 2420 2421 2423 2426
102 -6.03499 8.45131 7.33461 -0.593784 0.593961 -0.383874 0.38376 2207 2212 2213 2235 2236 2240 2241 2242 2243 2244 2247 2248 2280 2281 2282 2283 2286 2287 2288 2289 2290 2291 2294 2295 2352 2353 2354 2355 2358 2359 2360 2361 2362 2363 2366 2367 2400 2401 2402 2403 2406 2407 2408 2409 2410 2411 2414 2415 2470 2471 2476
104 -6.01964 9.45172 7.36836 -0.595176 0.595407 -0.381687 0.381539 2213 2243 2244 2248 2280 2281 2282 2283 2286 2287 2288 2289 2290 2291 2294 2295 2352 2353 2354 2355 2358 2359 2360 2361 2362 2363 2366 2367 2400 2401 2402 2403 2406 2407 2408 2409 2410 2411 2414 2415 2470 2471 2472 2473 2476 2477 2478 2479 2484
106 -2.3827 8.46109 10.9032 -0.691594 0.695646 -0.137832 0.137029 2240 2247 2248 2252 2254 2256 2258 2259 2260 2286 2287 2294 2295 2297 2299 2300 2301 2303 2305 2306 2307 2358 2359 2366 2367 2369 2371 2372 2373 2375 2377 2378 2379 2406 2407 2414 2415 2417 2419 2420 2421 2423 2425 2426 2427 2476 2487 2490
107 -2.37848 9.43733 10.9049 0.695983 -0.69138 0.136659 -0.137569 2248 2258 2260 2286 2287 2294 2295 2297 2299 2300 2301 2303 2305 2306 2307 2358 2359 2366 2367 2369 2371 2372 2373 2375 2377 2378 2379 2406 2407 2414 2415 2417 2419 2420 2421 2423 2425 2426 2427 2476 2477 2484 2487 2489 2490 2491 2493 2496
108 -6.03993 10.4516 7.32362 -0.593305 0.593514 -0.3846 0.384465 2282 2283 2287 2288 2289 2290 2291 2294 2295 2352 2353 2354 2355 2358 2359 2360 2361 2362 2363 2366 2367 2400 2401 2402 2403 2406 2407 2408 2409 2410 2411 2414 2415 2470 2471 2472 2473 2476 2477 2478 2479 2480 2481 2484 2485 2519 2520 2525
110 -6.03651 11.4456 7.33125 0.594012 -0.59345 0.383854 -0.384218 2290 2291 2295 2352 2353 2354 2355 2358 2359 2360 2361 2362 2363 2366 2367 2400 2401 2402 2403 2406 2407 2408 2409 2410 2411 2414 2415 2470 2471 2472 2473 2476 2477 2478 2479 2480 2481 2484 2485 2519 2520 2521 2522 2525 2526 2527 2528 2533
112 -2.4085 10.4382 10.8924 0.695343 -0.691123 0.138944 -0.139792 2287 2294 2295 2299 2301 2303 2305 2306 2307 2358 2359 2366 2367 2369 2371 2372 2373 2375 2377 2378 2379 2406 2407 2414 2415 2417 2419 2420 2421 2423 2425 2426 2427 2476 2477 2484 2485 2487 2489 2490 2491 2493 2495 2496 2497 2525 2536 2539
113 -2.38357 11.4583 10.9028 -0.692095 0.695122 -0.137794 0.137194 2295 2305 2307 2358 2359 2366 2367 2369 2371 2372 2373 2375 2377 2378 2379 2406 2407 2414 2415 2417 2419 2420 2421 2423 2425 2426 2427 2476 2477 2484 2485 2487 2489 2490 2491 2493 2495 2496 2497 2525 2526 2533 2536 2538 2539 2540 2542 2545
114 -6.0479 12.4365 7.30566 0.593525 -0.591779 0.385129 -0.386266 2354 2355 2359 2360 2361 2362 2363 2366 2367 2400 2401 2402 2403 2406 2407 2408 2409 2410 2411 2414 2415 2470 2471 2472 2473 2476 2477 2478 2479 2480 2481 2484 2485 2519 2520 2521 2522 2525 2526 2527 2528 2529 2530 2533 2534 2601 2602 2607
116 -6.05262 13.4384 7.29501 0.592947 -0.591457 0.385902 -0.386874 2362 2363 2367 2400 2401 2402 2403 2406 2407 2408 2409 2410 2411 2414 2415 2470 2471 2472 2473 2476 2477 2478 2479 2480 2481 2484 2485 2519 2520 2521 2522 2525 2526 2527 2528 2529 2530 2533 2534 2601 2602 2603 2604 2607 2608 2609 2610 2615
118 -2.34957 12.4458 10.9167 0.694881 -0.69334 0.134796 -0.135095 2359 2366 2367 2371 2373 2375 2377 2378 2379 2406 2407 2414 2415 2417 2419 2420 2421 2423 2425 2426 2427 2476 2477 2484 2485 2487 2489 2490 2491 2493 2495 2496 2497 2525 2526 2533 2534 2536 2538 2539 2540 2542 2544 2545 2546 2607 2618 2621
119 -2.35964 13.4338 10.9126 0.696924 -0.690989 0.135123 -0.136284 2367 2377 2379 2406 2407 2414 2415 2417 2419 2420 2421 2423 2425 2426 2427 2476 2477 2484 2485 2487 2489 2490 2491 2493 2495 2496 2497 2525 2526 2533 2534 2536 2538 2539 2540 2542 2544 2545 2546 2607 2608 2615 2618 2620 2621 2622 2624 6188
120 -6.0539 14.4689 7.29202 -0.590849 0.593302 -0.387381 0.38578 2402 2403 2407 2408 2409 2410 2411 2414 2415 2470 2471 2472 2473 2476 2477 2478 2479 2480 2481 2484 2485 2519 2520 2521 2522 2525 2526 2527 2528 2529 2530 2533 2534 2601 2602 2603 2604 2607 2608 2609 2610 2611 2612 2615 2616 2658 2659 2664
121 -5.01372 14.4812 9.81435 -0.65031 0.65608 -0.271985 0.269593 2983
122 -2.29393 14.4843 10.9387 -0.688306 0.701435 -0.132042 0.12957 2407 2414 2415 2419 2421 2423 2425 2426 2427 2476 2477 2484 2485 2487 2489 2490 2491 2493 2495 2496 2497 2525 2526 2533 2534 2536 2538 2539 2540 2542 2544 2545 2546 2607 2608 2615 2616 2618 2620 2621 2622 2624 2626 2664 2676 2980 2981 6188 6189 6190
123 2.72192 -28.9546 8.20955 0.854095 0.251763 -0.128683 -0.436552 9 21 3138 3147 3151 3153 3172 3186 3189 3191 3198 3200
124 3.27109 -26.955 8.69682 0.83544 0.378984 -0.164423 -0.362458 9 21 65 3138 3147 3149 3151 3153 3172 3186 3188 3189 3191 3196 3198 3199 3200 3202 3205 3272 3274 3277 3289
127 5.65147 -26.672 7.14089 0.706977 0.431487 -0.291926 -0.478312 3151 3172 3200 3205
128 2.3845 -24.5443 9.81404 0.83743 0.502019 -0.111098 -0.185325 61 63 65 70 71 72 73 147 158 160 161 163 165 167 168 169 202 214 216 217 218 219 3151 3172 3186 3188 3189 3191 3196 3197 3198 3199 3200 3202 3205 3272 3274 3275 3277 3278 3279 3281 3283 3289 3291 3292 3293 3297 3299 3300 3301 3326 3327 3329 3330 3333 3342 3344 3345 3346 3354 3357 3358
129 2.29882 -24.8258 10.7778 0.867164 0.444647 -0.102348 -0.199601 3196 3198 3199 3274 3277 3281 3292 3342
130 2.22991 -23.3258 10.9164 0.825343 0.531369 -0.103359 -0.160542 163 168 3196 3198 3199 3274 3275 3277 3278 3279 3281 3283 3292 3293 3300 3326 3329 3330 3333 3342 3344 3345 3346 3354 3356 3415
131 5.60823 -24.9273 7.81474 0.705021 0.506288 -0.28967 -0.403373 3172 3184 3198 3200 3201 3202 3204 3205 3288 3289 3290 3291 3292 3293 3297 3345
133 5.89076 -23.4077 7.55993 0.658854 0.542045 -0.331408 -0.402825 3184 3198 3200 3201 3202 3204 3205 3258 3260 3277 3288 3289 3290 3291 3292 3293 3296 3297 3298 3299 3300 3301 3338 3340 3342 3344 3345 3346 3350 3354 3357 3358 3418 3419
135 2.04955 -21.8548 11.0327 0.763595 0.626177 -0.0999078 -0.121833 163 168 169 217 3198 3199 3274 3277 3278 3279 3281 3283 3292 3293 3300 3301 3326 3327 3329 3330 3331 3332 3333 3334 3342 3344 3345 3346 3354 3356 3357 3358 3399 3400 3401 3403 3406 3407 3415 3417 3418 3419 3427 3429 3458 3472
136 2.01735 -20.5943 11.0524 0.709253 0.688557 -0.105293 -0.108457 163 168 169 217 218 221 222 285 286 3274 3277 3278 3279 3281 3283 3292 3293 3300 3301 3326 3327 3329 3330 3331 3332 3333 3334 3342 3344 3345 3346 3354 3356 3357 3358 3399 3400 3401 3403 3404 3405 3406 3407 3415 3417 3418 3419 3427 3429 3430 3431 3456 3457 3458 3460 3461 3463 3472 3474 3475 3476 3484 3487
137 6.01322 -22.1415 7.40106 0.634436 0.556332 -0.353814 -0.403486 3183 3184 3200 3201 3202 3205 3258 3260 3268 3277 3281 3288 3289 3290 3291 3292 3293 3296 3297 3298 3299 3300 3301 3337 3338 3339 3340 3342 3344 3345 3346 3349 3350 3352 3354 3356 3357 3358 3411 3413 3415 3417 3418 3419 3423 3430 3431 3475
138 4.99337 -21.9064 9.86351 0.687728 0.620717 -0.252251 -0.279483 3342 3345
139 6.07319 -20.8217 7.33738 0.611432 0.576017 -0.37203 -0.394903 3184 3205 3258 3260 3268 3270 3288 3289 3290 3291 3292 3293 3296 3297 3298 3299 3300 3301 3337 3338 3339 3340 3342 3344 3345 3346 3349 3350 3351 3352 3354 3356 3357 3358 3410 3411 3412 3413 3415 3417 3418 3419 3422 3423 3424 3425 3427 3429 3430 3431 3468 3470 3472 3474 3475 3476 3480 3484 3487
140 4.99142 -20.636 9.88204 0.66386 0.647613 -0.261173 -0.267725 3342 3344 3345 3346 3354 3356
141 2.04729 -19.5668 11.0431 0.702476 0.694801 -0.108439 -0.109637 163 168 169 217 218 221 222 285 286 289 290 337 338 341 3274 3277 3278 3279 3281 3283 3293 3300 3326 3327 3329 3330 3331 3332 3333 3334 3342 3344 3345 3346 3354 3356 3357 3358 3399 3400 3401 3403 3404 3405 3406 3407 3415 3417 3418 3419 3427 3429 3430 3431 3456 3457 3458 3460 3461 3462 3463 3464 3472 3474 3475 3476 3484 3486 3487 3488 3530 3532 3545 3548
142 2.12001 -18.5764 11.0192 0.703525 0.692013 -0.113446 -0.115333 169 217 218 221 222 285 286 3279 3283 3326 3327 3329 3330 3331 3332 3333 3334 3342 3344 3345 3346 3354 3356 3357 3358 3399 3400 3401 3403 3404 3405 3406 3407 3415 3417 3418 3419 3427 3429 3430 3431 3456 3457 3458 3460 3461 3462 3463 3464 3472 3474 3475 3476 3484 3486 3487 3488 3530 3531 3532 3533 3534 3536 3545 3547 3548 3549 3557 3560
143 6.13306 -19.7815 7.2047 0.602954 0.573431 -0.382225 -0.401904 3260 3268 3270 3290 3291 3293 3296 3297 3298 3299 3300 3313 3315 3337 3338 3339 3340 3342 3344 3345 3346 3349 3350 3351 3352 3354 3356 3357 3358 3410 3411 3412 3413 3415 3417 3418 3419 3422 3423 3424 3425 3427 3429 3430 3431 3467 3468 3469 3470 3472 3474 3475 3476 3479 3480 3482 3484 3486 3487 3488 3541 3545 3548
144 4.98858 -19.6708 9.88377 0.667172 0.644334 -0.259664 -0.268868 3342 3344 3345 3346 3354 3356 3357 3358 3415 3417
145 6.13973 -18.8672 7.17627 0.60696 0.566687 -0.380252 -0.407276 3270 3298 3313 3315 3323 3325 3337 3338 3339 3340 3342 3344 3345 3346 3349 3350 3351 3352 3354 3356 3357 3358 3386 3410 3411 3412 3413 3415 3417 3418 3419 3422 3423 3424 3425 3427 3429 3430 3431 3467 3468 3469 3470 3472 3474 3475 3476 3479 3480 3482 3484 3486 3487 3488 3541 3543 3545 3547 3548 3549 3553 3557 3560
146 4.95255 -18.7679 9.91356 0.677494 0.635819 -0.253049 -0.269635 3342 3344 3345 3346 3354 3356 3357 3358 3415 3417 3418 3419 3427 3430
147 2.14851 -17.5656 11.0096 0.700778 0.694099 -0.115924 -0.117039 218 221 222 3327 3330 3331 3332 3333 3334 3344 3346 3354 3356 3357 3358 3399 3400 3401 3403 3404 3405 3406 3407 3415 3417 3418 3419 3427 3429 3430 3431 3456 3457 3458 3460 3461 3462 3463 3464 3472 3474 3475 3476 3484 3486 3487 3488 3530 3531 3532 3533 3534 3535 3536 3537 3545 3547 3548 3549 3557 3559 3560 3561 3586 3588 3601 3604
148 2.28587 -16.5859 10.96 0.702708 0.688556 -0.125379 -0.127956 3332 3334 3356 3358 3399 3400 3401 3403 3404 3405 3406 3407 3415 3417 3418 3419 3427 3429 3430 3431 3456 3457 3458 3460 3461 3462 3463 3464 3472 3474 3475 3476 3484 3486 3487 3488 3530 3531 3532 3533 3534 3535 3536 3537 3545 3547 3548 3549 3557 3559 3560 3561 3586 3587 3588 3589 3590 3592 3601 3603 3604 3605 3613 3616
149 6.16295 -17.9384 7.10499 0.608004 0.559229 -0.381508 -0.414783 3314 3315 3322 3323 3325 3339 3344 3349 3350 3351 3352 3354 3356 3357 3358 3386 3388 3396 3398 3410 3411 3412 3413 3415 3417 3418 3419 3422 3423 3424 3425 3427 3429 3430 3431 3467 3468 3469 3470 3472 3474 3475 3476 3479 3480 3481 3482 3484 3486 3487 3488 3540 3541 3543 3545 3547 3548 3549 3553 3555 3557 3560 3561 3597 3604
150 4.9317 -17.7424 9.93456 0.676062 0.638987 -0.252043 -0.266666 3344 3346 3354 3356 3357 3358 3415 3417 3418 3419 3427 3429 3430 3431 3472 3474
151 6.18814 -16.7459 7.07126 0.594779 0.570326 -0.39211 -0.408921 3325 3351 3352 3356 3386 3388 3396 3398 3410 3411 3412 3413 3415 3417 3418 3419 3422 3423 3424 3425 3427 3429 3430 3431 3443 3467 3468 3469 3470 3472 3474 3475 3476 3479 3480 3481 3482 3484 3486 3487 3488 3540 3541 3542 3543 3545 3547 3548 3549 3552 3553 3554 3555 3557 3559 3560 3561 3596 3597 3598 3599 3601 3603 3604 3605 3609 3613 3616
152 4.94474 -16.7856 9.91981 0.679421 0.634252 -0.251756 -0.269685 3356 3358 3415 3417 3418 3419 3427 3429 3430 3431 3472 3474 3475 3476 3484 3487
153 2.28646 -15.5331 10.9599 0.692316 0.698995 -0.127304 -0.126087 1450 1451 3400 3403 3404 3405 3406 3407 3417 3419 3427 3429 3430 3431 3456 3457 3458 3460 3461 3462 3463 3464 3472 3474 3475 3476 3484 3486 3487 3488 3530 3531 3532 3533 3534 3535 3536 3537 3545 3547 3548 3549 3557 3559 3560 3561 3586 3587 3588 3589 3590 3592 3593 3601 3603 3604 3605 3613 3615 3616 3617 3660 3673 3676 4628
154 2.28519 -14.5537 10.9604 0.696399 0.694964 -0.126466 -0.126727 1450 1451 3405 3407 3429 3431 3456 3457 3458 3460 3461 3462 3463 3464 3472 3474 3475 3476 3484 3486 3487 3488 3530 3531 3532 3533 3534 3535 3536 3537 3545 3547 3548 3549 3557 3559 3560 3561 3586 3587 3588 3589 3590 3592 3593 3601 3603 3604 3605 3613 3615 3616 3617 3660 3661 3662 3664 3673 3675 3676 3677 3685 3688 4628 4629
155 6.17797 -15.7493 7.09718 0.596148 0.571168 -0.390355 -0.407428 3388 3396 3398 3412 3413 3417 3422 3423 3424 3425 3427 3429 3430 3431 3443 3445 3453 3467 3468 3469 3470 3472 3474 3475 3476 3479 3480 3481 3482 3484 3486 3487 3488 3540 3541 3542 3543 3545 3547 3548 3549 3552 3553 3554 3555 3557 3559 3560 3561 3596 3597 3598 3599 3601 3603 3604 3605 3608 3609 3610 3611 3613 3615 3616 3617 3669 3673 3676
156 4.94918 -15.7843 9.91571 0.679117 0.634255 -0.252196 -0.270034 3417 3419 3427 3429 3430 3431 3472 3474 3475 3476 3484 3486 3487 3488 3545 3548
157 6.17663 -14.7461 7.10096 0.596117 0.571532 -0.390264 -0.407051 3398 3424 3425 3429 3443 3445 3453 3455 3467 3468 3469 3470 3472 3474 3475 3476 3479 3480 3481 3482 3484 3486 3487 3488 3517 3540 3541 3542 3543 3545 3547 3548 3549 3552 3553 3554 3555 3557 3559 3560 3561 3596 3597 3598 3599 3601 3603 3604 3605 3608 3609 3610 3611 3613 3615 3616 3617 3668 3669 3670 3671 3673 3675 3676 3677 3681 3685 3688
158 4.93654 -14.6367 9.93407 0.666066 0.649362 -0.256188 -0.262778 3429 3431 3472 3474 3475 3476 3484 3486 3487 3488 3545 3547 3548 3549 3557 3559
159 2.24502 -13.5375 10.9753 0.693682 0.698744 -0.124066 -0.123168 1450 1451 3457 3460 3461 3462 3463 3464 3474 3476 3484 3486 3487 3488 3530 3531 3532 3533 3534 3535 3536 3537 3545 3547 3548 3549 3557 3559 3560 3561 3586 3587 3588 3589 3590 3592 3593 3601 3603 3604 3605 3613 3615 3616 3617 3660 3661 3662 3663 3664 3665 3673 3675 3676 3677 3685 3687 3688 3689 3714 3716 3730 3733 4628 4629
160 2.30975 -12.595 10.9509 0.704027 0.686542 -0.12684 -0.130071 1450 1451 3462 3464 3486 3488 3530 3531 3532 3533 3534 3535 3536 3537 3545 3547 3548 3549 3557 3559 3560 3561 3586 3587 3588 3589 3590 3592 3593 3601 3603 3604 3605 3613 3615 3616 3617 3659 3660 3661 3662 3663 3664 3665 3673 3675 3676 3677 3685 3687 3688 3689 3714 3715 3716 3717 3718 3721 3730 3732 3733 3734 3742 3745 4628 4629
161 6.1847 -13.7308 7.08178 0.59432 0.571725 -0.392123 -0.40762 3445 3453 3455 3469 3470 3474 3479 3480 3481 3482 3484 3486 3487 3488 3517 3519 3527 3540 3541 3542 3543 3545 3547 3548 3549 3552 3553 3554 3555 3557 3559 3560 3561 3596 3597 3598 3599 3601 3603 3604 3605 3608 3609 3610 3611 3613 3615 3616 3617 3668 3669 3670 3671 3673 3675 3676 3677 3680 3681 3682 3683 3685 3687 3688 3689 3725 3726 3730 3733
162 4.9332 -13.6318 9.93731 0.665729 0.649956 -0.256067 -0.262281 3474 3476 3484 3486 3487 3488 3545 3547 3548 3549 3557 3559 3560 3601 3603 3613
163 6.17751 -12.6931 7.10364 0.592971 0.575028 -0.392408 -0.404653 3455 3481 3482 3486 3517 3519 3527 3529 3540 3541 3542 3543 3545 3547 3548 3549 3552 3553 3554 3555 3557 3559 3560 3561 3596 3597 3598 3599 3601 3603 3604 3605 3608 3609 3610 3611 3613 3615 3616 3617 3668 3669 3670 3671 3673 3675 3676 3677 3680 3681 3682 3683 3685 3687 3688 3689 3725 3726 3727 3728 3730 3732 3733 3734 3737 3738 3742 3745
164 4.93472 -12.61 9.93631 0.663605 0.652048 -0.257001 -0.261556 3486 3488 3545 3547 3548 3549 3557 3559 3560 3561 3601 3603 3604 3613 3615 3673
165 2.31449 -11.5563 10.9493 0.6965 0.694061 -0.128551 -0.129003 1450 1451 3531 3533 3534 3535 3536 3537 3547 3549 3557 3559 3560 3561 3586 3587 3588 3589 3590 3592 3593 3601 3603 3604 3605 3613 3615 3616 3617 3659 3660 3661 3662 3663 3664 3665 3673 3675 3676 3677 3685 3687 3688 3689 3714 3715 3716 3717 3718 3719 3721 3722 3730 3732 3733 3734 3742 3744 3745 3746 3809 3811 3825 3828 4628 4629
166 2.31023 -10.5874 10.9507 0.702571 0.688023 -0.127137 -0.129825 1450 1451 3535 3537 3559 3561 3586 3587 3588 3589 3592 3593 3601 3603 3604 3605 3613 3615 3616 3617 3659 3660 3661 3662 3663 3664 3665 3673 3675 3676 3677 3685 3687 3688 3689 3714 3715 3716 3717 3718 3719 3721 3722 3730 3732 3733 3734 3742 3744 3745 3746 3809 3810 3811 3812 3813 3815 3825 3827 3828 3829 3837 3840 4628 4629
167 6.17992 -11.6675 7.0993 0.591196 0.576476 -0.39379 -0.403845 3519 3527 3529 3542 3543 3547 3552 3553 3554 3555 3557 3559 3560 3561 3573 3575 3596 3597 3598 3599 3601 3603 3604 3605 3608 3609 3610 3611 3613 3615 3616 3617 3668 3669 3670 3671 3673 3675 3676 3677 3680 3681 3682 3683 3685 3687 3688 3689 3725 3726 3727 3728 3730 3732 3733 3734 3737 3738 3739 3740 3742 3744 3745 3746 3820 3821 3825 3828
168 4.94923 -11.5839 9.92305 0.660588 0.654092 -0.259273 -0.261848 3547 3549 3557 3559 3560 3561 3601 3603 3604 3605 3613 3615 3673 3675 3685 3687
169 6.1802 -10.6281 7.1007 0.588819 0.579025 -0.395404 -0.402092 3529 3554 3555 3559 3573 3575 3596 3597 3598 3599 3601 3603 3604 3605 3608 3609 3610 3611 3613 3615 3616 3617 3668 3669 3670 3671 3673 3675 3676 3677 3680 3681 3682 3683 3685 3687 3688 3689 3725 3726 3727 3728 3730 3732 3733 3734 3737 3738 3739 3740 3742 3744 3745 3746 3820 3821 3822 3823 3825 3827 3828 3829 3832 3833 3837 3840 3888 3893
170 4.96293 -10.7898 9.90235 0.679007 0.633318 -0.253249 -0.271519 3559 3561 3601 3603 3604 3605 3613 3615 3616 3617 3673 3675 3676 3677 3685 3688
171 2.21541 -9.57633 10.986 0.701992 0.691169 -0.120488 -0.122375 525 1450 1451 3587 3589 3592 3593 3603 3605 3613 3615 3616 3617 3659 3660 3661 3662 3663 3664 3665 3673 3675 3676 3677 3685 3687 3688 3689 3714 3715 3716 3717 3718 3719 3721 3722 3730 3732 3733 3734 3742 3744 3745 3746 3809 3810 3811 3812 3813 3814 3815 3817 3825 3827 3828 3829 3837 3839 3840 3841 3850 3853 3869 3872 4628 4629
172 2.27188 -8.59298 10.9652 0.704345 0.687259 -0.124095 -0.12718 1450 1451 3593 3615 3617 3659 3660 3661 3662 3663 3664 3665 3673 3675 3676 3677 3685 3687 3688 3689 3714 3715 3716 3717 3718 3719 3721 3722 3730 3732 3733 3734 3742 3744 3745 3746 3809 3810 3811 3812 3813 3814 3815 3817 3825 3827 3828 3829 3837 3839 3840 3841 3850 3851 3853 3855 3856 3859 3869 3871 3872 3873 3881 3884 4629
173 6.155 -9.79313 7.14978 0.601203 0.570474 -0.385164 -0.40591 3575 3583 3585 3598 3599 3603 3608 3609 3610 3611 3613 3615 3616 3617 3645 3647 3655 3668 3669 3670 3671 3673 3675 3676 3677 3680 3681 3682 3683 3685 3687 3688 3689 3725 3726 3727 3728 3730 3732 3733 3734 3737 3738 3739 3740 3742 3744 3745 3746 3820 3821 3822 3823 3825 3827 3828 3829 3832 3833 3835 3837 3839 3840 3841 3865 3869 3872 3891 3892 3893 3894
174 4.96515 -9.80781 9.899 0.680506 0.631442 -0.252854 -0.272501 3603 3605 3613 3615 3616 3617 3673 3675 3676 3677 3685 3687 3688 3689 3730 3733
175 6.14433 -8.81127 7.1736 0.603396 0.570246 -0.382879 -0.405137 3585 3610 3611 3615 3645 3647 3655 3657 3668 3669 3670 3671 3673 3675 3676 3677 3680 3681 3682 3683 3685 3687 3688 3689 3701 3725 3726 3727 3728 3730 3732 3733 3734 3737 3738 3739 3740 3742 3744 3745 3746 3820 3821 3822 3823 3825 3827 3828 3829 3832 3833 3834 3835 3837 3839 3840 3841 3865 3867 3869 3871 3872 3873 3877 3881 3884 3892 3893 3901 3904 3905 3914 3915 3916
176 4.93801 -8.83306 9.92275 0.683949 0.629601 -0.249597 -0.271143 3615 3617 3673 3675 3676 3677 3685 3687 3688 3689 3730 3732 3733 3734 3742 3745 4279
177 2.24922 -7.4896 10.9734 0.683854 0.70823 -0.126156 -0.121814 1225 1229 1230 1402 3659 3661 3662 3663 3664 3665 3675 3677 3685 3687 3688 3689 3714 3715 3716 3717 3718 3719 3721 3722 3730 3732 3733 3734 3742 3744 3745 3746 3809 3810 3811 3812 3813 3814 3815 3817 3825 3827 3828 3829 3837 3839 3840 3841 3850 3851 3853 3855 3856 3857 3859 3861 3869 3871 3872 3873 3881 3883 3884 3885 4009 4012 4028 4031
178 2.32756 -6.52888 10.9442 0.691009 0.699165 -0.130518 -0.128996 3663 3665 3687 3689 3714 3715 3716 3717 3718 3719 3721 3722 3730 3732 3733 3734 3742 3744 3745 3746 3809 3810 3811 3812 3813 3814 3815 3817 3825 3827 3828 3829 3837 3839 3840 3841 3850 3851 3853 3855 3856 3857 3859 3861 3869 3871 3872 3873 3881 3883 3884 3885 4009 4010 4012 4014 4015 4018 4028 4030 4031 4032 4040 4043
179 6.15536 -7.66396 7.16119 0.593694 0.579271 -0.390065 -0.399777 3647 3655 3657 3670 3671 3675 3680 3681 3682 3683 3685 3687 3688 3689 3701 3725 3726 3727 3728 3730 3732 3733 3734 3737 3738 3739 3740 3742 3744 3745 3746 3820 3821 3822 3823 3825 3827 3828 3829 3832 3833 3834 3835 3837 3839 3840 3841 3864 3865 3866 3867 3869 3871 3872 3873 3876 3877 3878 3879 3881 3883 3884 3885 3888 3891 3892 3893 3899 3904 3905 3913 3916 3924 3926 4023 4024 4028 4031
180 4.95709 -7.72558 9.91156 0.673473 0.63992 -0.254897 -0.268262 3675 3677 3685 3687 3688 3689 3730 3732 3733 3734 3742 3744 3745 3746 3825 3827 4279 4280 4281 4428
181 6.13346 -6.66505 7.21421 0.596079 0.581394 -0.386667 -0.396434 3657 3682 3683 3687 3701 3703 3725 3726 3727 3728 3730 3732 3733 3734 3737 3738 3739 3740 3742 3744 3745 3746 3820 3821 3822 3823 3825 3827 3828 3829 3832 3833 3834 3835 3837 3839 3840 3841 3864 3865 3866 3867 3869 3871 3872 3873 3876 3877 3878 3879 3881 3883 3884 3885 3888 3892 3893 3894 3904 3905 3910 3916 3924 3925 3926 3927 4023 4024 4025 4026 4028 4030 4031 4032 4035 4036 4040 4043 4093 4095 4096 4107 4108 4109 4279 4280
182 4.95229 -6.53052 9.92028 0.655368 0.659112 -0.261572 -0.260086 3742 3744 3825 3827 3837 3839 3869 3871 3881 3883 4028 4030 4031 4032 4040 4043 4279 4280 4428 4429 4438
183 2.28918 -5.50601 10.9587 0.686893 0.704239 -0.128507 -0.125341 1442 3715 3717 3718 3719 3721 3722 3732 3734 3742 3744 3745 3746 3809 3810 3811 3812 3813 3814 3815 3817 3825 3827 3828 3829 3837 3839 3840 3841 3850 3851 3853 3855 3856 3857 3859 3861 3869 3871 3872 3873 3881 3883 3884 3885 4009 4010 4012 4014 4015 4016 4018 4020 4028 4030 4031 4032 4040 4042 4043 4044 4053 4056 4072 4075
184 2.35061 -4.55813 10.9352 0.696314 0.693238 -0.131179 -0.131761 3719 3722 3744 3746 3809 3810 3811 3812 3813 3814 3815 3817 3825 3827 3828 3829 3837 3839 3840 3841 3850 3851 3853 3855 3856 3857 3859 3861 3869 3871 3872 3873 3881 3883 3884 3885 4009 4010 4012 4014 4015 4016 4018 4020 4028 4030 4031 4032 4040 4042 4043 4044 4053 4054 4056 4058 4059 4062 4072 4074 4075 4076 4084 4087
185 6.15642 -5.63615 7.16007 0.591903 0.581004 -0.391335 -0.398675 3703 3711 3727 3728 3732 3737 3738 3739 3740 3742 3744 3745 3746 3820 3821 3822 3823 3825 3827 3828 3829 3832 3833 3834 3835 3837 3839 3840 3841 3864 3865 3866 3867 3869 3871 3872 3873 3876 3877 3878 3879 3881 3883 3884 3885 3888 3892 3893 3904 3905 3912 3913 3916 3924 3925 3926 3927 4023 4024 4025 4026 4028 4030 4031 4032 4035 4036 4037 4038 4040 4042 4043 4044 4067 4068 4072 4075 4095 4096 4102 4107 4108 4109 4110 4116 4118 4279 4280 4428 4429
186 4.96042 -5.52311 9.91255 0.654369 0.659518 -0.262593 -0.260542 3827 3837 3839 3869 3871 3881 3883 4028 4030 4032 4040 4042 4043 4044 4072 4075 4279 4280 4428 4429 4438 4439 4468
187 6.13451 -4.62023 7.21385 0.593231 0.584269 -0.388612 -0.394573 3739 3740 3744 3820 3821 3822 3823 3825 3827 3828 3829 3832 3833 3834 3835 3837 3839 3840 3841 3864 3865 3866 3867 3869 3871 3872 3873 3876 3877 3878 3879 3881 3883 3884 3885 3891 3893 3899 3904 3905 3910 3911 3912 3913 3915 3916 3924 3925 3926 3927 4023 4024 4025 4026 4028 4030 4031 4032 4035 4036 4037 4038 4040 4042 4043 4044 4067 4068 4069 4070 4072 4074 4075 4076 4079 4080 4084 4087 4095 4096 4099 4102 4107 4108 4109 4110 4116 4117 4118 4119 4127 4131 4133 4143 4144 4279 4280 4428 4429 4438 4439
188 5.00717 -4.53535 9.8678 0.65386 0.656624 -0.266372 -0.265251 3839 3869 3871 3881 3883 4028 4030 4040 4042 4044 4072 4074 4075 4076 4084 4087 4279 4280 4428 4429 4438 4439 4468 4469
189 2.36144 -3.52713 10.9309 0.690279 0.698938 -0.13311 -0.131461 3810 3812 3813 3814 3815 3817 3827 3829 3837 3839 3840 3841 3850 3851 3853 3855 3856 3857 3859 3861 3869 3871 3872 3873 3881 3883 3884 3885 4009 4010 4012 4014 4015 4016 4018 4020 4028 4030 4031 4032 4040 4042 4043 4044 4053 4054 4056 4058 4059 4060 4062 4064 4072 4074 4075 4076 4084 4086 4087 4088 4764 4767 4783 4786
190 2.42122 -2.56448 10.9069 0.69639 0.691112 -0.136234 -0.137275 3814 3817 3839 3841 3850 3851 3853 3855 3856 3857 3859 3861 3869 3871 3872 3873 3881 3883 3884 3885 4009 4010 4012 4014 4015 4016 4018 4020 4028 4030 4031 4032 4040 4042 4043 4044 4053 4054 4056 4058 4059 4060 4062 4064 4072 4074 4075 4076 4084 4086 4087 4088 4764 4765 4767 4769 4770 4773 4783 4785 4786 4787 4795 4797
191 6.11536 -3.58728 7.25981 0.593105 0.588315 -0.38708 -0.390231 3822 3823 3827 3832 3833 3834 3835 3837 3839 3840 3841 3864 3865 3866 3867 3869 3871 3872 3873 3876 3877 3878 3879 3881 3883 3884 3885 3893 3904 3905 3912 3913 3916 3924 3925 3926 3927 4023 4024 4025 4026 4028 4030 4031 4032 4035 4036 4037 4038 4040 4042 4043 4044 4067 4068 4069 4070 4072 4074 4075 4076 4079 4080 4081 4082 4084 4086 4087 4088 4093 4094 4101 4102 4107 4108 4109 4110 4116 4117 4118 4119 4126 4127 4131 4132 4133 4134 4143 4144 4146 4148 4279 4280 4428 4429 4438 4439 4468 4469 4778 4779 4783 4786 4842 4844
192 5.01595 -3.51877 9.85915 0.651974 0.657839 -0.267816 -0.265428 4028 4030 4040 4042 4043 4044 4072 4074 4075 4076 4084 4086 4087 4088 4279 4280 4428 4429 4438 4439 4468 4469 4783 4786
193 6.12946 -2.52945 7.227 0.588006 0.590641 -0.391636 -0.389889 3834 3835 3839 3841 3864 3865 3866 3867 3869 3871 3872 3873 3876 3877 3878 3879 3881 3883 3884 3885 3902 3904 3905 3912 3913 3916 3924 3925 3926 3927 4023 4024 4025 4026 4028 4030 4031 4032 4035 4036 4037 4038 4040 4042 4043 4044 4067 4068 4069 4070 4072 4074 4075 4076 4079 4080 4081 4082 4084 4086 4087 4088 4095 4096 4099 4100 4101 4102 4107 4108 4109 4110 4116 4117 4118 4119 4121 4125 4127 4128 4129 4131 4132 4133 4134 4138 4143 4144 4146 4148 4152 4279 4280 4428 4429 4438 4439 4468 4469 4778 4779 4780 4781 4783 4785 4786 4787 4790 4791 4795 4841 4842 4843 4844 4845 4846 4850 4853 4855 4857 4859
194 5.04496 -2.53693 9.83072 0.652609 0.655043 -0.269778 -0.268775 4040 4042 4072 4074 4075 4076 4084 4086 4087 4088 4279 4280 4428 4429 4438 4439 4468 4469 4783 4785 4786 4787 4795 4797
195 2.41362 -1.51642 10.9099 0.687666 0.700009 -0.13741 -0.134987 3851 3855 3856 3857 3859 3861 3871 3873 3881 3883 3884 3885 4009 4010 4012 4014 4015 4016 4018 4020 4028 4030 4031 4032 4040 4042 4043 4044 4053 4054 4056 4058 4059 4060 4062 4064 4072 4074 4075 4076 4084 4086 4087 4088 4764 4765 4767 4769 4770 4771 4773 4775 4783 4785 4786 4787 4795 4797 4810 4813
196 2.49899 -0.511575 10.8741 0.685797 0.699284 -0.144009 -0.141231 3857 3861 3883 3885 4009 4010 4012 4014 4015 4016 4018 4020 4028 4030 4031 4032 4040 4042 4043 4044 4053 4054 4056 4058 4059 4060 4062 4064 4072 4074 4075 4076 4084 4086 4087 4088 4764 4765 4767 4769 4770 4771 4773 4775 4783 4785 4786 4787 4795 4797 4810 4811 4813 4815 4816 4819 4830 4839
197 6.10289 -1.52811 7.28871 0.590517 0.593353 -0.387721 -0.385868 3866 3867 3871 3873 3876 3877 3878 3879 3881 3883 3884 3885 3903 3911 3912 3913 3925 3927 4023 4024 4025 4026 4028 4030 4031 4032 4035 4036 4037 4038 4040 4042 4043 4044 4067 4068 4069 4070 4072 4074 4075 4076 4079 4080 4081 4082 4084 4086 4087 4088 4094 4095 4096 4101 4102 4107 4108 4109 4110 4116 4117 4118 4119 4125 4127 4128 4131 4132 4133 4134 4138 4143 4144 4146 4148 4150 4152 4428 4429 4438 4439 4468 4469 4778 4779 4780 4781 4783 4785 4786 4787 4790 4791 4792 4793 4795 4797 4824 4825 4842 4843 4844 4845 4850 4852 4853 4854 4855 4857 4859 4861 4863 4871 4873
198 5.0364 -1.52905 9.83915 0.652191 0.656101 -0.269294 -0.26769 4072 4074 4084 4086 4087 4088 4279 4280 4428 4429 4438 4439 4468 4469 4783 4785 4786 4787 4795 4797
199 6.08032 -0.566769 7.33946 0.595166 0.592985 -0.382796 -0.384204 3878 3879 3883 3911 4023 4024 4025 4026 4028 4030 4031 4032 4035 4036 4037 4038 4040 4042 4043 4044 4067 4068 4069 4070 4072 4074 4075 4076 4079 4080 4081 4082 4084 4086 4087 4088 4093 4094 4095 4096 4100 4101 4102 4107 4108 4110 4116 4117 4118 4119 4125 4127 4128 4131 4132 4133 4134 4138 4143 4144 4146 4148 4150 4152 4438 4439 4468 4469 4778 4779 4780 4781 4783 4785 4786 4787 4790 4791 4792 4793 4795 4797 4824 4825 4826 4827 4829 4830 4833 4834 4839 4842 4843 4844 4845 4850 4852 4853 4854 4855 4857 4859 4861 4863 4871 4872 4873 4874 4879 4880 4881 4882
200 5.00177 -0.515663 9.8729 0.652191 0.65867 -0.26664 -0.264017 4074 4084 4086 4280 4428 4429 4438 4439 4468 4469 4783 4785 4787 4795 4797 4830 4839
201 5.47442 -13.1263 7.67968 -0.548772 -0.488595 0.451066 0.50662 3519 3527 3529 3542 3543 3545 3547 3549 3552 3553 3554 3555 3557 3559 3560 3561 3573 3575 3582 3583 3584 3585 3596 3597 3598 3599 3601 3603 3604 3605 3608 3609 3610 3611 3613 3615 3616 3617 3644 3645 3646 3647 3654 3655 3656 3657 3668 3669 3670 3671 3673 3675 3676 3677 3680 3681 3682 3683 3685 3687 3688 3689 3700 3701 3702 3703 3725 3726 3727 3728 3730 3732 3733 3742
202 -4.44788 -11.7587 7.76992 0.534751 -0.512779 0.464857 -0.484776 461 497 499 502 503 505 507 509 510 511 514 515 517 519 571 572 573 574 577 578 580 582 583 584 585 586 588 589 591 593 626 627 628 629 630 631 633 635 643 1450 1451
203 2.48091 0.505977 10.8816 0.682862 0.702688 -0.143304 -0.139261 4010 4014 4015 4016 4018 4020 4030 4032 4040 4042 4043 4044 4053 4054 4056 4058 4059 4060 4062 4064 4072 4074 4075 4076 4084 4086 4087 4088 4764 4765 4767 4769 4770 4771 4773 4775 4783 4785 4786 4787 4795 4797 4810 4811 4813 4815 4816 4817 4819 4821 4830 4838 4839 4942 4945 4960
204 2.44386 1.43118 10.8975 0.6968 0.690021 -0.137779 -0.139132 4016 4020 4042 4044 4053 4054 4056 4058 4059 4060 4062 4064 4072 4074 4075 4076 4084 4086 4087 4088 4764 4765 4767 4769 4770 4771 4773 4775 4783 4785 4786 4787 4795 4797 4810 4811 4813 4815 4816 4817 4819 4821 4830 4838 4839 4942 4943 4945 4947 4948 4951 4960 4961 4968
205 6.07553 0.512338 7.34916 0.590397 0.598544 -0.385483 -0.380236 4025 4026 4030 4032 4035 4036 4037 4038 4040 4042 4043 4044 4067 4068 4069 4070 4072 4074 4075 4076 4079 4080 4081 4082 4084 4086 4087 4088 4100 4101 4102 4116 4117 4119 4125 4126 4127 4128 4131 4132 4133 4134 4138 4143 4144 4146 4148 4150 4152 4468 4469 4778 4779 4780 4781 4783 4785 4786 4787 4790 4791 4792 4793 4795 4797 4824 4825 4826 4827 4828 4829 4830 4833 4834 4835 4836 4839 4842 4843 4844 4845 4850 4852 4853 4854 4855 4857 4859 4861 4863 4865 4871 4872 4873 4874 4879 4880 4881 4882 4956 4957 4960 5019
206 5.01311 0.465515 9.86203 0.653561 0.656482 -0.266948 -0.26576 4084 4086 4429 4438 4439 4468 4469 4783 4785 4795 4830 4839
207 6.04924 1.52571 7.40565 0.59184 0.601829 -0.382322 -0.375976 4037 4038 4042 4044 4067 4068 4069 4070 4072 4074 4075 4076 4079 4080 4081 4082 4084 4086 4087 4088 4123 4125 4126 4127 4128 4131 4132 4133 4134 4138 4142 4143 4146 4148 4150 4152 4473 4475 4754 4778 4779 4780 4781 4783 4785 4786 4787 4790 4791 4792 4793 4795 4797 4824 4825 4826 4827 4828 4829 4830 4833 4834 4835 4836 4839 4842 4843 4844 4845 4850 4852 4853 4854 4855 4857 4859 4861 4863 4865 4871 4872 4873 4874 4879 4880 4881 4882 4956 4957 4958 4959 4960 4961 4964 4965 4968 5026 5077
208 4.99029 1.46745 9.88411 0.654209 0.657518 -0.264939 -0.263606 4086 4439 4468 4469 4783 4785 4795 4830
209 2.3726 2.49548 10.9263 0.685855 0.702953 -0.134783 -0.131505 4054 4058 4059 4060 4062 4064 4074 4076 4084 4086 4087 4088 4764 4765 4767 4769 4770 4771 4773 4775 4783 4785 4786 4787 4795 4797 4810 4811 4813 4815 4816 4817 4819 4821 4830 4837 4838 4839 4942 4943 4945 4947 4948 4949 4951 4953 4960 4961 4968 4969 4990 4993 5008
210 2.42642 3.43665 10.9047 0.696101 0.69125 -0.136665 -0.137624 4060 4064 4086 4088 4764 4765 4767 4769 4770 4771 4773 4775 4783 4785 4786 4787 4795 4797 4810 4811 4813 4815 4816 4817 4819 4821 4830 4837 4838 4839 4942 4943 4945 4947 4948 4949 4951 4953 4960 4961 4968 4969 4990 4991 4993 4995 4996 4999 5008 5009 5016
211 6.10737 2.5593 7.27558 0.584288 0.598393 -0.392238 -0.382993 4069 4070 4074 4076 4079 4080 4081 4082 4084 4086 4087 4088 4125 4127 4131 4132 4133 4134 4146 4148 4152 4754 4778 4779 4780 4781 4783 4785 4786 4787 4790 4791 4792 4793 4795 4797 4824 4825 4826 4827 4828 4829 4830 4833 4834 4835 4836 4838 4839 4842 4843 4844 4845 4850 4852 4853 4854 4855 4857 4859 4861 4863 4865 4870 4871 4872 4873 4874 4876 4878 4879 4880 4881 4882 4941 4956 4957 4958 4959 4960 4961 4964 4965 4966 4967 4968 4969 4977 5004 5005 5008 5019 5021 5023 5025 5026 5027 5077 5079
212 4.99274 2.45437 9.88179 0.655359 0.656195 -0.264661 -0.264324 4074 4084 4086 4469 4783 4785 4795 4830
213 6.11837 3.63249 7.24468 0.578244 0.601673 -0.397289 -0.381819 4082 4086 4088 4132 4134 4754 4778 4779 4780 4781 4783 4785 4786 4787 4790 4791 4792 4793 4795 4797 4824 4825 4826 4827 4828 4829 4830 4833 4834 4835 4836 4838 4839 4842 4843 4844 4845 4850 4852 4853 4854 4855 4857 4861 4863 4864 4865 4871 4872 4873 4874 4878 4879 4880 4881 4882 4941 4956 4957 4958 4959 4960 4961 4964 4965 4966 4967 4968 4969 4977 4979 4987 5004 5005 5006 5007 5008 5009 5012 5013 5016 5019 5021 5023 5025 5026 5027 5085
214 4.99422 3.46086 9.88035 0.654691 0.656751 -0.265044 -0.264213 4785 4795 4830
215 2.43246 4.4775 10.9022 0.688565 0.698574 -0.138599 -0.136613 4765 4769 4770 4771 4773 4775 4785 4787 4795 4797 4810 4811 4813 4815 4816 4817 4819 4821 4830 4837 4838 4839 4942 4943 4945 4947 4948 4949 4951 4953 4960 4961 4968 4969 4990 4991 4993 4995 4996 4997 4999 5001 5008 5009 5016 5017 5216 5219 5234
216 2.41967 5.45505 10.9075 0.692847 0.694712 -0.136819 -0.136452 4771 4775 4810 4811 4813 4815 4816 4817 4819 4821 4830 4837 4838 4839 4942 4943 4945 4947 4948 4949 4951 4953 4960 4961 4968 4969 4990 4991 4993 4995 4996 4997 4999 5001 5008 5009 5016 5017 5216 5217 5219 5221 5222 5225 5234 5235 5242
217 6.13582 4.53275 7.21021 0.583306 0.593871 -0.395337 -0.388304 4754 4780 4781 4785 4787 4790 4791 4792 4793 4795 4797 4824 4825 4826 4827 4828 4830 4833 4834 4835 4836 4838 4839 4843 4845 4850 4852 4853 4854 4863 4865 4870 4871 4872 4873 4874 4878 4879 4880 4881 4882 4956 4957 4958 4959 4960 4961 4964 4965 4966 4967 4968 4969 5004 5005 5006 5007 5008 5009 5012 5013 5014 5015 5016 5017 5019 5021 5023 5025 5026 5027 5203 5230 5231 5234
219 6.11668 5.53164 7.25538 0.585254 0.595755 -0.392386 -0.38547 4754 4755 4792 4793 4824 4825 4826 4827 4828 4830 4833 4834 4835 4836 4838 4839 4852 4854 4871 4872 4873 4874 4879 4880 4882 4956 4957 4958 4959 4960 4961 4964 4965 4966 4967 4968 4969 5004 5005 5006 5007 5008 5009 5012 5013 5014 5015 5016 5017 5025 5026 5027 5230 5231 5232 5233 5234 5235 5238 5239 5242
220 5.02784 5.44084 9.84763 0.655324 0.653621 -0.267354 -0.26805 4830 4839
221 2.39356 6.48511 10.918 0.687602 0.700652 -0.135964 -0.133432 4811 4815 4816 4817 4819 4821 4830 4837 4838 4839 4942 4943 4945 4947 4948 4949 4951 4953 4960 4961 4968 4969 4990 4991 4993 4995 4996 4997 4999 5001 5008 5009 5016 5017 5216 5217 5219 5221 5222 5223 5225 5227 5234 5235 5242 5243 5264 5267 5282
222 2.42342 7.42428 10.9059 0.698395 0.689018 -0.136001 -0.137852 4817 4821 4838 4942 4943 4945 4947 4948 4949 4951 4953 4960 4961 4968 4969 4990 4991 4993 4995 4996 4997 4999 5001 5008 5009 5016 5017 5216 5217 5219 5221 5222 5223 5225 5227 5234 5235 5242 5243 5264 5265 5267 5269 5270 5273 5282 5283 5290
223 6.09362 6.66547 7.29836 0.578224 0.606136 -0.395162 -0.376966 4754 4755 4827 4830 4834 4835 4836 4839 4872 4874 4956 4957 4958 4959 4964 4965 4966 4967 4968 4969 5004 5005 5006 5007 5008 5009 5012 5013 5014 5015 5016 5017 5026 5027 5203 5205 5213 5215 5230 5231 5232 5233 5234 5235 5238 5239 5240 5241 5242 5243 5251 5278 5279 5282
225 6.09984 7.58304 7.29137 0.58338 0.600593 -0.392203 -0.380962 4835 4836 4956 4957 4958 4959 4964 4965 4966 4967 4968 4969 5004 5005 5006 5007 5008 5009 5012 5013 5014 5015 5016 5017 5026 5027 5230 5231 5232 5233 5234 5235 5238 5239 5240 5241 5242 5243 5251 5253 5261 5278 5279 5280 5281 5282 5283 5286 5287 5290
227 2.43221 8.45817 10.9024 0.6921 0.695085 -0.137873 -0.137281 4943 4947 4948 4949 4951 4953 4961 4968 4969 4990 4991 4993 4995 4996 4997 4999 5001 5008 5009 5016 5017 5216 5217 5219 5221 5222 5223 5225 5227 5234 5235 5242 5243 5264 5265 5267 5269 5270 5271 5273 5275 5282 5283 5290 5291 5335 5338 5353
228 2.45428 9.44117 10.8932 0.694838 0.691685 -0.138918 -0.139551 4949 4953 4969 4990 4991 4993 4995 4996 4997 4999 5001 5008 5009 5016 5017 5216 5217 5219 5221 5222 5223 5225 5227 5234 5235 5242 5243 5264 5265 5267 5269 5270 5271 5273 5275 5282 5283 5290 5291 5335 5336 5338 5340 5341 5344 5353 5354 5361
229 6.08844 8.49438 7.32098 0.590404 0.596179 -0.386571 -0.382827 4958 4959 4961 4964 4965 4966 4967 4968 4969 5004 5005 5006 5007 5008 5009 5012 5013 5014 5015 5016 5017 5026 5027 5230 5231 5232 5233 5234 5235 5238 5239 5240 5241 5242 5243 5278 5279 5280 5281 5282 5283 5286 5287 5288 5289 5290 5291 5349 5350 5353
231 6.09118 9.52814 7.31383 0.5879 0.59805 -0.38845 -0.381858 4966 4967 4969 5004 5005 5006 5007 5008 5009 5012 5013 5014 5015 5016 5017 5027 5230 5231 5232 5233 5234 5235 5238 5239 5240 5241 5242 5243 5278 5279 5280 5281 5282 5283 5286 5287 5288 5289 5290 5291 5349 5350 5351 5352 5353 5354 5357 5358 5361
233 2.4308 10.4781 10.9029 0.688483 0.698703 -0.138495 -0.136469 4991 4995 4996 4997 4999 5001 5009 5016 5017 5216 5217 5219 5221 5222 5223 5225 5227 5234 5235 5242 5243 5264 5265 5267 5269 5270 5271 5273 5275 5282 5283 5290 5291 5335 5336 5338 5340 5341 5342 5344 5346 5353 5354 5361 5363 5387 5390 5406
234 2.43859 11.4131 10.8996 0.700131 0.686792 -0.136747 -0.139403 4997 5001 5017 5216 5217 5219 5221 5222 5223 5225 5227 5234 5235 5242 5243 5264 5265 5267 5269 5270 5271 5273 5275 5282 5283 5290 5291 5335 5336 5338 5340 5341 5342 5344 5346 5353 5354 5361 5363 5387 5388 5390 5392 5393 5396 5406 5408
235 6.0945 10.5594 7.3049 0.585486 0.59967 -0.390336 -0.381103 5006 5007 5012 5013 5014 5015 5016 5017 5230 5231 5232 5233 5234 5235 5238 5239 5240 5241 5242 5243 5278 5279 5280 5281 5282 5283 5286 5287 5288 5289 5290 5291 5349 5350 5351 5352 5353 5354 5357 5358 5359 5360 5361 5362 5363 5374 5401 5402 5405 5406
236 5.07434 10.454 9.80136 0.652331 0.653076 -0.272144 -0.271834 5363 5406
237 6.06847 11.6187 7.35871 0.583743 0.605824 -0.389272 -0.375084 5015 5230 5231 5232 5233 5238 5239 5240 5241 5242 5243 5278 5279 5280 5281 5282 5283 5286 5287 5288 5289 5290 5291 5349 5350 5351 5352 5353 5354 5357 5358 5359 5360 5361 5362 5363 5374 5376 5384 5401 5402 5403 5404 5405 5406 5407 5408 5411 5412 5415
239 2.40389 12.4429 10.914 0.695309 0.692712 -0.1352 -0.135707 5217 5221 5222 5223 5225 5227 5235 5242 5243 5264 5265 5267 5269 5270 5271 5273 5275 5282 5283 5290 5291 5335 5336 5338 5340 5341 5342 5344 5346 5353 5354 5361 5363 5387 5388 5390 5392 5393 5394 5396 5398 5406 5408 5416 5714 5717 5732
240 2.35456 13.4259 10.9336 0.699272 0.690137 -0.130907 -0.13264 2980 5223 5227 5243 5264 5265 5267 5269 5270 5271 5273 5275 5282 5283 5290 5291 5335 5336 5338 5340 5341 5342 5344 5346 5353 5354 5361 5363 5387 5388 5390 5392 5393 5394 5396 5398 5406 5408 5415 5416 5714 5715 5717 5719 5723 5732 5733 5740
241 6.08269 12.5591 7.33137 0.586585 0.600802 -0.388598 -0.379402 5232 5233 5238 5239 5240 5241 5242 5243 5278 5279 5280 5281 5282 5283 5286 5287 5288 5289 5290 5291 5349 5350 5351 5352 5353 5354 5357 5358 5359 5360 5361 5362 5363 5401 5402 5403 5404 5405 5406 5407 5408 5411 5412 5413 5414 5415 5416 5700 5728 5729 5732
243 6.09925 13.5395 7.29512 0.586385 0.597974 -0.390143 -0.382582 5240 5241 5243 5278 5279 5280 5281 5282 5283 5286 5287 5288 5289 5290 5291 5349 5350 5351 5352 5353 5354 5357 5358 5359 5360 5361 5362 5363 5401 5402 5403 5404 5405 5406 5407 5408 5411 5412 5413 5414 5415 5416 5728 5729 5730 5731 5732 5733 5736 5737 5740
245 2.29753 14.5337 10.955 0.678885 0.711702 -0.130638 -0.124614 2622 2980 2981 5265 5269 5270 5271 5273 5275 5335 5336 5338 5340 5341 5342 5344 5346 5354 5361 5363 5387 5388 5390 5392 5393 5394 5396 5398 5406 5408 5415 5416 5714 5715 5717 5719 5723 5725 5732 5733 5740 5741 5777 5793 6188 6189
246 6.09301 14.5617 7.30814 0.585467 0.599959 -0.390221 -0.380796 5280 5281 5286 5287 5288 5289 5290 5291 5349 5350 5351 5352 5353 5354 5357 5358 5359 5360 5361 5362 5363 5401 5402 5403 5404 5405 5406 5407 5408 5411 5412 5413 5414 5415 5416 5728 5729 5730 5731 5732 5733 5736 5737 5738 5739 5740 5741 5761 5789 5790 5793
247 5.07314 14.4834 9.80241 0.649657 0.655816 -0.273172 -0.270607 5408 6191
