0 -3.82386 -27.0882 6.34056 -0.723673 0.391029 -0.270338 0.500311 7 9 158 17 19 27 28 29 30 32 35 36 37 38 39 40 53 54 55 56 57 58 59 61 63 70 71 147
130 1.64021 -24.1466 8.0008 0.83743 0.502019 -0.111098 -0.185325 161 3299 3300 3301 3281 72 73 3275 3277 3297 3293 3272 3292 3291 3196 3197 3198 3199
138 1.41992 -20.5766 9.14383 0.709253 0.688557 -0.105293 -0.108457 3329 3330 3331 3332 3333 3334 3342 3344 3417 3354 3356 285 286 289 169 3399 3400 3401 3403 3404 3406 3279 3283 3415 217 218 221 222 3326 3327
141 4.25343 -20.713 6.5148 0.611432 0.576017 -0.37203 -0.394903 3337 3338 3339 3340 3345 3346 3349 3350 3351 3352 3357 3358 3385 3386 3387 3388 3395 3396 3397 3270 3410 3411 3412 3413 3418 3419 3422 3423 3298 3299 3313 3315 3322 3323 3324 3325
153 4.32239 -16.6676 6.35513 0.594779 0.570326 -0.39211 -0.408921 3467 3468 3469 3470 3475 3476 3479 3480 3481 3482 3487 3488 3526 3517 3518 3519 3552 3398 3527 3553 3540 3541 3542 3543 3548 3549 3424 3425 3443 3445 3453 3455
150 1.58103 -16.5716 9.08837 0.702708 0.688556 -0.125379 -0.127956 3456 3457 3458 3460 342 3462 3463 3464 3472 3474 3484 3486 3461 288 290 3530 3531 3532 3405 3534 3407 464 465 338 341 470 3545 3547 3536 337 3533
162 1.59536 -12.577 9.08288 0.704027 0.686542 -0.12684 -0.130071 3586 3587 3588 3589 3590 3592 521 524 525 529 3603 4628 4629 3613 3615 1450 1451 3593 3659 3660 3661 3662 3535 3664 3537 469 471 600 3673 3675 3601
165 4.31601 -12.6359 6.37455 0.592971 0.575028 -0.392408 -0.404653 3585 3596 3597 3598 3599 3604 3605 3608 3609 3610 3611 3616 3617 3645 3646 3647 3654 3655 3529 3668 3669 3670 3671 3676 3677 3680 3681 3554 3555 3573 3575 3583
177 4.29611 -8.70678 6.41653 0.603396 0.570246 -0.382879 -0.405137 3712 3713 3725 3726 3727 3728 3733 3734 3737 3738 3739 3740 3745 3746 3829 3657 3800 3801 3802 3803 3805 3806 3682 3683 3820 3821 3822 3823 3828 3701 3703 3832 3833 3711
174 1.57264 -8.5758 9.09148 0.704345 0.687259 -0.124095 -0.12718 3714 3715 3716 3717 3718 3719 648 649 3722 652 653 3730 3732 3742 3744 1185 1186 1189 3721 3663 3665 599 601 3809 3810 3811 3812 3813 3815 3825 3827
181 4.30273 -7.6184 6.40908 0.593694 0.579271 -0.390065 -0.399777 3840 3713 3842 3843 3841 3727 3728 3865 3864 3737 3738 3739 3740 3745 3746 3801 3803 3806 3807 3808 3820 3821 3822 3823 3828 3829 3703 3832 3833 3834 3835 3711
179 1.55904 -7.51378 9.0964 0.683854 0.70823 -0.126156 -0.121814 3715 3717 3718 3719 649 3722 652 653 3742 3744 1185 1186 1188 1189 1190 3721 3850 1222 1224 3853 3809 3810 3811 3812 3813 3814 3815 3817 3825 3827 3837 3839
191 1.62637 -3.5363 9.07092 0.690279 0.698938 -0.13311 -0.131461 1408 1409 3851 3855 3856 3857 3859 3861 1439 1442 3881 4010 3883 4012 4014 4015 4016 4018 4020 4028 4030 4040 1225 4042 1229 1230 4053 4056 4009 1402 1403
193 4.27872 -3.57239 6.46825 0.593105 0.588315 -0.38708 -0.390231 3845 3847 3848 3849 3866 3867 4001 4002 4003 3876 4005 3878 3879 4008 3884 3885 4023 4024 4025 4026 4031 4032 4035 4036 4037 4038 4043 4044 4045 4046 4004 3877 4067 4068 4006 4007
192 1.66224 -2.55871 9.0565 0.69639 0.691112 -0.136234 -0.137275 1408 1409 3857 3861 1442 1443 1448 4009 4010 4012 4014 4015 4016 4018 4020 4028 4030 4040 4042 1228 1230 4053 4054 4056 4058 4059 4062 4072 4074 1399 1402 1403
199 4.27124 -1.53688 6.4856 0.590517 0.593353 -0.387721 -0.385868 4756 4757 4003 4004 4005 4006 4007 4008 4778 4779 4025 4026 4035 4036 4037 4038 4043 4044 4045 4046 4047 4048 4049 4050 4051 4052 4067 4068 4069 4070 4075 4076 4079 4080 4081 4082 4087 4088
198 1.7089 -0.526963 9.03681 0.685797 0.699284 -0.144009 -0.141231 1409 4764 4765 4767 4769 1442 1443 1445 1447 1448 1449 4783 4016 4785 4020 2111 2113 2114 2115 2117 2120 4770 4053 4054 4056 4058 4059 4060 4062 4773 4064 4072 4074 4084 4086
207 4.25483 0.487385 6.52187 0.590397 0.598544 -0.385483 -0.380236 4756 4757 4758 4759 4760 4761 4762 4763 4778 4779 4780 4781 4786 4787 4790 4791 4792 4793 4797 4800 4801 4047 4048 4049 4050 4051 4052 4824 4825 4069 4070 4079 4080 4081 4082 4087 4088
206 1.67582 1.43869 9.05088 0.6968 0.690021 -0.137779 -0.139132 4764 4765 4767 4769 4770 4771 4773 1447 1449 4783 4785 4795 2111 2113 2114 2115 2120 2121 4810 4811 4813 4815 4816 4819 4060 4830 4064 2153 2154 4775 2159
213 4.27393 2.51556 6.47772 0.584288 0.598393 -0.392238 -0.382993 4758 4759 4760 4761 4762 4763 4956 4780 4781 4957 4790 4791 4792 4793 4797 4800 4801 4802 4803 4932 4807 4809 4824 4825 4826 4827 4828 4829 4960 4833 4834 4835 4836 4839
225 4.26568 6.57926 6.49138 0.578224 0.606136 -0.395162 -0.376966 5004 5005 5006 5007 5008 5009 5012 5013 5014 5015 5016 5017 5234 4931 4933 4934 4938 4939 4940 4941 5203 4958 4959 4961 4964 4965 4966 4967 4968 4969 5230 5231 4976 4977 4978 4979 4987 4989
237 4.26621 10.5156 6.49531 0.585486 0.59967 -0.390336 -0.381103 5250 5251 5252 5253 5260 5261 5263 5278 5279 5280 5281 5282 5283 5286 5287 5288 5289 5290 5291 5322 5204 5205 5212 5213 5214 5215 5349 5350 5353 5232 5233 5235 5238 5239 5240 5241 5242 5243
248 4.26531 14.517 6.49725 0.585467 0.599959 -0.390221 -0.380796 5376 5383 5384 5386 5401 5402 5403 5404 5405 5407 5411 5412 5413 5414 5415 5416 5700 5323 5324 5331 5332 5333 5334 5728 5729 5732 5351 5352 5354 5357 5358 5359 5360 5361 5362 5373 5374 5375
235 1.66799 10.4668 9.05409 0.688483 0.698703 -0.138495 -0.136469 5264 5265 5267 5269 5270 5271 5273 5275 5282 5283 5290 5291 2487 2490 2373 2378 2379 5335 5338 2426 5217 2427 5221 5222 5223 5225 5227 5353 5235 2420 2421 2423 2425 5242 5243
247 1.58803 14.5002 9.08535 0.678885 0.711702 -0.130638 -0.124614 5387 5388 5390 5392 5393 5394 5396 5398 5406 5408 5415 5416 2618 2491 2621 2496 2497 5714 5717 5336 5340 5341 5342 5344 5346 5732 5354 2539 2540 2542 2544 2545 2546 5363
114 -1.63559 10.4429 9.04784 0.695343 -0.691123 0.138944 -0.139792 5227 5264 5265 5267 5270 5271 5222 2476 2359 2490 2366 2367 2371 2373 2375 2377 2378 2379 5335 2487 5217 5221 2406 2407 5225 5223 2414 2415 2417 2419 2420 2421 2423 2425 2426 2427
102 -1.62217 6.44389 9.05343 0.695406 -0.691733 0.137323 -0.138052 2305 2306 2307 4996 4997 4991 2358 2240 2369 2372 2247 2248 2252 2254 4943 2256 2258 2259 2260 4949 4951 5216 2286 2287 4947 2294 2295 4948 2297 2299 2300 2301 4990 2303
90 -1.62878 2.45754 9.05068 -0.69112 0.695686 -0.138972 0.13806 4765 4770 4771 2101 2108 2109 2239 2113 2115 2117 2119 2120 2121 2250 4811 2253 4942 4816 4817 4819 4821 2139 2140 2147 2148 2150 4945 2152 2153 2154 2156 4810 2158 2159 2160
71 -1.61901 -2.53819 9.05471 -0.690041 0.697238 -0.138009 0.136584 1408 1409 3857 1427 1436 1439 1441 1442 1443 1445 1448 4009 4010 4015 4016 1228 1230 4053 4054 4056 4058 4059 4062 1383 1385 1395 1397 1399 1401 1402 1403 1405 1407
72 -4.23924 -1.53043 6.44942 -0.58729 0.591473 -0.392056 0.389284 1410 1411 1412 1413 1415 1417 1418 1419 1420 1421 1424 1425 1429 1430 1431 1432 1435 2087 2094 2095 2100 1368 1369 1370 1371 1372 1373 1376 1377 1386 1387 1388 1389 1392 1393
60 -4.25449 -5.5328 6.41272 -0.584961 0.588604 -0.39579 0.393341 1156 1159 1161 1165 1166 1173 1174 1175 1176 1177 1178 1192 1194 1196 1198 1199 1200 1201 1202 1204 1205 1210 1211 1212 1213 1216 1217 1367 1374 1375
59 -1.55954 -6.54203 9.07849 -0.692501 0.697641 -0.130362 0.129402 3719 3850 651 653 3856 1170 1172 1180 1182 1183 1184 1185 1186 1187 1188 1189 1190 1207 1209 3851 1222 1223 1224 1225 1226 1229 3809 3810 3813 3814
54 -4.27434 -7.54128 6.36281 -0.582316 0.584143 -0.400429 0.399176 640 641 1154 1156 1159 1161 1163 1164 1165 1166 1167 1168 1173 1174 1175 1176 1177 1178 1192 1199 1200 611 619 621 628 629 636 637 638 639
53 -1.5298 -8.55229 9.08983 0.696497 -0.695013 0.126057 -0.126326 3714 643 645 646 647 648 649 650 651 652 653 1170 3715 1172 1183 1184 1185 1186 1187 1189 3719 3718 3663 599 601 3809 3810 3813 633 635
204 -2.45922 -11.6752 7.57432 0.534751 -0.512779 0.464857 -0.484776 1450 1451
45 -3.57071 -10.5584 8.42872 0.656279 -0.653655 0.265955 -0.267022 640 642 515 516 518 519 643 644 577 578 580 581 582 588 589 590 591 592 593 630 631 632 633 635
79 -3.20432 -12.3342 8.25182 0.649862 -0.489383 0.349829 -0.464546 1450 1451 582 591
42 -4.25316 -11.5552 6.4161 0.587566 -0.586483 0.393846 -0.394574 514 515 554 556 626 627 564 566 571 572 573 574 577 578 583 584 585 586 588 589 481 489 491 498 499 609 508 509 510 511
78 -3.41691 -13.0223 7.64062 -0.569531 0.48537 -0.430279 0.504887 580 517 582 519 1450 1451 507
36 -4.25375 -13.5523 6.41465 0.587156 -0.586688 0.394206 -0.394521 514 515 424 554 432 434 441 442 571 572 450 451 452 453 456 457 479 481 489 491 496 497 498 499 502 503 508 509 510 511
