0 -3.82386 -27.0882 6.34056 -0.723673 0.391029 -0.270338 0.500311 6 7 8 9 10 11 17 19 24 26 27 28 29 30 32 35 36 37 38 39 40 71 158 54 55 56 57 58 59 61 53 160 70 199 202 163 147 63
3 -2.01624 -25.9911 7.41437 0.848576 -0.368093 0.151235 -0.348646 7 147 21 22 28 160 163 53 54 56 58 59 61 63 65 70 3274 3147 3149 3151 3153 3277 19
130 1.64021 -24.1466 8.0008 0.83743 0.502019 -0.111098 -0.185325 3202 3205 3338 158 161 72 3272 73 3274 3275 3277 3278 3281 3289 3291 3292 3293 3297 3299 3300 3301 3196 3197 3198 3199
129 4.00039 -25.8232 6.3969 0.706977 0.431487 -0.291926 -0.478312 3200 3201 3202 3204 3205 3342 3345 3172 3258 3260 3143 3277 3150 3151 3153 3154 3283 3288 3289 3290 3292 3293 3170 3171 3300 3173 3174 3281 3176 3179 3180 3184 3186 3189 3191 3198
133 3.97445 -24.3764 6.80121 0.705021 0.506288 -0.28967 -0.403373 3200 3201 3202 3171 3204 3205 3329 3338 3341 3342 3344 3345 3172 3258 3260 3268 3270 3277 3281 3283 3288 3289 3290 3291 3292 3293 3173 3296 3297 3298 3299 3300 3301 3174 3179 3180 3184 3313 3189 3191 3198
138 1.41992 -20.5766 9.14383 0.709253 0.688557 -0.105293 -0.108457 3329 3330 3331 3332 3333 3334 270 219 272 3345 3346 217 280 282 283 284 285 286 287 288 289 290 3291 165 167 168 169 3279 3357 3358 3356 3399 3400 3401 202 3403 3404 3405 3406 3407 222 210 3283 212 3278 214 3415 216 3417 218 3419 220 221 3342 3344 3427 3300 3430 3431 3354 3297 3418 3326 3327
145 4.28934 -19.6889 6.43519 0.602954 0.573431 -0.382225 -0.401904 3337 3467 3340 3469 3470 3344 3346 3475 3349 3350 3351 3352 3354 3356 3357 3358 3314 3315 3385 3386 3387 3388 3339 3396 3397 3398 3425 3468 3395 3410 3411 3412 3413 3415 3417 3418 3419 3322 3422 3423 3424 3472 3427 3429 3430 3431 3474 3312 3313 3442 3443 3444 3445 3320 3321 3450 3323 3324 3325
147 4.29335 -18.7403 6.41813 0.60696 0.566687 -0.380252 -0.407276 3467 3468 3469 3470 3472 3480 3474 3475 3476 3349 3479 3352 3481 3482 3484 3486 3487 3351 3356 3358 3385 3386 3387 3388 3395 3396 3397 3398 3410 3411 3412 3413 3415 3417 3418 3419 3422 3423 3424 3425 3427 3429 3430 3431 3324 3325 3442 3443 3444 3445 3320 3321 3322 3323 3452 3453 3454 3455
148 3.58104 -18.6807 8.4605 0.677494 0.635819 -0.253049 -0.269635 3472 3473 3474 3475 3476 3353 3354 3483 3484 3485 3486 3487 3488 3355 3356 3357 3358 3414 3415 3416 3417 3418 3419 3427 3428 3429 3430 3431
154 3.57635 -16.6914 8.46426 0.679421 0.634252 -0.251756 -0.269685 3471 3472 3473 3474 3475 3476 3545 3484 3485 3486 3487 3488 3428 3546 3547 3548 3549 3429 3426 3427 3556 3557 3430 3431 3560 3558 3559 3561
153 4.32239 -16.6676 6.35513 0.594779 0.570326 -0.39211 -0.408921 3397 3467 3468 3469 3470 3472 3474 3475 3476 3479 3480 3481 3482 3484 3486 3487 3488 3398 3424 3444 3514 3515 3516 3517 3518 3519 3393 3394 3395 3396 3525 3526 3527 3528 3529 3425 3427 3540 3541 3542 3543 3545 3547 3548 3549 3422 3429 3552 3553 3554 3555 3557 3431 3560 3559 3524 3442 3443 3572 3445 3450 3451 3452 3453 3454 3455
163 4.32033 -13.6585 6.36143 0.59432 0.571725 -0.392123 -0.40762 3584 3585 3542 3543 3596 3597 3598 3599 3601 3603 3604 3605 3545 3608 3609 3610 3611 3613 3615 3616 3617 3547 3526 3573 3549 3583 3581 3514 3515 3516 3517 3646 3519 3654 3527 3528 3529 3575 3668 3540 3669 3670 3671 3673 3675 3676 3642 3552 3553 3554 3555 3557 3559 3560 3643 3645 3570 3571 3572 3518 3574 3561 4628 3647 3644 3580 3582 4629
203 3.49416 -12.8958 7.52018 -0.548772 -0.488595 0.451066 0.50662 3616 3617 3685 3559 3613 3601 3603 4628 4629 3673 3615 3604 3675 3676 3677 3605
170 3.57904 -11.5704 8.4662 0.660588 0.654092 -0.259273 -0.261848 3601 3602 3731 3604 4629 3734 3613 3614 3615 3616 3617 3732 3673 3675 3676 3677 3684 3685 3687 3688 3689 3730 3733 3603 4628 3605
172 3.58727 -10.6939 8.45378 0.679007 0.633318 -0.253249 -0.271519 3730 3731 3732 3733 3734 3612 3741 3742 3743 3616 3617 3746 3613 3888 3614 3615 3744 3745 3672 3673 3674 3675 3676 3677 3685 3686 3687 3688 3689 4628 4629
177 4.29611 -8.70678 6.41653 0.603396 0.570246 -0.382879 -0.405137 3712 3713 3725 3726 3727 3728 3730 3732 3733 3734 3737 3738 3739 3740 3742 3744 3745 3746 3893 3894 3700 3710 3701 3680 3652 3653 3654 3655 3656 3657 3711 3797 3800 3801 3802 3803 3805 3806 3808 3682 3683 3687 3689 3820 3821 3822 3823 3825 3827 3828 3829 3702 3703 3832 3833 3834 3835 3837 3840 3839
187 4.30336 -5.60171 6.40841 0.591903 0.581004 -0.391335 -0.398675 3840 3841 3842 3843 3844 3845 3837 3847 3848 3849 3801 3864 3865 3866 3867 3869 3871 3872 3873 4002 4003 3876 3877 3878 3879 3881 3883 3884 3885 3829 3893 3894 4023 4024 4025 4026 4028 3902 3903 3904 3905 3910 3911 3912 3913 3800 4004 3802 3803 3839 3806 3807 3808 3835 3820 3822 4093 3825 3827 4030 3832 3833 3834 4031 3823 3709 4094 4095
201 4.2577 -0.56008 6.51605 0.595166 0.592985 -0.382796 -0.384204 4099 4100 4102 4076 4075 4756 4757 4758 4759 4760 4761 4762 4763 4125 4126 4127 4128 4003 4132 4005 4006 4007 4008 4778 4779 4780 4781 4783 4785 4786 4787 4790 4791 4792 4795 4797 4800 4035 4037 4038 4040 4042 4044 4045 4046 4047 4048 4049 4050 4131 4052 4086 4133 4067 4068 4069 4070 4072 4074 4843 4844 4845 4079 4080 4081 4082 4051 4084 4853 4854 4087 4088 4850 4134 4842
196 3.63649 -2.54218 8.4108 0.652609 0.655043 -0.269778 -0.268775 4096 4099 4100 4101 4102 4844 4107 4108 4075 4125 4126 4127 4128 4044 4131 4132 4133 4134 3880 3881 3882 3883 3884 3885 3912 3913 4027 4028 4029 4030 4031 4032 3905 3902 3910 3911 4040 4041 4042 4043 3916 3924 3925 4039 4071 4072 4842 4843 4076 4845 4093 4083 4084 4085 4086 4087 4088 3903 4074 4094 4095
192 1.66224 -2.55871 9.0565 0.69639 0.691112 -0.136234 -0.137275 1408 1409 4075 3904 4101 4096 3884 3856 3857 1427 3861 4125 1439 4128 1441 1442 1443 4132 1445 4044 1447 1448 1449 4010 3883 4012 3885 4014 4015 4016 3912 4018 4020 4148 4102 4028 1226 4030 4031 4032 3905 1219 4040 3913 4042 4043 1228 1229 1230 4009 4131 4053 4054 4087 4056 4058 4059 4060 4062 1407 4146 1383 4072 1385 4842 4843 4076 1405 4850 4138 4084 1399 4855 4088 1401 1402 1403 4857 4074 4095
58 -1.54506 -7.54145 9.08405 -0.692608 0.698199 -0.1286 0.12757 640 641 3714 643 3716 645 646 647 648 649 650 651 652 653 1167 1168 1170 3715 1172 1177 1178 1143 1180 1182 1183 1184 1185 1186 1187 1188 1189 1190 3881 3719 3718 1204 1205 3721 3687 3850 3722 3851 1222 1224 1225 1207 3853 3717 1112 3855 1117 3809 3810 3811 3812 3813 3814 3815 1128 3817 1127 1135 1136 3825 3827 630 631 1144 635 3742 3839
61 -3.57905 -5.53588 8.42053 -0.652239 0.656648 -0.268667 0.266864 1167 1168 1169 1170 1171 1172 1177 1178 1179 1180 1181 1182 1322 1323 1324 1325 1329 1331 1204 1205 1206 1207 1208 1209 1216 1217 1218 1219 1221 1332 1112 1113 1114 1117 1380 1381 1382 1127 1384 1385 1383 1135 1136 1137 1138 1143 1144 1145 1146
69 -3.58294 -2.53155 8.41667 -0.651323 0.657066 -0.269543 0.267187 1137 2055 1138 2057 2060 2061 1424 1425 1426 1427 1428 1435 1436 1437 1441 1307 1316 1317 1447 1308 1322 1323 1324 1325 2095 1329 1330 1331 1332 2111 1216 1217 1218 1219 1220 1221 1136 1354 1357 1358 1359 1360 1361 1364 1365 1128 1117 1445 1380 1381 1382 1127 1384 1385 1383 1392 1393 1394 1395 1396 1397 1143 1144 1145 1146
90 -1.62878 2.45754 9.05068 -0.69112 0.695686 -0.138972 0.13806 2048 2050 2053 2054 2055 2057 2060 2061 2063 2065 2068 2069 2072 2073 2080 2081 2085 2095 2097 2100 2101 2103 2105 2108 2109 2113 2114 2115 2117 2119 2120 2121 2134 2136 2139 2140 2142 2144 2147 2148 2150 2152 2153 2154 2156 2158 2159 2160 4764 4765 4767 2209 4770 4771 4773 2215 2217 4783 4785 2234 4795 2236 4810 2239 2240 2250 4811 2253 2254 4815 4816 4817 4819 4821 4813 1340 1348 1350 1354 4942 4943 1360 1361 4947 1364 1365 4769 2211 4945 4775
220 3.62951 4.46229 8.41767 0.652345 0.656179 -0.268996 -0.267425 4993 4995 4871 4872 4873 4874 4876 5005 4878 5007 5008 5009 5013 4825 5019 5021 5023 5025 5026 5027 5028 5029 4999 4829 4793 4945 4818 4819 4820 4821 4951 4952 4953 4827 4828 4957 4830 4959 4960 4961 4963 4836 4837 4838 4839 4968 4969 4967 4850 4947 4852 4853 4854 4965
221 4.27952 5.49897 6.4656 0.585254 0.595755 -0.392386 -0.38547 4961 4993 4995 4999 5001 4876 5005 4878 5007 5008 5009 5012 5013 5014 5016 5017 5019 5021 5023 5025 5028 4806 4805 4809 4802 4931 4932 4933 4934 4807 4808 5004 4938 4939 4940 4941 4945 4819 5006 4951 4953 4838 4956 4957 4958 4959 4960 4833 4834 4835 4836 4965 4966 4967 4968 4969 4973 4975 4976 4977 4978 4979 4947 4964 5029 4986 4987 4988 4989 4821
231 4.26257 8.47661 6.50496 0.590404 0.596179 -0.386571 -0.382827 4993 5250 4995 5252 5253 4999 5001 4987 5004 5005 5006 5007 5008 5009 5251 5012 5013 5014 5015 5016 5017 5278 5279 5280 4976 5282 5283 5028 5029 4977 4978 4979 5247 5249 4940 5202 5203 5204 5205 5212 5213 5214 5215 5219 5267 5221 5225 5227 4986 5230 5231 5232 5233 5234 5235 5238 5239 5240 5241 5242 5243 4988 4989 5269
224 1.66356 7.43455 9.05593 0.698395 0.689018 -0.136001 -0.137852 2305 2306 2307 4996 4997 4993 5001 5005 4878 5007 5008 5009 4995 5013 5015 5016 5017 5019 5021 5023 5025 2417 4999 2303 2299 5223 5225 2369 2371 2372 2373 2375 2377 2378 2379 2256 2258 2259 2260 4949 2297 4953 4965 5216 5217 5219 5221 5222 4967 4968 4969 5227 5231 5233 5234 5235 5239 4948 5241 5242 5243 2300 2301 4990 4991
229 1.66883 8.45488 9.05379 0.6921 0.695085 -0.137873 -0.137281 2305 2306 2307 4996 4997 4999 5001 5005 5007 5008 5009 4995 4991 5013 5015 5016 5017 5021 5023 5281 5282 5283 2417 5217 2375 5227 2299 5279 2369 2371 2372 2373 5025 2377 2378 2379 2297 5242 5216 5264 5219 5267 5221 5222 5265 5225 5223 5231 5233 5234 5235 2420 2421 5239 5241 2419 5243 2300 2301 4990 2303
240 3.64253 11.4486 8.40481 0.653659 0.653231 -0.270114 -0.270291 5266 5267 5269 5273 5402 5275 5276 5279 5281 5282 5283 5287 5289 5290 5291 5239 5338 5339 5340 5344 5348 5221 5350 5233 5352 5225 5354 5227 5358 5360 5361 5362 5363 5353 5241 5242 5243
245 4.26906 13.5037 6.48944 0.586385 0.597974 -0.390143 -0.382582 5376 5249 5252 5381 5382 5383 5384 5385 5386 5260 5261 5262 5263 5361 5398 5401 5273 5402 5275 5404 5405 5406 5407 5408 5403 5412 5413 5286 5287 5288 5289 5290 5291 5363 5321 5322 5323 5324 5411 5332 5333 5334 5338 5340 5344 5349 5350 5351 5352 5353 5354 5415 5357 5358 5359 5360 5416 5362 5331 5373 5374 5375
242 1.62225 13.4355 9.07254 0.699272 0.690137 -0.130907 -0.13264 5398 5387 5388 2536 5390 5392 5393 5394 2545 5396 2542 5270 5271 5402 5275 5404 5406 5408 2544 5412 5414 5287 5416 5289 5290 5291 2487 2489 2490 2491 2493 2495 2496 2497 5335 5336 5338 5340 5341 5342 5344 5346 5350 5352 5353 2538 2539 2540 5358 5360 5361 2546 5363 2423 2425 2426 2427 5354
124 -1.56685 14.4706 9.07558 -0.688306 0.701435 -0.132042 0.12957 2476 5387 5388 5390 5392 2520 5394 5396 5398 2479 2522 5406 2490 5408 2525 2471 2526 2473 2602 2604 2477 2607 2608 2481 2484 2485 2487 2489 2618 2491 2493 2622 2495 2496 2497 2530 5714 5715 5717 5719 5336 5338 5340 5341 5335 2528 5346 2533 2534 5393 2536 2538 2539 2540 5344 2542 2621 2544 2545 2546 5363 5342
122 -4.22283 14.4613 6.48758 -0.590849 0.593302 -0.387381 0.38578 2575 2576 2584 2453 2582 2583 2456 2457 2458 2459 2480 2466 2467 2980 2469 2470 2398 2472 2473 2602 2603 2476 2477 2478 2479 2608 2481 2484 2485 2487 2489 2618 2620 2493 2495 2607 2521 2503 2504 2505 2506 2513 2514 2515 2516 2519 2520 2468 2522 2525 2526 2527 2528 2529 2530 2533 2534 2536 2538 2542 2544 2601 2581
106 -4.20228 9.45101 6.53338 -0.595176 0.595407 -0.381687 0.381539 2305 2268 2456 2338 2339 2340 2341 2343 2345 2348 2349 2350 2351 2352 2353 2354 2355 2358 2359 2360 2361 2362 2363 2366 2367 2369 2371 2375 2278 2377 2295 2386 2387 2388 2389 2396 2397 2398 2399 2400 2401 2402 2403 2276 2277 2406 2279 2408 2409 2410 2407 2414 2415 2288 2417 2290 2419 2294 2423 2425 2303 2291
104 -4.21149 8.45077 6.51314 -0.593784 0.593961 -0.383874 0.38376 2305 2283 2338 2339 2340 2341 2289 2268 2218 2219 2348 2349 2350 2351 2352 2353 2354 2355 2358 2231 2360 2361 2362 2363 2366 2367 2369 2371 2375 2278 2377 2359 2386 2387 2388 2389 2266 2267 2396 2269 2400 2401 2402 2276 2277 2406 2407 2280 2282 2279 2286 2287 2288 2417 2290 2291 2294 2295 2297 2419 2299 2303
88 -4.23297 3.45095 6.46429 -0.590329 0.590542 -0.389153 0.389013 2092 2065 2068 2069 2119 2117 2080 2081 2211 2085 2215 2209 2090 2091 2220 2093 2222 2223 2224 2225 2226 2228 2229 2230 2231 2104 2105 2234 2235 2108 2109 2239 2240 2241 2242 2243 2102 2247 2248 2124 2250 2123 2252 2125 2126 2256 2232 2130 2131 2132 2133 2134 2135 2136 2139 2140 2141 2142 2143 2144 2147 2148 2150 2129 2152 2236 2156 2258 2158 2217 2233
80 -4.22714 0.456046 6.47776 -0.59073 0.59204 -0.388067 0.387209 1410 1411 1412 1413 1414 1415 1416 1417 1418 1420 1421 2063 1425 2069 1427 2068 1429 1430 1431 1432 1435 1437 2080 1441 2139 1445 2086 1447 2088 2089 2090 2055 2092 2093 2094 2095 2096 2097 2100 2101 2102 2057 2104 2105 2108 2109 2111 2113 2117 2119 2060 1354 2123 2124 2125 1358 2061 1360 1361 1364 2133 2134 2135 2087 1359 2140 2081 2150 2065 2152 2103 2126 2091 1365
62 -4.24824 -4.53787 6.42801 -0.586578 0.589159 -0.393811 0.392086 1145 1323 1158 1159 1161 1324 1197 1112 1173 1175 1176 1178 1180 1182 1136 1191 1192 1194 1195 1196 1325 1198 1199 1200 1201 1202 1331 1204 1205 1207 1209 1210 1211 1212 1213 1216 1217 1219 1221 1332 1367 1368 1113 1114 1371 1372 1373 1374 1375 1376 1377 1380 1381 1383 1385 1386 1387 1388 1329 1135 1392 1137 1138 1395 1397 1143 1144 1369 1146 1322
54 -4.27434 -7.54128 6.36281 -0.582316 0.584143 -0.400429 0.399176 640 641 1154 643 1156 645 1158 1153 1161 1163 1164 1165 1166 1167 1168 1170 1155 1172 1173 1174 1175 1176 1177 1178 1180 1182 1191 1192 1194 1159 626 558 1199 1200 1201 1204 1207 1209 1105 1112 1113 1114 638 608 609 610 611 612 613 636 618 619 620 621 1135 1137 1138 627 628 629 631 633 635 1148 637 1150 639
44 -4.26816 -10.5578 6.37868 0.58517 -0.583554 0.397595 -0.398696 640 515 517 519 643 618 491 508 645 547 548 553 1450 555 556 557 558 563 564 565 566 510 571 572 1451 574 637 577 578 580 582 583 584 585 586 631 588 589 591 593 473 602 603 608 609 610 611 488 636 490 619 620 621 573 626 627 628 629 630 489 633 635 1148 554 638 511
45 -3.57071 -10.5584 8.42872 0.656279 -0.653655 0.265955 -0.267022 640 641 514 515 516 517 518 519 642 643 644 645 1450 1451 577 578 580 581 582 588 589 590 591 592 593 1105 630 631 632 633 635
39 -3.5631 -12.5453 8.43613 -0.654686 0.656192 -0.265633 0.265024 514 515 516 517 518 519 1450 1451 577 578 579 580 582 456 457 458 459 588 461 590 589 592 593 591 502 503 505 506 507 460
79 -3.20432 -12.3342 8.25182 0.649862 -0.489383 0.349829 -0.464546 577 578 515 516 517 582 519 1450 1451 588 589 590 591 592 579 580 506 507 581
204 -2.45922 -11.6752 7.57432 0.534751 -0.512779 0.464857 -0.484776 580 582 519 1450 1451 591
46 -1.5467 -11.5539 9.08343 0.696623 -0.694119 0.128055 -0.128517 514 515 3588 517 646 519 648 649 523 524 525 527 528 529 3587 4628 4629 3716 3742 3589 503 3715 1450 1451 3586 3714 3663 3687 577 578 580 502 582 3659 588 589 3662 591 3664 3665 594 595 3717 597 598 599 600 601 3675 593 3559 630 631 633 507 3661
34 -1.52783 -15.5541 9.09057 0.697144 -0.694453 0.125703 -0.126191 3456 3457 3458 3587 3460 3461 3462 3463 3464 521 469 524 525 3588 3484 3613 3589 342 330 3586 334 3535 329 444 445 447 320 449 459 324 456 457 3530 3531 332 461 3534 463 3536 337 338 339 340 462 470 471 3545 3547 3532 336 3429 465 3559 3537 467 464 502 503 505 3533 319 341
29 -1.53872 -16.551 9.08647 0.69587 -0.695238 0.127238 -0.127354 3456 3457 3458 3460 3461 3462 3463 3464 3472 3601 277 278 282 3484 3486 288 289 290 342 330 463 334 3535 329 462 444 445 319 320 449 322 459 324 456 457 3530 3531 332 3405 3406 3407 3536 337 335 339 340 3534 470 471 3404 3417 3547 3532 336 465 338 3537 467 464 3533 447 341
27 -3.57961 -16.5476 8.42002 -0.654039 0.65479 -0.268 0.267692 277 278 279 280 281 282 329 444 330 446 447 320 449 322 323 324 456 457 458 331 332 333 334 461 459 445 319 460
31 -3.57394 -15.5375 8.42556 -0.652802 0.656726 -0.267783 0.266183 320 321 329 444 458 446 447 448 449 322 323 324 456 457 330 459 332 333 334 461 331 445 319 502 503 504 505 506 507
30 -4.25825 -15.5469 6.40358 -0.585805 0.586465 -0.395755 0.395309 328 322 324 329 325 291 421 422 423 424 297 298 299 300 301 302 431 432 433 434 307 308 309 310 439 440 441 442 315 444 317 318 447 320 449 450 451 452 453 326 327 456 457 330 459 332 461 334 473 478 479 480 481 445 496 497 498 502 425 505 507 426
26 -4.26098 -16.5566 6.39676 0.586338 -0.584962 0.395783 -0.396715 256 257 258 328 322 273 275 276 278 280 324 282 415 416 291 292 421 422 423 424 297 298 299 300 301 431 432 433 434 307 308 309 310 439 440 441 442 315 316 317 318 319 320 449 450 451 452 325 326 327 456 329 330 459 332 461 334 444 445 240 447 426 255
14 -4.25754 -20.5719 6.40511 0.588547 -0.583932 0.393811 -0.396924 256 257 258 132 133 134 135 264 265 266 267 268 270 272 273 274 275 276 149 151 152 282 155 156 165 167 170 171 176 177 178 179 186 187 188 189 117 194 195 196 197 199 202 203 204 205 206 207 208 210 212 214 280 263 239 240 245 246 247 248 249 250 255 277
12 -4.24983 -21.6951 6.41497 0.602076 -0.571412 0.383895 -0.404496 132 133 134 135 264 265 266 267 140 141 142 272 147 148 149 150 151 152 155 156 160 165 167 263 176 177 178 179 180 186 187 188 189 117 194 195 196 197 199 200 202 203 204 205 206 207 208 210 212 270 214 116 245 246 247 248 249 122 123 124 125
13 -3.59335 -21.7015 8.40102 0.676108 -0.629467 0.260945 -0.280281 267 268 269 142 271 144 146 147 148 150 152 155 156 158 159 160 165 167 195 198 199 200 201 202 207 208 209 210 211 212 270 214 272 213
