0 -4.60641 -27.6009 6.69377 -0.723673 0.391029 -0.270338 0.500311 6 7 8 9 10 11 17 19 23 24 26 27 28 29 30 35 36 38 53 54 55 56 57 58 59 61 63 70 71 147
14 -5.18465 -20.5792 6.77984 0.588547 -0.583932 0.393811 -0.396924 116 117 122 123 124 125 126 127 132 133 134 135 141 142 147 148 149 150 151 152 155 156 160 165 167 170 171 176 177 178 179 180 181 186 187 188 189 194 195 196 197 199 200 202 203 204 205 206 207 208 210 212 214 239 240 245 246 247 248 249 250 255 256 257 258 263 264 265 266 267 268 270 272 273 274 275 276 277 278 280 282 291 292 297 298 299 300 315 316 317 319 322
36 -5.17959 -13.553 6.79256 0.587156 -0.586688 0.394206 -0.394521 514 515 517 519 1450 547 548 553 554 555 556 557 558 563 564 565 566 571 572 573 574 577 578 580 582 583 584 588 591 301 302 307 308 309 310 327 328 330 334 415 416 421 422 423 424 425 426 1451 431 432 433 434 439 440 441 442 444 445 447 449 450 451 452 453 456 457 459 461 472 473 478 479 480 481 482 483 488 489 490 491 496 497 498 499 502 503 505 507 508 509 510 511
56 -5.19398 -6.53114 6.75672 -0.583521 0.586496 -0.398203 0.396182 602 1105 1109 1112 1113 1114 603 1117 608 609 610 611 612 613 1127 1128 618 619 620 621 1135 1136 1137 1138 628 629 1143 1144 635 1148 637 1150 639 640 641 1154 643 1156 645 1159 1160 1161 1163 1164 1165 1166 1167 1168 1170 1172 1173 1174 1175 1176 1177 1178 1180 1182 1192 1194 1195 1196 626 1198 1199 1200 1201 1202 1204 1205 1207 1209 1210 1211 1212 1213 1216 1217 1219 1221 631 636 638 1153 1155 1322 1324 1367 1369 1374 1375 1380 1383
80 -5.14412 0.458076 6.87671 -0.59073 0.59204 -0.388067 0.387209 2048 2050 2055 2057 2060 2061 2063 2065 2066 2067 2068 2069 2074 2075 2080 2081 2085 2087 2089 2090 2091 2092 2093 2094 2095 2096 2097 2100 2101 2102 2103 2104 2105 2108 2109 2111 2113 2117 2119 2124 2126 2130 2131 2132 2133 2134 2135 2136 2139 2140 2141 2142 2147 2148 2150 2152 2156 2158 1330 1332 1340 1342 1348 1350 1354 1357 1358 1359 1360 1361 1362 1363 1364 1365 1371 1373 1386 1388 1389 1393 1397 1411 1413 1414 1415 1416 1417 1418 1419 1420 1421 1424 1425 1427 1429 1430 1431 1432 1435 1437 1441 1445 1447
100 -5.13158 7.4525 6.90522 -0.592684 0.593097 -0.385467 0.385198 2128 2207 2209 2211 2212 2213 2215 2217 2218 2219 2220 2221 2222 2223 2224 2225 2226 2228 2229 2230 2231 2232 2233 2235 2236 2239 2240 2241 2242 2243 2244 2247 2248 2250 2252 2256 2258 2261 2262 2263 2264 2266 2267 2268 2269 2271 2273 2276 2277 2278 2279 2280 2281 2282 2283 2286 2287 2288 2289 2290 2291 2294 2295 2297 2299 2303 2305 2332 2333 2334 2335 2338 2339 2340 2341 2342 2343 2344 2345 2348 2349 2350 2351 2352 2353 2354 2355 2358 2359 2360 2361 2362 2363 2366 2367 2369 2371 2375 2377 2380 2381 2383 2386 2387 2388 2389 2390 2391 2400 2401 2406 2407 2417 2419
123 -4.30622 14.475 9.10767 -0.65031 0.65608 -0.271985 0.269593 2604 2613 2605 2542 2607 2537 2980 2981 2471 2473 2474 2475 2476 2477 2612 2479 2608 2481 2610 2484 2485 2486 2487 2488 2489 2618 2620 2493 2495 2624 2626 2615 2616 2617 2520 2522 2523 2524 2525 2526 2528 2530 2533 2534 2535 2536 2409 2538 2411 2413 2414 2415 2544 2423 2424 2425 2623 2602
103 -2.03296 7.46175 9.96554 -0.690399 0.695649 -0.140927 0.139864 2305 2306 2307 4996 4997 4993 5001 5264 5265 4995 4991 5269 4949 2372 5227 5222 5219 2417 5217 4999 2375 5223 2353 2355 2358 2359 2361 2234 2363 2236 2366 2239 2240 2369 2242 2371 2244 2373 2247 2248 2377 2378 2379 2252 2253 2254 4943 2256 4945 2258 2259 2260 4942 4951 4953 4947 4948 5216 2401 2403 5267 5221 2406 2407 2281 2283 2286 2287 2289 2291 2420 2294 2295 2367 2297 5225 2299 2300 2301 4990 2303
124 -1.93039 14.4774 10.0071 -0.688306 0.701435 -0.132042 0.12957 2624 2539 6188 5398 2604 5387 5388 5390 5392 5336 5341 5396 2542 5270 5271 5719 5273 2607 5338 5406 5408 2618 2980 2471 2473 2602 2476 2477 2612 2479 2608 2481 2610 2484 2485 2487 2616 2489 2490 2491 2620 2493 2622 2495 2496 2497 5394 2615 5346 5714 5715 5275 5717 5335 2520 2522 5723 5340 2525 2526 2528 2530 2533 2534 5393 2536 2409 2538 2411 2540 5344 2414 2415 2544 2545 2546 5363 5342 2425 2426 2427 2621
224 2.04349 7.42941 9.98093 0.698395 0.689018 -0.136001 -0.137852 2305 2306 2307 4996 4997 5221 4993 5001 5264 5005 5007 5008 5009 4995 4991 5013 5015 5016 5017 5239 5222 5279 5281 5282 5235 5233 5265 5217 4999 5227 5241 2378 2369 2371 2372 2373 2375 2377 2250 2379 2252 2253 2254 4943 2256 2258 2259 2260 4949 4951 4953 4947 5283 4957 4959 4960 4961 5219 5267 4965 5216 4967 4968 4969 5223 5231 5243 2417 5234 2419 2420 2421 5225 4948 2297 5242 2299 2300 2301 4990 2303
249 4.36327 14.4767 9.09811 0.649657 0.655816 -0.273172 -0.270607 5739 6189 5396 5398 5399 5400 5273 5274 5275 5404 5402 5406 5407 5408 5723 5412 5285 5414 5287 5416 5289 5290 5291 6188 5734 5405 5732 5722 5731 5716 5717 5719 5337 5338 5339 5340 5725 5726 5344 5729 5347 5348 5733 5350 5352 5353 5354 5415 5740 5741 5358 5360 5361 5362 5363 5737
227 5.18463 7.55642 6.88928 0.58338 0.600593 -0.392203 -0.380962 5198 5199 5201 5202 5203 5204 5205 5208 5209 5211 5212 5213 5214 5215 5219 5221 5225 5227 5230 5231 5232 5233 5234 5235 5238 5239 5240 5241 5242 5243 5247 5249 5250 5251 5252 5253 5256 5267 5269 5278 5279 5282 4929 4930 4931 4932 4933 4934 4935 4937 4938 4939 4940 4941 4945 4947 4951 4953 4956 4958 4959 4960 4961 4964 4965 4966 4967 4968 4969 4972 4973 4974 4975 4976 4977 4978 4979 4983 4985 4986 4987 4988 4989 4993 4995 4999 5001 5004 5005 5006 5007 5008 5009 5012 5013 5014 5015 5016 5017 5019 5021 5023 5025 5026 5027 5028 5029
248 5.17916 14.5393 6.9027 0.585467 0.599959 -0.390221 -0.380796 6188 6189 5697 5698 5699 5700 5701 5702 5707 5708 5710 5711 5712 5713 5717 5719 5723 5725 5728 5729 5730 5731 5732 5733 5736 5737 5740 5257 5259 5260 5261 5262 5263 5273 5275 5286 5288 5289 5290 5291 5317 5318 5320 5321 5322 5323 5324 5327 5328 5329 5330 5331 5332 5333 5334 5338 5340 5344 5349 5350 5351 5352 5353 5354 5357 5358 5359 5360 5361 5362 5363 5370 5372 5373 5374 5375 5376 5381 5382 5383 5384 5385 5386 5396 5398 5401 5402 5403 5404 5405 5406 5407 5408 5411 5412 5413 5414 5415 5416
228 4.33983 7.4667 9.12162 0.651921 0.655809 -0.269977 -0.268376 4993 4995 4998 4999 5000 5001 5005 5007 5008 5009 5010 5011 5013 5015 5016 5017 5276 5279 5269 5281 5282 5233 5219 5239 4945 4946 4947 4950 4951 4952 4953 4955 4957 4959 4960 4961 4962 4963 5267 4965 4967 4968 4969 5227 5266 5231 5224 5234 5235 5236 5225 5241 5242 5243 5221
207 5.16518 0.499861 6.93551 0.590397 0.598544 -0.385483 -0.380236 4100 4102 4125 4126 4127 4128 4131 4132 4133 4134 4138 4143 4146 4148 4757 4759 4760 4761 4762 4763 4778 4779 4780 4781 4783 4785 4786 4787 4790 4791 4792 4793 4795 4797 4801 4803 4805 4806 4807 4808 4809 4821 4824 4825 4826 4827 4829 4830 4833 4834 4839 4842 4843 4844 4845 4846 4848 4850 4852 4853 4854 4855 4857 4863 4871 4872 4873 4874 4876 4878 4879 4006 4007 4008 4035 4037 4038 4042 4044 4046 4048 4050 4052 4067 4068 4069 4070 4072 4074 4075 4076 4079 4080 4081 4082 4084 4086 4087 4088
183 5.21152 -6.64205 6.82755 0.596079 0.581394 -0.386667 -0.396434 3698 3699 3700 3701 3702 3703 3708 3709 3710 3711 3712 3713 3727 3728 3732 3734 3737 3738 3739 3740 3742 3744 3745 3746 3797 3799 3800 3801 3802 3803 3806 3808 3820 3821 3822 3823 3825 3827 3828 3829 3832 3833 3834 3835 3837 3839 3840 3841 3842 3843 3844 3845 3847 3849 3864 3865 3866 3867 3869 3871 3872 3873 3876 3877 3878 3879 3881 3883 3884 3885 3888 3893 3894 3902 3904 3905 3910 3911 3912 3913 3916 3924 3925 3926 4002 4004 4023 4024 4025 4028 4031 4093 4095
163 5.25252 -13.6946 6.72161 0.59432 0.571725 -0.392123 -0.40762 3584 3585 3596 3597 3598 3599 3601 3603 3604 3605 3608 3609 3610 3611 3613 3615 3616 3617 3642 3643 3644 3645 3646 3647 3652 3653 3654 3655 3656 3657 3668 3669 3670 3671 3673 3675 3676 3677 3680 3681 3682 3685 3687 3688 4628 4629 3450 3451 3452 3453 3454 3455 3481 3482 3486 3488 3514 3515 3516 3517 3518 3519 3524 3525 3526 3527 3528 3529 3540 3541 3542 3543 3545 3547 3548 3549 3552 3553 3554 3555 3557 3559 3560 3561 3570 3571 3572 3573 3574 3575 3580 3581 3582 3583
146 4.29562 -19.6466 9.1632 0.667172 0.644334 -0.259664 -0.268868 3427 3341 3342 3343 3344 3345 3346 3475 3476 3353 3354 3355 3356 3357 3358 3487 3488 3483 3428 3485 3471 3484 3280 3281 3472 3283 3415 3416 3417 3418 3419 3294 3429 3297 3426 3299 3300 3301 3430 3431 3474 3473
203 4.48429 -13.0111 7.59993 -0.548772 -0.488595 0.451066 0.50662 3597 3598 3599 3601 3730 3603 3604 3605 3608 3609 3610 3611 3613 3615 3616 3617 3681 3683 3668 3669 3670 3671 3673 3675 3676 3677 3685 3680 3553 3682 3555 3557 3559 3560 3561 3687 3688 3689 4628 4629
147 5.21654 -18.8038 6.7972 0.60696 0.566687 -0.380252 -0.407276 3310 3311 3312 3313 3314 3315 3320 3321 3322 3323 3324 3325 3339 3340 3344 3346 3349 3350 3351 3352 3354 3356 3357 3358 3383 3384 3385 3386 3387 3388 3393 3394 3395 3396 3397 3398 3410 3411 3412 3413 3415 3417 3418 3419 3422 3423 3424 3425 3427 3429 3430 3431 3440 3441 3442 3443 3444 3445 3450 3451 3452 3453 3454 3455 3467 3468 3469 3470 3472 3474 3475 3476 3479 3480 3481 3482 3484 3486 3487 3488 3514 3515 3516 3517 3518 3519 3526 3540 3541 3542 3545 3547 3548
129 4.82593 -26.2476 6.7689 0.706977 0.431487 -0.291926 -0.478312 3200 3201 3202 3204 3205 3342 3345 3300 3296 3254 3255 3257 3258 3259 3260 3137 3138 3268 3142 3143 3277 3150 3151 3153 3154 3288 3289 3290 3291 3292 3293 3167 3168 3169 3170 3171 3172 3173 3174 3175 3176 3281 3179 3180 3183 3184 3186 3189 3191 3198
151 5.23511 -17.8608 6.74017 0.608004 0.559229 -0.381508 -0.414783 3320 3321 3322 3324 3325 3351 3352 3356 3358 3383 3384 3385 3386 3387 3388 3393 3394 3395 3396 3397 3398 3410 3411 3412 3413 3415 3417 3418 3419 3422 3423 3424 3425 3427 3429 3430 3431 3440 3441 3442 3443 3444 3445 3450 3451 3452 3453 3454 3455 3467 3468 3469 3470 3472 3474 3475 3476 3479 3480 3481 3482 3484 3486 3487 3488 3514 3515 3516 3517 3518 3519 3524 3525 3526 3527 3528 3529 3540 3541 3542 3543 3545 3547 3548 3549 3552 3553 3554 3555 3557 3559 3560
133 4.79134 -24.6519 7.30797 0.705021 0.506288 -0.28967 -0.403373 3200 3201 3202 3204 3205 3299 3337 3338 3339 3340 3342 3344 3345 3312 3300 3254 3255 3257 3258 3260 3296 3267 3268 3269 3270 3277 3150 3151 3153 3154 3283 3288 3289 3290 3291 3292 3293 3301 3168 3297 3170 3171 3172 3173 3174 3281 3298 3179 3180 3184 3313 3186 3189 3191 3198
154 4.26055 -16.7385 9.19203 0.679421 0.634252 -0.251756 -0.269685 3471 3472 3473 3474 3475 3476 3545 3484 3485 3486 3487 3488 3547 3556 3544 3414 3416 3417 3418 3419 3548 3549 3557 3600 3426 3427 3428 3429 3430 3431 3560 3558 3559 3603 3601 3561 3604
176 4.27687 -9.75625 9.17539 0.680506 0.631442 -0.252854 -0.272501 3840 3730 3731 3732 3733 3734 3612 3741 3614 3615 3616 3617 3746 3742 3743 3904 3744 3745 3672 3673 3674 3675 3676 3677 3685 3686 3687 3688 3689 3824 3825 3826 3827 3828 3829 4628 3836 3837 4629
150 1.93345 -16.5787 10.0242 0.702708 0.688556 -0.125379 -0.127956 3586 3587 3588 521 523 524 525 3601 3604 459 3533 3534 463 464 3537 469 270 272 280 282 283 284 285 286 287 288 289 290 322 324 3400 3403 3404 3405 3406 3407 336 337 335 339 340 341 342 3417 3419 3427 3429 3430 3431 3456 3457 3458 3460 3461 3462 3463 3464 3472 3474 3475 3476 3484 3486 3487 3488 447 449 332 3530 3531 3532 461 462 3535 3536 465 467 334 470 471 3545 3547 3548 3549 3557 3559 3560 3561 338 505 507
172 4.2751 -10.7419 9.17806 0.679007 0.633318 -0.253249 -0.271519 4629 3600 3729 3602 3603 3604 3605 3734 3612 3613 3614 3615 3616 3617 3746 3741 3742 3743 3744 3745 3672 3673 3674 3675 3676 3677 3685 3686 3687 3688 3689 3730 4628 3824 3825 3827 3828 3732 3733
149 1.82356 -17.5625 10.0638 0.700778 0.694099 -0.115924 -0.117039 3356 3358 459 3533 210 212 3534 219 220 221 222 464 469 3332 3334 270 272 280 282 283 284 285 286 287 288 289 290 322 324 3399 3400 3401 3403 332 3405 3406 3407 336 337 335 339 340 341 342 3415 3417 3418 3419 3427 3429 3430 3431 3456 3457 3458 3460 3461 3462 3463 3464 3472 3474 3475 3476 3484 3486 3487 3488 447 449 3404 3530 3531 3532 461 462 463 3536 465 467 334 470 471 3545 3547 3548 3549 3557 3560 338
134 4.0075 -24.4163 9.29435 0.76334 0.54221 -0.20336 -0.286297 3200 3202 3205 3342 3344 3345 3346 3357 3300 3272 3275 3276 3277 3280 3281 3282 3283 3289 3291 3292 3293 3297 3299 3172 3301 3186 3188 3189 3191 3198 3199
152 4.25011 -17.7039 9.20383 0.676062 0.638987 -0.252043 -0.266666 3546 3472 3473 3474 3475 3476 3545 3547 3483 3356 3357 3358 3487 3488 3355 3484 3486 3544 3414 3415 3416 3417 3418 3419 3548 3549 3557 3426 3427 3428 3429 3430 3431 3560 3561 3559
168 1.95294 -10.58 10.0168 0.702571 0.688023 -0.127137 -0.129825 3587 517 519 3592 3593 523 524 525 3603 4628 3605 3673 3613 3615 3616 3617 521 580 582 3659 3660 3661 3662 591 3664 593 595 597 598 599 600 601 3675 3676 3677 3685 3687 3688 3689 633 635 4629 3714 643 3716 3717 646 3719 648 3721 650 651 652 653 1170 1172 3733 3734 3742 1183 3744 1185 1186 3809 3810 3811 3825 3828 3589 3715 645 3718 647 649 3722 3730 3732 1450 1451 1184 3745 3746 3663 3665 505 507
194 4.31752 -3.52502 9.1435 0.651974 0.657839 -0.267816 -0.265428 3840 3841 4032 4101 4096 4076 4107 4108 4109 4110 4855 4116 4117 4118 4119 3868 3869 3870 3871 3872 3873 4102 3880 3881 3882 3883 3884 3885 4128 4143 4144 4040 4146 4148 4150 4041 4152 4027 4028 4029 4030 4031 3904 3905 4039 3912 3913 4042 4043 3916 3924 3925 3926 3927 4072 4073 4074 4075 4044 4083 4084 4085 4086 4087 4088 4095 3836 3837 3838 3839
212 2.04589 3.43931 9.97998 0.696101 0.69125 -0.136665 -0.137624 4961 4993 4991 5005 5007 5008 4838 4953 4765 4945 5009 4769 4770 4771 4773 4775 4969 4785 4787 4795 4797 2111 2113 2114 2115 4942 2117 4827 2119 2120 2121 2250 4811 2252 2253 2254 4813 2256 4817 2258 2259 2260 4821 4951 4825 4947 4815 4957 4830 4959 4960 4816 4943 4836 4837 2150 4839 2152 2153 2154 4967 2156 4810 2158 2159 2160 4968 4819 4965 4948 2297 2299 2300 2301 4990 4949
238 4.36422 10.4532 9.09727 0.652331 0.653076 -0.272144 -0.271834 5355 4999 5000 5001 5266 5011 5268 5013 5015 5273 5017 5275 5276 5277 5279 5281 5282 5283 5360 5287 5289 5290 5291 5363 5361 5346 5347 5353 5337 5338 5339 5340 5343 5344 5218 5219 5220 5221 5350 5352 5225 5354 5227 5228 5229 5358 5231 5267 5233 5234 5235 5239 5241 5242 5243 5348 5269
216 4.30013 3.45868 9.16047 0.654691 0.656751 -0.265044 -0.264213 4864 4865 4995 4957 4993 5002 5005 5007 5008 4881 4882 4953 4992 4783 4784 4785 4786 4787 4148 4965 4795 4796 4797 4945 4818 4819 4820 4821 4950 4951 4952 4825 4827 4828 4829 4830 4959 4960 4961 4962 4836 4837 4838 4839 4968 4969 4967 4947 4855 4857 4859 4861
235 2.0494 10.4724 9.97849 0.688483 0.698703 -0.138495 -0.136469 2305 2306 2307 4996 4997 2497 5001 5271 5264 5265 5243 5287 5013 5270 5015 5016 5017 5239 5361 5350 5279 5269 5281 5282 5275 5233 5289 5290 5291 5341 5235 2487 2489 2490 2491 2493 2495 2496 2369 2371 2372 2373 2375 2377 2378 2379 5353 5283 5241 5336 5338 5340 5242 5335 5216 5217 5219 5267 5221 5222 5223 5352 5225 5354 5227 5344 5358 5231 5360 2417 5234 2419 2420 2421 2423 2425 2426 2427 5273 2303
91 -2.0291 3.45717 9.96719 -0.691491 0.69471 -0.140355 0.139705 4765 4993 4995 2242 4815 2286 4783 4953 2287 4764 2248 4767 4830 4769 4770 4771 4773 4775 2247 2095 2097 4819 2100 2101 2103 2105 2234 4795 2108 2109 4942 2239 2240 2113 2114 2115 2244 2117 2119 2120 2121 2250 4811 2252 2253 2254 4813 2256 4817 2258 2236 2260 4821 2134 4951 2136 4785 4947 2139 2140 2142 2144 4816 4943 2147 2148 2150 4945 2152 2153 2154 2283 2156 4810 2158 2159 2160 2259 2281 4948 2297 4991 2300 4990 4949
111 -4.29914 10.4532 9.11485 -0.65317 0.653919 -0.270117 0.269807 2304 2305 2481 2484 2417 2473 2474 2475 2476 2477 2479 2353 2482 2355 2356 2357 2358 2359 2488 2361 2363 2492 2493 2366 2367 2368 2369 2370 2371 2486 2375 2377 2419 2423 2489 2487 2401 2403 2404 2405 2406 2407 2409 2411 2414 2415 2416 2289 2418 2291 2293 2295 2425 2495 2471 2303
89 -4.30533 3.44058 9.10866 0.654331 -0.652165 0.270228 -0.271126 2048 2240 2050 2051 2052 2284 2246 2286 2070 2071 2244 2245 2118 2247 2095 2097 2099 2101 2103 2105 2106 2107 2108 2109 2111 2112 2113 2242 2116 2117 1350 2119 2248 2250 2252 2255 2256 2257 2258 2134 2283 2136 2139 2140 2234 2142 2144 2145 2146 2147 2148 2150 2152 2236 2155 2156 2157 2158 2299 2281 2296 2297 2239 2045 2047
70 -1.99607 -3.52998 9.98088 -0.689126 0.698284 -0.137841 0.136034 1125 1126 1178 1182 1188 1189 1190 1204 1205 1207 1209 1216 1217 1219 1221 1222 1223 1224 1225 1226 1228 1229 1230 3813 3814 3815 3817 3827 3837 3839 3850 3851 3853 3855 3856 3857 3859 3861 1305 1306 3869 3871 1314 1315 3881 3883 1341 1380 1381 1383 1385 1392 1393 1395 1397 1399 1401 1402 1403 1405 1407 1408 1409 1424 1425 1427 1435 1436 1437 1439 1441 1442 1443 1445 1448 4009 4010 4012 4014 4015 4016 4018 4020 4028 4030 4040 4042 4053 4054 4056 4058 4059 4060 4062 4064 4072 4074 4084 4086
45 -4.26888 -10.5612 9.14466 0.656279 -0.653655 0.265955 -0.267022 640 641 514 515 644 517 518 519 642 1167 1168 1169 1170 643 1172 645 1450 1451 577 578 579 580 581 582 631 588 589 590 591 592 593 633 634 635 630 502 503 632 505 506 507
25 -4.28556 -17.5477 9.12831 -0.653917 0.654458 -0.26851 0.268289 461 449 267 268 269 270 271 272 277 278 279 280 281 282 457 444 445 446 319 320 321 322 323 324 458 456 329 330 331 332 333 334 207 208 210 211 212 459 447
44 -5.1988 -10.5603 6.7446 0.58517 -0.583554 0.397595 -0.398696 514 515 517 519 547 548 553 554 555 556 557 558 563 564 565 566 571 572 573 574 577 578 580 582 583 584 585 586 588 589 591 1104 593 602 603 608 609 610 611 612 613 618 619 620 621 626 627 628 629 630 631 633 635 636 637 638 639 640 641 1154 643 1156 645 1163 1164 1167 1170 1147 1148 1150 1153 1155 1450 1451 472 473 478 479 480 481 482 483 1105 488 489 490 491 498 499 503 507 508 509 510 511
67 -4.29778 -3.52952 9.11613 -0.651224 0.655979 -0.270793 0.26883 2048 1344 1445 1346 1424 1425 1426 1427 1428 1305 1177 1178 1179 1180 1181 1182 1392 1314 1307 1316 1317 1393 1348 1308 1322 1323 1329 1330 1204 1205 1206 1207 1208 1209 1306 1382 1341 1342 1216 1217 1218 1219 1220 1221 1350 1441 1357 1315 1112 1444 1447 1435 1117 1381 1380 1125 1126 1127 1128 1385 1383 1135 1136 1384 1394 1395 1396 1397 1143 1144 1436
88 -5.15188 3.45128 6.85875 -0.590329 0.590542 -0.389153 0.389013 2057 2058 2061 2063 2065 2066 2068 2069 2074 2075 2077 2079 2080 2081 2085 2087 2089 2091 2093 2096 2097 2100 2101 2102 2103 2104 2105 2108 2109 2111 2113 2117 2119 2123 2124 2125 2126 2128 2130 2131 2132 2133 2134 2135 2136 2139 2140 2141 2142 2143 2144 2147 2148 2150 2152 2156 2158 2207 2209 2211 2212 2213 2215 2217 2218 2219 2220 2221 2222 2223 2224 2225 2226 2228 2229 2230 2231 2232 2233 2234 2235 2236 2239 2240 2241 2242 2243 2244 2247 2248 2250 2252 2256 2258 2262 2263 2264 2266 2267 2268 2269 2280 2281 2286 2287 2297 2299
66 -5.17401 -3.52399 6.80596 -0.585561 0.589701 -0.394683 0.391912 1112 1114 1117 1125 1126 1127 1128 1135 1136 1137 1138 1143 1144 1145 1146 1159 1161 1173 1175 1176 1178 1182 1192 1194 1196 1198 1199 1200 1201 1202 1204 1205 1207 1209 1210 1211 1212 1213 1216 1217 1219 1221 1307 1308 1316 1317 1322 1323 1329 1330 1331 1332 1342 1357 1358 1359 1360 1362 1364 1367 1369 1371 1373 1374 1375 1376 1377 1380 1381 1383 1385 1386 1387 1388 1389 1392 1393 1395 1397 1411 1412 1413 1415 1417 1418 1419 1420 1421 1424 1425 1427 1429 1430 1435 1445 1447
