0 -4.0582 -28.0734 4.39352 -0.625452 0.357178 -0.344014 0.602402 6 7 8 9 10 11 12 17 19 23 24 25 26 27 28 29 30 31 32 35 36 38 53 54 56 59 61 63 67
15 -1.49495 -24.4881 7.94216 0.889575 -0.390124 0.095432 -0.217608 160 65 161 70 71 72 73 142 3272 3196 147 148 150 152 58 155 156 3197 158
159 2.17216 -25.993 7.33046 0.83544 0.378984 -0.164423 -0.362458 3200 3202 3204 3205 3186 19 3188 3189 22 3191 3288 3289 3198
155 2.1328 -26.862 6.44654 0.838147 0.398053 -0.159979 -0.336854 3200 3138 3172 9 3147 3149 3151 3184 3153 3189 3183
163 1.64021 -24.1466 8.0008 0.83743 0.502019 -0.111098 -0.185325 161 3299 3300 3301 3281 72 73 3275 3277 3297 3293 3272 3292 3291 3196 3197 3198 3199
172 1.41992 -20.5766 9.14383 0.709253 0.688557 -0.105293 -0.108457 3329 3330 3331 3332 3333 3334 3342 3344 3417 3354 3356 285 286 289 169 3399 3400 3401 3403 3404 3406 3279 3283 3415 217 218 221 222 3326 3327
175 4.25343 -20.713 6.5148 0.611432 0.576017 -0.37203 -0.394903 3337 3338 3339 3340 3345 3346 3349 3350 3351 3352 3357 3358 3385 3386 3387 3388 3395 3396 3397 3270 3410 3411 3412 3413 3418 3419 3422 3423 3298 3299 3313 3315 3322 3323 3324 3325
187 4.32239 -16.6676 6.35513 0.594779 0.570326 -0.39211 -0.408921 3467 3468 3469 3470 3475 3476 3479 3480 3481 3482 3487 3488 3526 3517 3518 3519 3552 3398 3527 3553 3540 3541 3542 3543 3548 3549 3424 3425 3443 3445 3453 3455
184 1.58103 -16.5716 9.08837 0.702708 0.688556 -0.125379 -0.127956 3456 3457 3458 3460 342 3462 3463 3464 3472 3474 3484 3486 3461 288 290 3530 3531 3532 3405 3534 3407 464 465 338 341 470 3545 3547 3536 337 3533
196 1.59536 -12.577 9.08288 0.704027 0.686542 -0.12684 -0.130071 3586 3587 3588 3589 3590 3592 521 524 525 529 3603 4628 4629 3613 3615 1450 1451 3593 3659 3660 3661 3662 3535 3664 3537 469 471 600 3673 3675 3601
203 4.31746 -11.6205 6.37195 0.591196 0.576476 -0.39379 -0.403845 3585 3725 3598 3599 3608 3609 3610 3611 3726 3616 3617 3645 3647 3655 3656 3657 3668 3669 3670 3671 3676 3677 3680 3681 3682 3683 3688 3689 3700 3701 3575 3583
228 4.1428 -8.03732 6.32219 0.839232 0.368648 -0.160764 -0.365983 3712 3842 3843 3844 3845 3893 3894 3902 3904 3905 3915 3916 3920 3921 3926 3800 3801 3802 3803 3805 3806 3807 3808 3820 3822 3832 3834
212 3.57231 -8.71985 8.46602 0.683949 0.629601 -0.249597 -0.271143 3744 3745 3746 3829 3687 3689 3826 3729 3730 3731 3732 3733 3734 3827 3828 3840 3825 3836 3837 3742 3743
213 3.92025 -7.37767 5.88465 0.713357 0.508341 -0.279953 -0.392859 3712 3842 3843 3845 3864 3866 3893 3894 3902 3904 3905 3797 3799 3800 3801 3802 3803 3805 3806 3807 3808 3820 3822 3832 3834
429 6.58501 -7.61914 6.08329 0.982991 0.0281281 -0.00519114 -0.181414 4290 4283 4292 4293 4295 4296 4297 4299 4303 4285 4273 4274 4316 4315 4314 4282 4219 4284 4221 4317
443 7.67135 -5.95641 5.6566 -0.832928 -0.188443 0.114814 0.507482 4450 4527 4532 4397 4526 4509 4530 4575 4511 4309 4278 4503 4574 4281 4442 4507 4445 4510 4287
427 8.51195 -5.54038 3.54678 0.520841 0.522528 -0.478102 -0.476559 4305 4450 4303 4311 4295
457 9.37159 -4.37751 6.50388 0.911084 0.201048 -0.0775467 -0.351415 4609 4525 4507 4511 4387 4522 4523 4524 4397 4530 4531 4532 4533 4544 4562 4564 4575 4580 4582 4593 4595 4596 4597
468 11.8848 -1.58264 7.07438 0.968776 0.16447 -0.0310542 -0.182918 4608 5504 4610 5555 4613 4615 5553 4617 4619 4621 5506 4623 5488 4625 4627 5551 5485 5549 5423 5500 4606
525 14.4043 1.20172 7.26825 0.973925 -0.222164 0.0102224 -0.0448128 5641 5561 5563 5569 5571 5573 5575 5577 5597 5599 5601 5603 5605 5611 5613 5615 5617 5619 5620 5622 5623 5625 5627 5629
537 16.2939 2.3998 7.27168 0.778233 -0.626747 0.0246169 -0.0305669 6134 6117 6118 6119 6121 6154 6123 5644 5646 5650 5652 6133 5654 5623 6151 6132
542 18.953 4.12873 7.14685 -0.338652 0.928961 -0.140444 0.0511989 6145 6146 6147 6148 6149 6184
545 17.1034 4.75124 7.23601 -0.455145 0.886204 -0.0769631 0.0395274 5654 6151 6154 6155 6158 6159 6160 6162 6163 6164 6165 6166 6171 6172 6174 6179 6180 6183 6121 6123 6125 6133 6136 6137 6139
534 14.1131 4.85742 7.22461 -0.38271 0.918775 -0.0894309 0.0372519 5633 5635 5637 5639 6153 6157 5650 5659 5660 5661 5662 5664 5665 5667 5669 5671 5673 5675 5677 5679 5594 5595 5603 5605 5606 5608 5610 5627
509 11.1372 3.49132 6.25562 -0.66702 0.742205 -0.048297 0.0434045 5536 5592 5541 5542 5543 5544 5547 5520 5521 5527 5528 5593 5658 5533 5534 5535
493 8.39172 4.4306 6.11304 -0.0659331 0.983703 -0.166899 0.0111865 5545 5155 5476 5157 5478 5479 5480 5161 5459 5163 5523 5165 5167 5169 5171 5461 5463 5465 5455 5469
507 11.0944 2.67601 6.24142 -0.515074 0.853297 -0.0694627 0.0419296 5536 5592 5509 5542 5543 5544 5541 5583 5520 5521 5593 5496 5497 5498 5594 5533 5534 5535
492 8.11566 2.8983 6.21902 -0.35903 0.927783 -0.0947263 0.0366568 5143 5145 5147 5149 5155 5161 5163 5165 5167 5426 5431 5433 5453 5455 5457 5459 5461 5463 5465 5469 5472 5474 5476 5478 5479 5480
488 9.10969 0.70655 6.24111 -0.484831 0.870806 -0.071173 0.0396263 5440 5441 5495 5448 5449 5450 5451 5421 4590 4589 5424 5423 5486 4591 5496 5497 4603 4604 5438 5439
450 6.97061 -0.145464 6.21974 0.403401 0.909434 -0.0923073 -0.040945 5120 5124 5125 5127 4495 4501 4543 4544 4545 4554 4555 4556 4557 4562 4563 4565 5081 4570 4571 4572 5091 5093 5095 5097 5118
456 7.85522 -1.46014 5.9948 -0.265095 0.939169 -0.210161 0.0593215 4321 4580 4582 4583 4593 4530 4531 4532 4533 4564 4575 4318 4319
454 7.08915 -0.188809 6.22721 -0.422835 0.901254 -0.0856567 0.0401869 4544 4545 5422 5139 5141 4588 4554 4556 4557 5421 4589 5423 4562 4563 5140 4565 4570 4571 4572 4573 4543
470 5.14029 0.951331 6.21377 -0.318902 0.941864 -0.100208 0.0339291 5120 5124 5127 5129 5131 5133 4495 4499 5143 5151 5077 5079 5081 5083 5091 5093 5095 5097 5099 4475 5103 5105 4467 4473 4859 4477 5118 4479
269 4.8926 0.592632 6.11622 0.615399 0.65358 -0.320771 -0.302031 4867 4869 4871 4761 4873 4757 4759 4120 4121 4763 4125 4127 4129 4130 4131 4132 4133 4134 4138 4780 4872 4146 4148 4790 4792 4801 4046 4048 4050 4052 4824 4069 4840 4841 4842 4843 4844 4845 4846 4079 4848 4081 4850 4852 4853 4854 4855 4857 4778
471 5.23365 1.97318 6.22066 -0.249186 0.963256 -0.0970236 0.0250992 5120 4865 5127 5129 5131 5133 5143 5145 5151 5153 5155 5157 5077 5079 5081 5083 5085 5086 5088 5091 5093 5097 5099 5101 5103 5105 5108 5110 5113 5114 4475
271 4.9551 2.54608 6.03574 0.616913 0.641785 -0.328427 -0.315699 4867 4868 4869 4871 4872 4873 4874 4876 4878 4931 4757 4759 4761 5018 4763 5020 5021 5019 4934 4780 4790 4792 4801 4803 4932 4933 4806 4807 4808 4809 4824 4826 4956 4833 4835 4840 4843 4844 4845 4846 4850 4852 4853 4854 4857
472 5.34588 3.42788 6.11147 -0.0885707 0.981791 -0.167373 0.0150993 4864 4865 5129 5133 4881 4882 4755 5145 5149 5151 5153 5155 5157 5158 5159 5161 5163 5059 5085 5086 5088 5099 5101 5105 5106 5107 5108 5109 5110 5111 5113 5114 5115 5116
265 4.27393 2.51556 6.47772 0.584288 0.598393 -0.392238 -0.382993 4758 4759 4760 4761 4762 4763 4956 4780 4781 4957 4790 4791 4792 4793 4797 4800 4801 4802 4803 4932 4807 4809 4824 4825 4826 4827 4828 4829 4960 4833 4834 4835 4836 4839
