0 -3.82386 -27.0882 6.34056 -0.723673 0.391029 -0.270338 0.500311 6 7 8 9 10 11 158 17 19 24 26 27 28 29 30 32 35 36 37 38 39 40 199 53 54 55 56 57 58 59 61 63 160 70 71 202 163 147
128 4.31525 -26.5645 5.7035 -0.618571 -0.433358 0.376065 0.536792 3200 3201 3202 3204 3205 3342 3254 3257 3258 3137 3138 3142 3143 3277 3150 3151 3153 3154 3283 3285 3288 3289 3292 3293 3167 3168 3169 3170 3171 3172 3173 3174 3175 3176 3281 3179 3180 3183 3184 3186 3189 3191 3198
141 4.25343 -20.713 6.5148 0.611432 0.576017 -0.37203 -0.394903 3337 3338 3339 3340 3342 3344 3345 3346 3395 3349 3350 3351 3352 3396 3354 3356 3357 3358 3397 3398 3427 3384 3385 3386 3387 3388 3424 3394 3267 3268 3269 3270 3281 3410 3411 3412 3413 3415 3417 3418 3419 3422 3423 3296 3425 3298 3299 3300 3429 3430 3310 3311 3312 3313 3442 3315 3321 3322 3323 3324 3325
158 3.57902 -15.6906 8.4618 0.679117 0.634255 -0.252196 -0.270034 3471 3472 3473 3474 3475 3476 3605 3483 3484 3485 3486 3487 3488 1450 3545 3546 3547 3548 3549 3600 3557 3558 3559 3560 3561 3602 3603 3601 3604
172 3.58727 -10.6939 8.45378 0.679007 0.633318 -0.253249 -0.271519 3730 3731 3732 3733 3734 3612 3613 3614 3615 3616 3617 3746 3741 3888 3742 3743 3744 3745 3672 3673 3674 3675 3676 3677 3685 3686 3687 3688 3689 4628 4629
188 3.58576 -5.53388 8.4599 0.654369 0.659518 -0.262593 -0.260542 3840 3841 4099 4032 4101 4096 4095 4107 4108 4094 4116 4100 3868 3869 3871 3872 3873 3880 3881 3883 3884 3885 3893 3894 4027 4028 3902 3903 3904 3905 3910 3911 3912 3913 3916 3924 3925 4030 4093 3824 3825 3826 3827 3828 3829 4031 3837 3838 3839
171 4.31763 -10.5969 6.37279 0.588819 0.579025 -0.395404 -0.402092 3584 3585 3738 3713 4629 3725 3726 3727 3728 3730 3732 3733 3734 3608 3737 3610 3611 3740 3613 3742 3615 3744 3617 3739 3699 3710 3642 3644 3645 3646 3647 3745 3652 3653 3654 3655 3656 3657 3668 3669 3670 3671 3673 3675 3676 3677 3680 3681 3682 3683 3685 3687 3688 3689 3698 3571 3700 3701 3702 3703 4628 3712 3711 3708 3709 3582 3583
189 4.29021 -4.59216 6.44068 0.593231 0.584269 -0.388612 -0.394573 4096 3841 3842 3843 4032 3845 3846 3847 3848 3849 4101 4099 3864 3865 3866 3867 4038 3869 3871 3872 3873 4002 4003 3876 3877 3878 3879 4008 3881 3883 3884 3885 4040 3893 3894 4023 4024 4025 4026 4028 3902 3903 3904 3905 4035 4036 4037 3910 3911 3912 3913 4042 4043 4045 4004 4005 3806 3807 3808 4001 4006 4095 4100 4007 4093 4031 4030 3832 3834 3835 3837 4094 3839
209 4.23905 1.49541 6.55576 0.59184 0.601829 -0.382322 -0.375976 4871 4873 4874 4876 4878 4756 4757 4758 4759 4760 4761 4762 4763 4132 4133 4134 4778 4779 4780 4781 4783 4785 4786 4787 4852 4790 4791 4792 4793 4795 4797 4800 4801 4802 4803 4854 4806 4807 4808 4809 4047 4049 4050 4051 4052 4821 4824 4825 4826 4827 4828 4829 4830 4833 4834 4835 4839 4842 4843 4844 4845 4079 4080 4081 4082 4084 4853 4086 4088 4850
227 4.26941 7.52981 6.48719 0.58338 0.600593 -0.392203 -0.380962 4993 4995 4999 5001 5004 5005 5006 5007 5008 5009 5243 5012 5013 5014 5015 5016 5017 5239 5023 5025 5028 5029 5233 5234 5235 4930 5232 4938 4939 4940 4941 5199 5202 4947 5204 5205 4951 4953 5212 5213 5214 5215 5203 5219 4964 4965 4966 4967 4968 4969 5227 5230 5231 4976 4977 4978 4979 5242 5238 5225 5240 4986 4987 4988 4989 5221
245 4.26906 13.5037 6.48944 0.586385 0.597974 -0.390143 -0.382582 5376 5249 5252 5381 5382 5383 5384 5385 5386 5260 5261 5262 5263 5398 5401 5273 5402 5275 5404 5405 5406 5407 5408 5403 5412 5413 5286 5287 5288 5289 5290 5291 5411 5321 5322 5323 5324 5331 5332 5333 5334 5338 5340 5416 5344 5349 5350 5351 5352 5353 5354 5415 5357 5358 5359 5360 5361 5362 5363 5373 5374 5375
225 4.26568 6.57926 6.49138 0.578224 0.606136 -0.395162 -0.376966 4993 4995 5221 4999 5001 5004 5005 5006 5007 5008 5009 5012 5013 5014 5015 5016 5017 5019 5021 5023 5025 5028 5029 5234 5235 4931 4932 4933 4934 5232 4938 4939 4940 4941 4945 5202 4947 5204 4821 4951 4953 4956 4957 4958 4959 4960 4961 5203 5219 4964 4965 4966 4967 4968 4969 5230 5231 4976 4977 4978 4979 5209 4983 4985 4986 4987 4988 4989 5205
236 1.67266 11.4279 9.05212 0.700131 0.686792 -0.136747 -0.139403 5335 5264 5265 5267 5269 5270 5271 5273 5239 5361 5279 5281 5282 5275 5287 5289 5290 5291 5341 5352 2487 2489 2490 2491 2493 2495 2496 2497 2375 2377 2378 2379 5283 5241 5336 5338 5340 5242 5342 5344 5346 5243 5350 5222 5223 2536 5353 5354 5227 5358 5360 2417 2419 2420 2421 2423 2425 2426 2427
102 -1.62217 6.44389 9.05343 0.695406 -0.691733 0.137323 -0.138052 2305 2306 2307 4996 4997 4993 5001 4995 4991 4949 2372 2073 2209 2211 2085 2215 2217 4999 2353 2355 2358 2359 2234 2236 2239 2240 2369 2242 2244 2373 2247 2248 2252 2253 2254 4943 2256 4945 2258 2259 2260 4942 4951 4953 4947 5216 5217 5219 5221 2281 2283 2286 2287 2289 2291 2294 2295 4948 2297 2299 2300 2301 4990 2303
206 1.67582 1.43869 9.05088 0.6968 0.690021 -0.137779 -0.139132 4843 4871 4874 4876 4878 4855 4880 4783 4764 4125 4767 4128 4769 4770 4131 4132 1445 1447 1448 1449 4138 4786 4765 4785 4146 4787 4148 4795 4797 2111 2113 2114 2115 2117 4827 2119 2120 2121 4810 4811 4813 4815 4816 4817 4771 4825 4059 4060 4830 4773 4064 4838 2150 4839 2152 2153 2154 4775 2156 2158 2159 2160 4850 4819 4852 4086 4087 4088 4857 4879 4842 4863
228 3.63582 7.46251 8.41144 0.651921 0.655809 -0.269977 -0.268376 4992 4993 4994 4995 4999 5001 5002 5005 5007 5008 5009 5267 5013 5015 5016 5017 5019 5021 5023 5025 5026 5027 5028 5029 5279 5239 4947 4951 4953 4959 5219 5220 4965 4967 4968 4969 5227 5229 5231 5233 5234 5235 5225 5241 5242 5243 5221
246 3.64789 13.4331 8.39938 0.655684 0.650503 -0.269962 -0.272112 5396 5269 5398 5399 5400 5273 5402 5275 5404 5405 5406 5407 5408 5281 5410 5412 5414 5287 5416 5289 5290 5291 5717 5337 5338 5340 5344 5729 5347 5350 5352 5353 5354 5415 5358 5360 5361 5362 5363
224 1.66356 7.43455 9.05593 0.698395 0.689018 -0.136001 -0.137852 2305 2306 2307 4996 4997 4993 5001 5005 4878 5007 5008 5009 4995 4991 5013 5015 5016 5017 5019 5021 5023 5025 5233 4999 5227 2369 5239 2371 2372 2373 2375 2377 2378 2379 2256 2258 2259 2260 4949 5241 4953 5221 5216 5217 5219 4965 5222 4967 4968 4969 5223 5231 5243 2417 5234 5235 5225 4948 2297 5242 2299 2300 2301 4990 2303
120 -1.60023 12.4475 9.0624 0.694881 -0.69334 0.134796 -0.135095 2539 5387 5388 5390 5264 5265 5341 5267 5269 5270 5271 5273 5275 5338 5408 2471 2473 2476 2477 2479 5342 2481 5363 2484 2485 2487 2489 2490 2491 2493 2495 2496 2497 5392 5335 2520 2522 5340 2525 2526 5344 2401 5346 2403 2406 2407 2536 2409 2411 2540 2414 2415 2419 2420 2421 2423 2425 2426 2427 5336
100 -4.21774 7.45187 6.49915 -0.592684 0.593097 -0.385467 0.385198 2305 2369 2371 2352 2338 2339 2340 2341 2215 2217 2218 2219 2348 2349 2350 2351 2224 2353 2354 2355 2228 2229 2230 2231 2232 2361 2362 2366 2367 2241 2243 2244 2358 2247 2248 2377 2359 2256 2360 2258 2266 2267 2268 2269 2343 2375 2276 2277 2278 2279 2280 2281 2282 2283 2386 2286 2287 2288 2289 2290 2291 2294 2295 2297 2299 2303
118 -4.22206 13.443 6.48937 0.592947 -0.591457 0.385902 -0.386874 2519 2542 2521 2456 2457 2458 2459 2466 2467 2468 2469 2470 2471 2472 2473 2476 2477 2478 2479 2480 2481 2484 2485 2487 2489 2525 2526 2493 2495 2503 2504 2505 2506 2507 2513 2514 2515 2516 2391 2520 2393 2522 2396 2397 2398 2399 2528 2529 2533 2534 2408 2410 2411 2414 2415 2544 2536 2527 2423 2425 2538 2581
104 -4.21149 8.45077 6.51314 -0.593784 0.593961 -0.383874 0.38376 2305 2338 2339 2340 2341 2417 2396 2218 2219 2348 2349 2350 2351 2352 2353 2354 2355 2358 2231 2360 2361 2362 2363 2366 2367 2369 2371 2406 2375 2377 2359 2386 2387 2388 2389 2266 2267 2268 2269 2400 2401 2402 2407 2276 2277 2278 2279 2280 2282 2283 2286 2287 2288 2289 2290 2291 2294 2295 2297 2419 2299 2303
122 -4.22283 14.4613 6.48758 -0.590849 0.593302 -0.387381 0.38578 2980 2575 2576 2584 2453 2582 2583 2456 2457 2458 2459 2608 2466 2467 2468 2469 2470 2472 2473 2602 2603 2476 2477 2478 2479 2480 2481 2484 2485 2487 2489 2618 2526 2620 2493 2495 2607 2503 2504 2505 2506 2513 2514 2515 2516 2519 2520 2521 2522 2525 2398 2527 2528 2529 2530 2533 2534 2536 2538 2542 2544 2601 2581
107 -3.58972 9.44717 8.41004 0.65421 -0.653347 0.269217 -0.269572 2305 2411 2417 2218 2219 2353 2355 2356 2358 2359 2361 2363 2366 2367 2368 2369 2371 2487 2375 2377 2419 2423 2401 2403 2405 2406 2407 2409 2283 2414 2415 2289 2418 2291 2294 2295 2425 2299 2471 2303
88 -4.23297 3.45095 6.46429 -0.590329 0.590542 -0.389153 0.389013 2220 2065 2068 2069 2247 2230 2080 2081 2211 2085 2215 2209 2090 2091 2092 2093 2222 2223 2224 2225 2226 2228 2229 2102 2231 2104 2105 2234 2235 2108 2109 2239 2240 2241 2242 2243 2117 2119 2248 2252 2232 2123 2124 2125 2126 2256 2129 2130 2131 2132 2133 2134 2135 2136 2139 2140 2141 2142 2143 2144 2147 2148 2150 2152 2236 2156 2258 2158 2217 2250 2233
72 -4.23924 -1.53043 6.44942 -0.58729 0.591473 -0.392056 0.389284 1410 1411 1412 1413 1415 1416 1417 1418 1419 1420 1421 1424 1425 1427 1429 1430 1431 1432 1435 1441 1445 1447 2088 2089 1323 1324 1325 2094 2095 2096 1329 1330 1331 1332 2101 2100 2111 2087 2113 2060 1354 2061 1357 1358 1359 1360 1361 1364 1365 1366 1367 1368 1369 1370 1371 1372 1373 1374 1375 1376 1377 1381 1383 1385 1386 1387 1388 1389 1392 1393 1395 1397 2055
56 -4.26454 -6.53586 6.38777 -0.583521 0.586496 -0.398203 0.396182 641 1154 643 1156 645 1158 1153 1160 1161 1163 1164 1165 1166 1167 1168 1170 1155 1172 1173 1174 1175 1176 1177 1178 1180 1182 1191 1192 1194 1159 1196 1198 1199 1200 1201 1202 1204 1195 1207 1209 1210 1211 1212 1205 1216 1219 1221 1105 1112 1113 1114 612 1148 618 619 620 621 1135 1136 1137 1138 1150 1143 1145 1146 636 637 638 639
204 -2.45922 -11.6752 7.57432 0.534751 -0.512779 0.464857 -0.484776 580 582 519 1450 1451 591
53 -1.5298 -8.55229 9.08983 0.696497 -0.695013 0.126057 -0.126326 640 641 3714 643 3716 645 646 647 648 649 650 651 652 653 1167 1168 1112 1170 3715 1172 1177 1178 1180 3869 3742 1183 1184 1185 1186 1187 1189 1190 3719 3718 3721 3722 3744 588 589 3662 3663 3664 593 3717 599 600 601 3675 1117 3809 3810 3811 3812 3813 3814 3665 3817 3815 3730 1135 1136 3827 630 631 633 635
78 -3.41691 -13.0223 7.64062 -0.569531 0.48537 -0.430279 0.504887 577 514 515 580 517 582 519 1450 1451 461 591 578 502 503 505 507
27 -3.57961 -16.5476 8.42002 -0.654039 0.65479 -0.268 0.267692 277 278 279 280 281 282 457 444 445 446 447 320 449 322 323 324 458 456 329 330 331 332 333 334 461 459 319 460
43 -3.54383 -11.5655 8.45458 0.659057 -0.654156 0.261435 -0.263393 514 515 517 518 519 581 1450 1451 577 578 580 502 582 631 588 589 590 591 593 633 634 635 630 503 632 505 506 507
57 -3.58948 -6.5348 8.41022 -0.651428 0.656144 -0.270336 0.268393 640 641 642 643 644 645 1167 1168 1169 1170 1171 1172 1177 1178 1179 1180 1181 1182 1322 1324 1325 1204 1205 1206 1207 1208 1209 1216 1217 1218 1219 1220 1221 1105 1112 1113 1114 1135 1136 1137 1138 1143 1144 1145 1146
42 -4.25316 -11.5552 6.4161 0.587566 -0.586483 0.393846 -0.394574 1451 514 515 517 519 635 627 610 1450 553 554 555 556 557 558 563 564 565 566 571 572 573 574 577 578 580 582 583 584 585 586 588 589 591 593 611 609 633 472 608 602 603 478 479 480 481 482 483 488 489 490 491 496 498 499 628 626 630 503 505 507 508 509 510 511
26 -4.26098 -16.5566 6.39676 0.586338 -0.584962 0.395783 -0.396715 256 257 258 456 450 273 275 276 278 280 452 282 415 416 291 292 421 422 423 424 297 298 299 300 301 431 432 433 434 307 308 309 310 439 440 441 442 315 316 317 318 319 320 449 322 451 324 325 326 327 328 329 330 459 332 461 334 444 445 240 447 426 255
79 -3.20432 -12.3342 8.25182 0.649862 -0.489383 0.349829 -0.464546 577 578 515 516 517 582 519 1450 1451 588 589 590 591 592 579 580 506 507 581
34 -1.52783 -15.5541 9.09057 0.697144 -0.694453 0.125703 -0.126191 3456 3457 3458 3587 3460 470 3462 3463 3464 521 524 525 3534 3588 3484 3613 3461 3530 3547 3536 3586 457 462 444 445 447 320 449 3531 324 3589 456 329 330 459 332 461 334 463 336 337 338 339 340 341 342 471 3545 3535 3532 464 3429 465 3559 3537 467 502 503 505 3533 319 469
17 -1.53808 -20.5734 9.08662 0.703182 -0.687859 0.125839 -0.128642 3329 3330 3331 3332 278 3334 267 268 270 272 280 3406 277 150 3417 152 3354 155 156 285 286 287 288 289 290 283 167 168 169 3399 3279 284 3407 3356 195 199 3400 3401 202 3403 3404 3405 3278 207 208 3281 210 3283 212 3342 214 216 217 218 219 220 221 222 3472 3333 3326 3327
155 1.58138 -15.5399 9.0883 0.692316 0.698995 -0.127304 -0.126087 3456 3457 3458 3587 3460 342 3462 3463 3461 521 523 524 525 3601 3474 3475 3476 3605 3534 3588 282 3484 3486 517 3488 3547 3536 3464 3586 3535 3487 447 449 3532 3530 3531 332 461 462 335 464 465 338 467 340 469 470 471 3545 463 3548 3549 336 3557 337 3560 3561 3559 3537 339 3604 3533 341
142 3.60436 -20.6016 8.44159 0.66386 0.647613 -0.261173 -0.267725 3427 3341 3342 3343 3344 3345 3346 3354 3355 3356 3357 3358 3419 3428 3471 3276 3281 3283 3414 3415 3416 3417 3418 3291 3429 3297 3299 3300 3301 3430 3431
157 4.31629 -15.6696 6.37067 0.596148 0.571168 -0.390355 -0.407428 3598 3467 3596 3469 3470 3599 3601 3474 3603 3476 3479 3480 3481 3482 3484 3486 3487 3488 3573 3570 3571 3572 3514 3515 3516 3517 3518 3519 3524 3525 3526 3527 3528 3529 3580 3597 3540 3541 3542 3543 3545 3547 3548 3549 3552 3553 3554 3555 3557 3559 3560 3561 3440 3441 3442 3443 3444 3445 3574 3575 3604 3452 3453 3454 3455
175 4.30251 -9.6959 6.40224 0.601203 0.570474 -0.385164 -0.40591 3712 3713 4629 3725 3726 3727 3728 3730 3732 3733 3734 3737 3738 3739 3740 3742 3744 3745 3746 3803 3828 3642 3643 3644 3645 3646 3647 3654 3655 3656 3657 3668 3797 3670 3671 3800 3801 3802 3675 3804 3677 3680 3681 3682 3683 3685 3687 3688 3689 3820 3821 3822 3823 3825 3698 3827 3700 3701 3702 3703 4628 3708 3710 3711
190 3.61381 -4.54123 8.43305 0.65386 0.656624 -0.266372 -0.265251 3840 3841 4099 4032 4101 4096 4126 4107 4108 4116 4117 4100 3869 3870 3871 3872 3873 4102 3880 3881 3882 3883 3884 3885 4143 4040 3893 3894 4041 4027 4028 3902 3903 3904 3905 3910 3911 3912 3913 4042 4043 3916 4127 3924 3925 4039 4095 4128 4044 4093 4094 4030 4031 3836 3837 3838 3839
173 1.53876 -9.56582 9.10396 0.701992 0.691169 -0.120488 -0.122375 3714 3715 3716 3717 646 519 648 649 650 651 652 653 1170 3732 3733 3734 1180 3742 1183 1184 1185 1186 3718 647 3721 3722 3744 580 582 3745 3658 3659 3719 3661 3662 3663 3664 593 594 595 596 597 598 599 600 601 3675 3676 3677 3809 3810 3811 3812 3685 3665 3688 3689 3687 3730 3825 3828 3829 3746 633 635
186 1.61987 -4.5549 9.07351 0.696314 0.693238 -0.131179 -0.131761 1408 1409 4032 4101 4096 3841 4012 3850 3851 4108 3853 3913 3855 3856 3857 1427 1172 3861 4143 3869 3871 3872 3873 1187 1188 1189 1190 3881 4010 3883 3884 3885 4014 4015 4016 3912 4018 4043 4095 1207 1209 4102 4028 4030 4031 3904 3905 1219 1221 1222 1223 1224 1225 1226 3817 1228 1229 1230 4107 4009 4131 3924 3925 4116 3839 4146 3813 3814 1383 3916 1385 4128 4044 3859 4040 1399 1401 1402 1403 4117 1405 3840 1407
176 3.5886 -9.7047 8.45177 0.680506 0.631442 -0.252854 -0.272501 3730 3731 3732 3733 3734 3742 3743 3744 3745 3746 3893 3894 3672 3673 3674 3675 3676 3677 3684 3685 3686 3687 3688 3689 3824 3825 3826 3827 3828 3829 4629
156 1.58062 -14.5522 9.0886 0.696399 0.694964 -0.126466 -0.126727 3586 3587 3588 342 3462 3591 3464 521 523 524 525 527 528 529 530 3603 3604 3605 3534 580 3613 3486 3461 3488 3617 3547 3590 3592 3487 447 3589 3616 3531 324 3530 459 3532 461 462 463 464 465 467 340 469 470 471 3545 3535 3548 3549 3536 3557 3537 3560 3561 3559 339 3601 3533 507 341
146 3.60266 -19.6225 8.44263 0.667172 0.644334 -0.259664 -0.268868 3341 3342 3343 3344 3345 3346 3475 3476 3353 3354 3355 3356 3357 3358 3483 3471 3415 3416 3417 3418 3419 3429 3472 3426 3427 3428 3301 3430 3431 3474 3473
130 1.64021 -24.1466 8.0008 0.83743 0.502019 -0.111098 -0.185325 3202 3205 3338 158 161 3272 72 73 3274 3275 3277 3278 3281 3289 3291 3292 3293 3297 3299 3300 3301 3196 3197 3198 3199
8 -3.53301 -22.942 8.42941 0.713698 -0.590522 0.240155 -0.290249 142 147 148 150 152 153 155 156 159 160 164 165 167 199 53 54 56 58 59 61 67 70 71 200 201 202 207 209 210 214 195
25 -3.58323 -17.5483 8.41646 -0.653917 0.654458 -0.26851 0.268289 448 449 267 268 269 270 271 272 277 278 280 281 282 444 445 446 319 320 321 322 323 324 329 330 331 332 334 447
39 -3.5631 -12.5453 8.43613 -0.654686 0.656192 -0.265633 0.265024 588 514 515 516 517 518 519 1450 1451 577 578 579 580 582 456 457 458 459 460 461 590 589 592 593 591 502 503 505 506 507
24 -4.25745 -17.5495 6.40556 -0.586223 0.58633 -0.395358 0.395287 256 257 258 263 265 266 268 270 272 273 274 275 276 277 278 280 282 416 421 422 423 424 297 298 299 300 301 302 307 308 309 310 439 440 441 315 316 317 318 319 320 449 322 324 325 326 327 328 329 330 332 334 444 239 245 246 247 248 249 250 447 255
7 -4.15063 -22.9044 6.59318 0.637616 -0.558709 0.349531 -0.398896 132 133 134 135 140 141 142 147 148 149 150 151 152 26 155 156 29 160 35 36 165 167 176 177 178 179 54 56 187 188 194 195 196 197 70 199 200 202 203 204 206 207 208 210 212 214 122 123 125 126
