0 -1.04066 -28.5781 7.52046 0.950425 -0.141241 0.0407213 -0.274018 2 36 37 38 7 2249 2250 2220 34 2253 2224 2225 2252 4 29
5 -1.59079 -25.8597 8.73188 0.903882 -0.328873 0.0935377 -0.257081 2305 31 33 2267 36 39 44 45 46 47 2249 2251 2252 2254 2259 2260 2261 2262 87 88 89 90 91 99 100 101 103 105
4 -2.66082 -26.1713 6.51073 0.774599 -0.393655 0.224266 -0.44129 34 35 36 44 45 87 31
2 -4.39764 -25.7359 5.95515 0.676704 -0.452154 0.322816 -0.483134 9 10 11 12 13 18 19 29 30 31 32 33 34 36 44 45 59 60 61 62 63 67 68 83 84 85 86 87 88 89 96
10 -2.60081 -24.1361 7.08576 0.749624 -0.537466 0.225067 -0.313909 33 41 42 45 87 88
12 -1.86124 -22.6379 8.86389 0.781292 -0.580296 0.137061 -0.184535 2305 2306 2310 2311 144 145 155 157 158 159 164 45 2352 96 97 101 103 105 107 109 110 111
23 -1.84002 -18.649 8.90173 -0.690168 0.69075 -0.152595 0.152467 152 153 161 163 164 165 2358 2359 2406 210 211 218 219 221 223 224 225 227 229 230 2407 231 2412 2413
29 -1.84235 -16.2496 8.90065 -0.690276 0.690513 -0.152853 0.1528 264 265 272 273 275 277 278 279 281 283 284 285 2464 2465 2470 2471 218 219 227 229 230 231 2412 2413
36 -1.88909 -12.6478 8.8784 -0.688449 0.68965 -0.158916 0.158639 387 389 391 2585 2471 320 321 328 329 331 333 334 335 337 339 340 2523 2524 2529 1000 1001 376 377
47 -1.86146 -9.0534 8.89167 0.690751 -0.688952 0.155052 -0.155457 384 385 393 395 396 397 2648 2710 2649 2585 2586 714 715 722 2643 725 727 728 729 731 733 734 735 2642 723
175 -2.35922 -11.5752 7.67432 0.534751 -0.512779 0.464857 -0.484776 1000 1001
38 -4.14045 -11.4659 8.0276 0.637652 -0.633386 0.308975 -0.311056 384 385 387 389 393 395 709 712 317 319 321 323 325 326 327 328 329 714 333 337 339 725 371 373 374 375 376 377 379 381 382 383
68 -3.30432 -12.2342 8.35182 0.649862 -0.489383 0.349829 -0.464546 387 389 1000 393 394 395 339 1001
67 -3.51691 -13.1223 7.74062 -0.569531 0.48537 -0.430279 0.504887 387 389 1000 1001 331 333 337 339
32 -4.14454 -13.8561 8.0224 0.635998 -0.634366 0.310315 -0.311113 387 261 263 265 267 269 270 271 272 273 277 281 283 315 317 318 319 320 321 323 325 326 327 328 329 331 333 337 339 371 374 376
