0 -3.82386 -27.0882 6.34056 -0.723673 0.391029 -0.270338 0.500311 7 9 158 17 19 27 28 29 30 32 35 36 37 38 39 40 53 54 55 56 57 58 59 61 63 70 71 147
7 -4.15063 -22.9044 6.59318 0.637616 -0.558709 0.349531 -0.398896 132 133 134 135 140 141 142 147 148 149 150 151 152 155 156 36 176 177 178 179 54 187 188 194 195 196 197 199 200 203 204 207 123 125
3 -2.01624 -25.9911 7.41437 0.848576 -0.368093 0.151235 -0.348646 65 70 3149 3153 147 53 54 56 58 59 61 63
11 -1.58834 -23.0202 9.02722 0.815678 -0.540726 0.113618 -0.171392 148 155 156 158 160 161 163 165 167 168 169 199 3272 3274 195 71 200 73 202 3275 3277 3278 3279 3281 3283 214 216 217 218 219 3292 221 222 3327 3197 3326 3199
9 -1.49495 -24.4881 7.94216 0.889575 -0.390124 0.095432 -0.217608 160 65 161 70 71 72 73 142 3272 3196 147 148 150 152 58 155 156 3197 158
126 2.17216 -25.993 7.33046 0.83544 0.378984 -0.164423 -0.362458 3200 3202 3204 3205 3186 19 3188 3189 22 3191 3288 3289 3198
131 1.5888 -24.3155 8.97903 0.867164 0.444647 -0.102348 -0.199601 3329 3341 3342 3345 147 158 160 161 163 168 3272 61 63 65 70 71 72 73 3274 3275 3277 3278 3279 3281 3283 3291 3292 3293 3297 3299 3300 3301 3188 3326 3196 3197 3198 3199
125 1.84266 -27.5928 7.0381 0.854095 0.251763 -0.128683 -0.436552 3200 3202 3172 3190 70 72 3205 3149 3183 3184 3153 3186 19 21 22 3191 3289 3198 3196 62 3189
130 1.64021 -24.1466 8.0008 0.83743 0.502019 -0.111098 -0.185325 161 3299 3300 3301 3281 72 73 3275 3277 3297 3293 3272 3292 3291 3196 3197 3198 3199
138 1.41992 -20.5766 9.14383 0.709253 0.688557 -0.105293 -0.108457 3329 3330 3331 3332 3333 3334 3342 3344 3417 3354 3356 285 286 289 169 3399 3400 3401 3403 3404 3406 3279 3283 3415 217 218 221 222 3326 3327
148 3.58104 -18.6807 8.4605 0.677494 0.635819 -0.253049 -0.269635 3472 3473 3474 3475 3476 3483 3484 3485 3358 3487 3355 3356 3414 3415 3416 3417 3418 3419 3427 3428 3429 3430 3431
151 4.30728 -17.7831 6.37536 0.608004 0.559229 -0.381508 -0.414783 3467 3468 3469 3470 3475 3476 3479 3480 3481 3482 3487 3488 3388 3517 3518 3396 3398 3412 3541 3548 3422 3423 3424 3425 3430 3431 3516 3443 3445 3540 3452 3453 3454 3455
146 3.60266 -19.6225 8.44263 0.667172 0.644334 -0.259664 -0.268868 3343 3472 3473 3346 3475 3353 3354 3355 3356 3357 3358 3471 3415 3416 3417 3418 3419 3344 3426 3427 3428 3429 3430 3431
141 4.25343 -20.713 6.5148 0.611432 0.576017 -0.37203 -0.394903 3337 3338 3339 3340 3345 3346 3349 3350 3351 3352 3357 3358 3385 3386 3387 3388 3395 3396 3397 3270 3410 3411 3412 3413 3418 3419 3422 3423 3298 3299 3313 3315 3322 3323 3324 3325
140 3.60553 -21.7638 8.43048 0.687728 0.620717 -0.252251 -0.279483 3341 3342 3343 3344 3345 3346 3353 3354 3355 3356 3357 3358 3277 3281 3283 3414 3415 3416 3418 3291 3293 3297 3299 3300 3301
145 4.28934 -19.6889 6.43519 0.602954 0.573431 -0.382225 -0.401904 3339 3340 3349 3350 3351 3352 3357 3358 3467 3443 3386 3387 3388 3395 3396 3397 3398 3468 3410 3411 3412 3413 3418 3419 3422 3423 3424 3425 3430 3431 3442 3315 3444 3323 3325
142 3.60436 -20.6016 8.44159 0.66386 0.647613 -0.261173 -0.267725 3341 3342 3343 3344 3345 3346 3354 3355 3356 3357 3358 3427 3414 3415 3416 3417 3418 3419 3297 3299 3428 3301 3430 3283
143 1.43788 -19.5601 9.13825 0.702476 0.694801 -0.108439 -0.109637 3456 3330 3331 3332 3333 3334 3458 3354 3356 285 286 289 290 3399 3400 3401 3403 3404 3405 3406 3407 337 3415 3417 218 221 222 3427 3429 3327
152 3.56853 -17.6654 8.4731 0.676062 0.638987 -0.252043 -0.266666 3472 3473 3474 3475 3476 3417 3484 3485 3486 3487 3488 3416 3544 3545 3546 3419 3548 3426 3427 3428 3429 3430 3431
150 1.58103 -16.5716 9.08837 0.702708 0.688556 -0.125379 -0.127956 3456 3457 3458 3460 342 3462 3463 3464 3472 3474 3484 3486 3461 288 290 3530 3531 3532 3405 3534 3407 464 465 338 341 470 3545 3547 3536 337 3533
158 3.57902 -15.6906 8.4618 0.679117 0.634255 -0.252196 -0.270034 3600 3601 3602 3476 3483 3484 3485 3486 3487 3488 3545 3546 3547 3548 3549 3557 3558 3559 3560 3561 3474 3473 3604
203 3.49416 -12.8958 7.52018 -0.548772 -0.488595 0.451066 0.50662 3601 3603 4628 4629 3673 3675 3613 3615
163 4.32033 -13.6585 6.36143 0.59432 0.571725 -0.392123 -0.40762 3584 3585 3596 3597 3598 3599 3604 3605 3608 3609 3610 3611 3616 3617 3644 3645 3519 3527 3529 3668 3669 3542 3543 3552 3553 3554 3555 3560 3561 3573 3575 3583
160 3.57143 -14.6021 8.47281 0.666066 0.649362 -0.256188 -0.262778 3600 3601 3602 3603 3604 3605 3613 3486 3488 3485 3614 3616 3544 3545 3546 3547 3548 3549 3557 3558 3559 3560 3561
155 1.58138 -15.5399 9.0883 0.692316 0.698995 -0.127304 -0.126087 3457 3586 3460 342 3462 3463 3464 524 3588 3484 3486 3461 3530 3531 3532 3533 3534 3535 464 465 338 341 470 471 3545 3547 3536 3557 3537 3559
164 3.56943 -13.5991 8.47475 0.665729 0.649956 -0.256067 -0.262281 3546 3601 3603 3604 3605 3612 3613 3614 3615 3616 3617 3673 3674 3547 3676 3549 3556 3557 3558 3559 3560 3561
162 1.59536 -12.577 9.08288 0.704027 0.686542 -0.12684 -0.130071 3586 3587 3588 3589 3590 3592 521 524 525 529 3603 4628 4629 3613 3615 1450 1451 3593 3659 3660 3661 3662 3535 3664 3537 469 471 600 3673 3675 3601
170 3.57904 -11.5704 8.4662 0.660588 0.654092 -0.259273 -0.261848 3616 3617 3684 3685 3687 3688 3689 3730 3677 3733 3602 3603 3731 3605 3673 3675 3676 3613 3614 3615
168 1.59565 -10.5725 9.08281 0.702571 0.688023 -0.127137 -0.129825 3714 3715 3716 3717 3718 648 649 652 3730 3732 4629 601 1451 3721 3593 3659 3660 3661 3662 3663 3664 3665 597 600 3673 3675 3685 3687
178 3.57231 -8.71985 8.46602 0.683949 0.629601 -0.249597 -0.271143 3744 3745 3746 3829 3687 3689 3826 3729 3730 3731 3732 3733 3734 3827 3828 3840 3825 3836 3837 3742 3743
173 1.53876 -9.56582 9.10396 0.701992 0.691169 -0.120488 -0.122375 3714 3715 3716 3717 3718 3719 648 649 3722 652 653 3730 3732 3742 3744 1185 3721 3659 3661 3662 3663 3664 3665 597 600 601 3809 3811 3685 3687
182 3.58377 -7.65536 8.4593 0.673473 0.63992 -0.254897 -0.268262 3840 3841 3731 3732 3734 3868 3869 3870 3743 3744 3745 3746 3741 3742 3872 3825 3826 3827 3828 3829 3837 3838 3839
180 1.60605 -6.53735 9.07887 0.691009 0.699165 -0.130518 -0.128996 3719 3722 3851 653 3855 3856 3859 3869 3871 1185 1186 1189 1190 3850 1224 1225 1229 3853 3809 3810 3811 3812 3813 3814 3815 3817 3825 3827 3837 3839
188 3.58576 -5.53388 8.4599 0.654369 0.659518 -0.262593 -0.260542 3840 3841 3868 3869 3871 3872 3873 3880 3881 3883 3884 3885 4027 4028 4031 3824 3826 3827 3829 3837 3838 3839
186 1.61987 -4.5549 9.07351 0.696314 0.693238 -0.131179 -0.131761 1408 3850 3851 3853 3855 3856 3857 3859 3861 3869 3871 1190 3881 4010 3883 4012 4014 4015 4018 4028 4030 1224 1225 1229 1230 3814 3817 4009 1402 1403
194 3.61908 -3.53128 8.42786 0.651974 0.657839 -0.267816 -0.265428 3868 3870 3871 3873 3880 3881 3882 3883 3884 3885 4027 4028 4029 4030 4031 4032 4039 4040 4041 4042 4043 4044 4071 4072 4075
381 5.22901 -2.03773 7.22212 -0.256828 0.961374 -0.0956429 0.0255507 4488 4490 4491 4109 4110 4118 4119 4510 4511 4520 4521 4522 4523 4530 4531 4532 4533 4279 4280 4281 4542 4543 4544 4545 4556 4428 4429 4430 4431 4562 4563 4438 4439 4440 4441 4448 4449 4450 4451 4457 4458 4459 4460 4470
201 4.2577 -0.56008 6.51605 0.595166 0.592985 -0.382796 -0.384204 4756 4757 4758 4759 4760 4761 4007 4008 4778 4779 4780 4781 4786 4787 4790 4791 4037 4038 4045 4046 4047 4048 4049 4050 4051 4052 4067 4068 4069 4070 4075 4076 4079 4080 4081 4082 4087 4088
382 5.04975 -1.24427 6.22741 -0.476366 0.874161 -0.0829228 0.0451881 4488 4489 4490 4491 4499 4500 4501 4542 4543 4554 4555 4556 4439 4440 4441 4449 5095 4457 4458 4460 4468 4470 4471 4477
195 4.28719 -2.53769 6.44857 0.588006 0.590641 -0.391636 -0.389889 4075 3848 3849 4001 4002 4003 4004 4005 3878 3879 4008 4023 4024 4025 4026 4031 4032 4035 4036 4037 4038 4043 4044 4046 4048 4050 4069 4067 4068 4006 4070 4007 4076 4079 4080
380 5.06217 -2.24866 6.22984 -0.474048 0.875651 -0.081145 0.0439292 4488 4489 4490 4491 4520 4521 4542 4543 4544 4429 4430 4431 4438 4440 4441 4448 4449 4451 4457 4458 4459 4460
193 4.27872 -3.57239 6.46825 0.593105 0.588315 -0.38708 -0.390231 3845 3847 3848 3849 3866 3867 4001 4002 4003 3876 4005 3878 3879 4008 3884 3885 4023 4024 4025 4026 4031 4032 4035 4036 4037 4038 4043 4044 4045 4046 4004 3877 4067 4068 4006 4007
372 3.87252 -4.38389 5.78007 -0.642171 0.710029 -0.21428 0.193801 4273 4274 4279 4280 4281 4282 4283 4284 4285 4286 4288 4161 4290 4292 4298 4299 4301 4430 4431 4307 4309 4448 4449 4451
187 4.30336 -5.60171 6.40841 0.591903 0.581004 -0.391335 -0.398675 3840 3841 3843 3845 3847 3848 3849 3864 3865 3866 3867 3872 3873 4002 3876 3877 3878 3879 3884 3885 4023 4024 3803 3806 3808 3822 3823 3832 3833 3834 3835
375 6.96993 -5.69995 6.24377 0.809423 0.581929 -0.0459337 -0.0638906 4503 4507 4524 4273 4282 4283 4290 4292 4293 4295 4296 4297 4299 4301 4303 4305 4307 4309 4311 4313 4314 4315 4317 4318 4319 4320 4321
387 7.67135 -5.95641 5.6566 -0.832928 -0.188443 0.114814 0.507482 4450 4527 4532 4397 4526 4509 4530 4575 4511 4309 4278 4503 4574 4281 4442 4507 4445 4510 4287
377 9.44985 -5.69383 5.57647 0.688583 0.639096 -0.233097 -0.251146 4506 4507 4508 4509 4387 4524 4525 4290 4293 4294 4295 4296 4297 4302 4303 4304 4305 4310 4311 4312 4313 4314 4315 4316 4317 4318 4319 4320 4321 4219 4221
410 11.766 -4.23888 4.75748 -0.743449 -0.163433 0.139239 0.633392 4609 4578 4611 4582 4625 4616 4617 4627 4620 4610 4621 4592 4593 4594 4595 4596 4597 4624 4626
378 9.51279 -4.36227 5.5189 0.628866 0.691032 -0.263572 -0.239861 4525 4507 4508 4509 4511 4385 4387 4395 4524 4397 4294 4295 4296 4297 4303 4304 4305 4310 4311 4312 4313 4314 4315 4316 4317 4318 4319 4320 4321 4219
407 9.98456 -2.70338 7.01177 0.959716 0.184622 -0.0400107 -0.207987 4608 4610 4613 4615 4617 4619 4397 4533 5438 4545 4562 4563 4564 4565 4570 4572 4575 4580 4581 4582 4583 4588 4589 5488 4593 4595 4597 4603 4606
386 8.97668 -3.62327 5.00658 0.636832 0.618105 -0.320978 -0.330702 4450 4395 4524 4525 4526 4305 4275 4511 4278 4311 4312 4313 4507 4532 4509 4318 4319
406 9.13081 -1.23126 6.23794 -0.428573 0.899534 -0.0764092 0.0364043 4610 4580 4613 4582 4583 4593 4595 4597 4603 4606 4575
408 9.13099 -0.284893 6.24326 -0.467827 0.880261 -0.069965 0.0371839 4608 5440 4581 4582 4583 4615 4588 5485 4590 4591 5486 4595 5438 4603 4604 5441 4606 5439
394 6.97061 -0.145464 6.21974 0.403401 0.909434 -0.0923073 -0.040945 5120 5124 5125 5127 4495 4501 4543 4544 4545 4554 4555 4556 4557 4562 4563 4565 5081 4570 4571 4572 5091 5093 5095 5097 5118
428 8.1048 0.724874 6.23877 -0.473401 0.87685 -0.0737521 0.0398179 5139 5140 5141 5147 5421 5422 5423 5424 5431 5432 5433 5438 5439 5448 5449 5450 4571 4572 4573 4581 4588 4589 4591
441 10.1245 0.689877 6.24453 -0.490933 0.86771 -0.0677804 0.0383488 4608 5440 4613 5441 4615 5485 5486 5488 5490 5495 5496 5497 5498 4604 5502 5509
438 9.07819 2.84312 6.22148 -0.409277 0.906965 -0.0907249 0.0409406 5518 5519 5521 5523 5526 5527 5149 5426 5432 5433 5448 5449 5451 5453 5457 5459 5469 5472 5473 5474 5476 5478 5479 5480
451 11.0944 2.67601 6.24142 -0.515074 0.853297 -0.0694627 0.0419296 5536 5592 5509 5542 5543 5544 5541 5583 5520 5521 5593 5496 5497 5498 5594 5533 5534 5535
456 11.5337 2.8242 5.8022 0.959273 0.00292109 -0.000860138 -0.282465 5659 5541 5542 5543 5544 5547 5592 5527 5528 5593 5658 5595
462 12.2769 3.18918 6.17792 -0.159087 0.978532 -0.129326 0.0210253 5536 5509 5606 5543 5605 5582 5583 5585 5587 5592 5594 5599 5533 5534 5535
471 14.129 2.71751 7.24277 -0.466997 0.880657 -0.0704446 0.0373556 5633 5635 5637 5639 5641 5643 5646 5648 5650 5652 5654 5667 5563 5569 5571 5573 5575 5577 5597 5601 5603 5608 6121 5611 5613 5615 5617 5619 5622 5625 5627 5629 5631
464 13.0368 3.63353 6.23102 0.573411 0.814176 -0.0745641 -0.0525142 5659 5605 5606 5543 5544 5547 5583 5587 5592 5593 5594 5595 5658 5599
472 14.1152 3.75923 7.23683 -0.443592 0.89212 -0.0767558 0.0381655 5633 5635 5637 5639 5643 5648 5650 5654 6151 5661 5664 5665 5667 5669 5671 5673 5675 5677 5577 5587 5597 5599 5601 5603 5605 5608 5610 5615 5625 5627 5629 5631
475 13.2326 4.88765 6.16292 0.482334 0.864689 -0.122471 -0.068316 5659 5606 5547 5661 5586 5656 5593 5594 5595 5660 5658
479 15.1354 4.82319 7.23218 -0.390221 0.916299 -0.0829281 0.0353164 5633 5635 5637 5639 6153 6154 5643 6157 6158 5648 5650 6163 5652 5654 6151 5664 5665 5667 5669 5671 5673 5675 5677 5679 6155 6160 5610 6123 5631
484 17.1315 3.70213 7.24445 -0.477744 0.875033 -0.0684282 0.0373599 6145 6146 6154 6159 6160 6164 6166 6179 6180 6181 6117 6118 6121 6125 6132 6133 6134 6135 6136 6137 6138 6139
486 18.953 4.12873 7.14685 -0.338652 0.928961 -0.140444 0.0511989 6145 6146 6147 6148 6149 6184
493 19.2885 4.64138 7.26555 -0.428914 0.901926 -0.0457103 0.0217377 6146 6179 6148 6149 6182 6184 6185 6186 6147 6181
492 18.172 5.89595 7.22666 -0.326238 0.940492 -0.0898466 0.031166 6180 6182 6183 6186 6187 6158 6159 6160 6162 6163 6164 6165 6166 6171 6172 6174
485 18.0905 3.77637 7.23147 -0.444398 0.891217 -0.0812425 0.0405109 6145 6146 6147 6148 6149 6182 6184 6185 6179 6134 6135 6136 6180 6138 6139 6181
487 16.1073 4.78024 7.23346 -0.433372 0.896816 -0.0800804 0.0386976 5639 6153 6154 6155 6157 5646 6159 6160 6162 6163 5652 6165 5654 6151 6171 5671 5675 5677 6125 6158 5648 6118 6121 6123 5650 6164
477 13.0942 4.90979 7.21419 -0.364851 0.925074 -0.0981081 0.0386941 5635 5656 5658 5659 5660 5661 5662 5664 5665 5667 5669 5543 5544 5673 5547 5583 5587 5592 5593 5594 5595 5599 5605 5606 5608 5610
473 15.1681 2.63829 7.2538 -0.514629 0.854773 -0.0576006 0.0346793 5637 5641 5643 5644 5646 6125 5648 5650 5652 5654 5671 5675 6117 6118 6121 6123 5613 5615 5617 5619 5620 6133 5622 5623 5625 5629 5631
463 12.1125 2.7986 7.23208 -0.418614 0.903671 -0.0818697 0.0379251 5633 5506 5509 5511 5513 5661 5659 5660 5533 5534 5535 5536 5543 5551 5557 5559 5561 5563 5573 5582 5583 5585 5587 5592 5593 5594 5595 5597 5599 5603 5605 5606 5608 5610 5497 5498
449 10.0514 3.96297 6.19875 -0.36105 0.925174 -0.109021 0.0425456 5473 5474 5544 5476 5541 5478 5479 5480 5542 5527 5518 5519 5521 5523 5547 5526 5463 5528 5469
445 11.1617 1.65517 6.25191 -0.502238 0.861929 -0.0600793 0.0350077 5536 5509 5511 5513 5486 5583 5490 5534 5559 5582 5497 5498 5500 5533 5502 5535
447 10.0815 2.70325 6.23731 -0.499676 0.862007 -0.0737574 0.0427546 5473 5474 5527 5541 5542 5479 5449 5450 5451 5528 5518 5519 5520 5521 5526 5495 5496 5498 5533 5534 5543
444 11.1528 0.731828 7.24453 -0.443037 0.893114 -0.0697696 0.0346098 4608 5504 5506 4613 5511 5513 4619 4621 4623 4625 4627 5509 4615 5549 5551 5555 5557 4617 5561 5563 5571 5559 5485 5486 5488 5490 5497 5500 5502
434 9.10163 1.81383 6.2287 -0.414781 0.905126 -0.084813 0.0388662 5518 5519 5520 5422 5423 5424 5431 5432 5433 5438 5439 5441 5448 5449 5450 5451 5469 5472 5473 5474 5495 5496 5498
423 7.10099 1.89583 6.21732 -0.368406 0.923947 -0.0956342 0.0381323 5120 5124 5125 5127 5129 5131 5133 5139 5141 5143 5145 5147 5149 5161 5165 5167 5426 5431 5433 5453 5455 5457 5459 5461 5103 5118
404 8.10479 -0.25074 6.2364 -0.455859 0.885874 -0.0765921 0.0394133 5440 5422 4580 4581 4583 4604 4588 4589 4590 4591 5424 5421 4563 4564 4565 4570 5423 4572 4573 5438 5439
400 7.85522 -1.46014 5.9948 -0.265095 0.939169 -0.210161 0.0593215 4321 4580 4582 4583 4593 4530 4531 4532 4533 4564 4575 4318 4319
398 7.08915 -0.188809 6.22721 -0.422835 0.901254 -0.0856567 0.0401869 4544 4545 5422 5139 5141 4588 4554 4556 4557 5421 4589 5423 4562 4563 5140 4565 4570 4571 4572 4573 4543
414 5.14029 0.951331 6.21377 -0.318902 0.941864 -0.100208 0.0339291 5120 5124 5127 5129 5131 5133 4495 4499 5143 5151 5077 5079 5081 5083 5091 5093 5095 5097 5099 4475 5103 5105 4467 4473 4859 4477 5118 4479
209 4.23905 1.49541 6.55576 0.59184 0.601829 -0.382322 -0.375976 4756 4757 4758 4759 4760 4761 4762 4763 4778 4779 4780 4781 4786 4787 4790 4791 4792 4793 4797 4800 4801 4802 4803 4806 4807 4051 4052 4824 4825 4826 4827 4828 4829 4833 4834 4081 4082
415 5.23365 1.97318 6.22066 -0.249186 0.963256 -0.0970236 0.0250992 5120 4865 5127 5129 5131 5133 5143 5145 5151 5153 5155 5157 5077 5079 5081 5083 5085 5086 5088 5091 5093 5097 5099 5101 5103 5105 5108 5110 5113 5114 4475
213 4.27393 2.51556 6.47772 0.584288 0.598393 -0.392238 -0.382993 4758 4759 4760 4761 4762 4763 4956 4780 4781 4957 4790 4791 4792 4793 4797 4800 4801 4802 4803 4932 4807 4809 4824 4825 4826 4827 4828 4829 4960 4833 4834 4835 4836 4839
416 5.34588 3.42788 6.11147 -0.0885707 0.981791 -0.167373 0.0150993 4864 4865 5129 5133 4881 4882 4755 5145 5149 5151 5153 5155 5157 5158 5159 5161 5163 5059 5085 5086 5088 5099 5101 5105 5106 5107 5108 5109 5110 5111 5113 5114 5115 5116
215 4.28053 3.55948 6.45918 0.578244 0.601673 -0.397289 -0.381819 4762 4763 4934 4956 4957 4792 4793 4800 4801 4802 4803 4932 4806 4807 4809 4939 4824 4825 4826 4827 4828 4829 4958 4959 4960 4833 4834 4835 4836 4965 4838 4839 4968 4964 4961
424 6.11563 3.04622 6.1926 -0.293453 0.948244 -0.115902 0.0358681 5127 5129 5133 5145 5151 5153 5155 5157 5158 5159 5161 5163 5165 5167 5169 5171 5455 5459 5461 5097 5099 5101 5103 5105 5106 5108 5110 5111 5113 5114 5116
219 4.291 4.49963 6.43849 0.583306 0.593871 -0.395337 -0.388304 5004 5005 5008 4931 4966 4934 4802 4803 4932 4806 4807 4808 4809 4939 4941 4964 4826 4827 4956 4957 4958 4959 4960 4833 4834 4835 4836 4965 4838 4839 4968 4969 4967 4977 4961
417 5.43608 5.31688 5.6276 -0.0221527 0.943728 -0.329889 0.00774369 4880 4882 4755 5152 5153 5156 5157 5158 5159 5167 5169 5170 5059 5066 4754 5106 5107 5108 5109 5111 5113 5114 5115 5116
225 4.26568 6.57926 6.49138 0.578224 0.606136 -0.395162 -0.376966 5004 5005 5006 5007 5008 5009 5012 5013 5014 5015 5016 5017 5234 4931 4933 4934 4938 4939 4940 4941 5203 4958 4959 4961 4964 4965 4966 4967 4968 4969 5230 5231 4976 4977 4978 4979 4987 4989
427 7.04962 5.9619 4.85106 -0.0812947 0.868953 -0.486049 0.0454721 5472 5153 5474 5157 5158 5159 5065 5066 5545 5168 5169 5170 5171 5460 5461 5465 5113 5116 5478
221 4.27952 5.49897 6.4656 0.585254 0.595755 -0.392386 -0.38547 5004 5005 5006 5007 5008 5009 5012 5013 5016 4959 4931 4932 4933 4934 4808 4809 4938 4939 4940 4941 4836 4956 4957 4958 4965 4960 4961 4835 4964 4966 4838 4967 4968 4969 4977 4979 4987
