0 -3.82386 -27.0882 6.34056 -0.723673 0.391029 -0.270338 0.500311 7 9 158 17 19 27 28 29 30 32 35 36 37 38 39 40 53 54 55 56 57 58 59 61 63 70 71 147
13 -3.59335 -21.7015 8.40102 0.676108 -0.629467 0.260945 -0.280281 267 269 142 271 144 146 148 150 152 155 156 158 159 160 165 167 270 195 198 199 200 201 202 207 208 209 210 211 212 213 214
3 -2.01624 -25.9911 7.41437 0.848576 -0.368093 0.151235 -0.348646 65 70 3149 3153 147 53 54 56 58 59 61 63
126 2.17216 -25.993 7.33046 0.83544 0.378984 -0.164423 -0.362458 3200 3202 3204 3205 3186 19 3188 3189 22 3191 3288 3289 3198
131 1.5888 -24.3155 8.97903 0.867164 0.444647 -0.102348 -0.199601 3329 3341 3342 3345 147 158 160 161 163 168 3272 61 63 65 70 71 72 73 3274 3275 3277 3278 3279 3281 3283 3291 3292 3293 3297 3299 3300 3301 3188 3326 3196 3197 3198 3199
143 1.43788 -19.5601 9.13825 0.702476 0.694801 -0.108439 -0.109637 3456 3330 3331 3332 3333 3334 3458 3354 3356 285 286 289 290 3399 3400 3401 3403 3404 3405 3406 3407 337 3415 3417 218 221 222 3427 3429 3327
145 4.28934 -19.6889 6.43519 0.602954 0.573431 -0.382225 -0.401904 3339 3340 3349 3350 3351 3352 3357 3358 3467 3443 3386 3387 3388 3395 3396 3397 3398 3468 3410 3411 3412 3413 3418 3419 3422 3423 3424 3425 3430 3431 3442 3315 3444 3323 3325
149 1.49862 -17.5594 9.1181 0.700778 0.694099 -0.115924 -0.117039 3456 3457 3458 3460 3461 3462 3463 3464 3472 3474 3484 286 289 290 3486 3400 3532 3530 3403 3404 3405 3406 3407 464 337 338 341 342 3427 3429
161 1.55652 -13.5425 9.09755 0.693682 0.698744 -0.124066 -0.123168 3586 3587 3588 3589 3590 3592 3593 524 525 529 3603 4628 3613 3615 1450 3531 3660 3533 3534 3535 3536 465 470 471 3557 3559 3537 3601
159 4.31549 -14.6677 6.37294 0.596117 0.571532 -0.390264 -0.407051 3596 3597 3598 3599 3604 3605 3609 3608 3481 3482 3517 3519 3527 3529 3540 3541 3542 3543 3548 3549 3552 3553 3554 3555 3560 3561 3572 3573 3574 3575 3583 3582 3455
171 4.31763 -10.5969 6.37279 0.588819 0.579025 -0.395404 -0.402092 3585 3725 3726 3727 3728 3733 3734 3737 3610 3611 3738 3645 3647 3655 3657 3668 3669 3670 3671 3676 3677 3680 3681 3682 3683 3688 3689 3701 3703 3710 3711
183 4.28958 -6.61905 6.4409 0.596079 0.581394 -0.386667 -0.396434 3840 3713 3842 3843 3844 3845 3846 3841 3864 3865 3866 3739 3740 3872 3873 3867 3876 3877 3847 3801 3803 3806 3807 3808 3820 3821 3822 3823 3828 3829 3832 3833 3834 3835
179 1.55904 -7.51378 9.0964 0.683854 0.70823 -0.126156 -0.121814 3715 3717 3718 3719 649 3722 652 653 3742 3744 1185 1186 1188 1189 1190 3721 3850 1222 1224 3853 3809 3810 3811 3812 3813 3814 3815 3817 3825 3827 3837 3839
191 1.62637 -3.5363 9.07092 0.690279 0.698938 -0.13311 -0.131461 1408 1409 3851 3855 3856 3857 3859 3861 1439 1442 3881 4010 3883 4012 4014 4015 4016 4018 4020 4028 4030 4040 1225 4042 1229 1230 4053 4056 4009 1402 1403
193 4.27872 -3.57239 6.46825 0.593105 0.588315 -0.38708 -0.390231 3845 3847 3848 3849 3866 3867 4001 4002 4003 3876 4005 3878 3879 4008 3884 3885 4023 4024 4025 4026 4031 4032 4035 4036 4037 4038 4043 4044 4045 4046 4004 3877 4067 4068 4006 4007
207 4.25483 0.487385 6.52187 0.590397 0.598544 -0.385483 -0.380236 4756 4757 4758 4759 4760 4761 4762 4763 4778 4779 4780 4781 4786 4787 4790 4791 4792 4793 4797 4800 4801 4047 4048 4049 4050 4051 4052 4824 4825 4069 4070 4079 4080 4081 4082 4087 4088
219 4.291 4.49963 6.43849 0.583306 0.593871 -0.395337 -0.388304 5004 5005 5008 4931 4966 4934 4802 4803 4932 4806 4807 4808 4809 4939 4941 4964 4826 4827 4956 4957 4958 4959 4960 4833 4834 4835 4836 4965 4838 4839 4968 4969 4967 4977 4961
233 4.26421 9.49687 6.50067 0.5879 0.59805 -0.38845 -0.381858 5250 5251 5253 5261 5014 5015 5017 5278 5279 5280 5281 5282 5283 5286 5287 5290 5202 5203 5204 5205 5212 5213 5214 5215 5230 5231 5232 5233 5234 5235 5238 5239 5240 5241 5242 5243 4988 4989
248 4.26531 14.517 6.49725 0.585467 0.599959 -0.390221 -0.380796 5376 5383 5384 5386 5401 5402 5403 5404 5405 5407 5411 5412 5413 5414 5415 5416 5700 5323 5324 5331 5332 5333 5334 5728 5729 5732 5351 5352 5354 5357 5358 5359 5360 5361 5362 5373 5374 5375
242 1.62225 13.4355 9.07254 0.699272 0.690137 -0.130907 -0.13264 5387 5388 5390 5392 5393 5396 5271 5275 5406 5408 5361 5291 2490 2491 2496 2497 5335 5336 5338 5340 5341 5342 5344 5346 5353 5354 2539 2540 2545 5363 2425 2427
123 -3.59872 14.4687 8.40098 -0.65031 0.65608 -0.271985 0.269593 2604 2607 2471 2473 2474 2476 2477 2479 2608 2481 2482 2483 2484 2485 2486 2487 2489 2618 2492 2493 2494 2495 2520 2522 2525 2526 2528 2530 2532 2533 2534 2536 2538 2542 2543 2544 2602
106 -4.20228 9.45101 6.53338 -0.595176 0.595407 -0.381687 0.381539 2338 2339 2340 2341 2348 2349 2350 2351 2352 2353 2354 2355 2358 2359 2360 2361 2362 2363 2366 2367 2386 2387 2388 2389 2396 2397 2400 2401 2402 2403 2406 2278 2279 2408 2409 2407 2414 2290 2291 2295
92 -4.23413 4.45482 6.46159 -0.589723 0.590766 -0.389716 0.389029 2222 2223 2224 2225 2229 2230 2231 2232 2233 2234 2235 2236 2239 2240 2241 2242 2243 2244 2247 2248 2125 2126 2129 2130 2131 2132 2135 2136 2266 2267 2140 2141 2142 2143 2144 2147 2148 2280 2281 2286
74 -4.23178 -0.542885 6.46704 -0.589862 0.591396 -0.389294 0.388284 1410 1411 1412 1413 1414 1415 1416 1417 1418 1419 1420 1421 1424 1425 1429 1430 1431 1432 1435 1437 2086 2087 2088 2089 2090 2091 2094 2095 2096 2097 2100 2101 2102 2103 2108 1372 1373 1388 1389
63 -3.58998 -4.53924 8.40975 -0.652087 0.655429 -0.270127 0.268749 1178 1179 1181 1182 1204 1205 1206 1207 1208 1209 1216 1217 1218 1219 1220 1221 1380 1381 1382 1383 1384 1385 1392 1394 1395 1396
53 -1.5298 -8.55229 9.08983 0.696497 -0.695013 0.126057 -0.126326 3714 643 645 646 647 648 649 650 651 652 653 1170 3715 1172 1183 1184 1185 1186 1187 1189 3719 3718 3663 599 601 3809 3810 3813 633 635
50 -4.26687 -8.55135 6.38198 0.584735 -0.584461 0.397707 -0.397894 640 641 1154 1156 1159 1163 1164 1165 1166 1167 1168 1173 1174 566 585 586 609 611 619 621 626 627 628 629 630 631 636 637 638 639
38 -4.24915 -12.5477 6.42586 -0.58747 0.587964 -0.393343 0.393012 514 515 554 556 434 564 571 572 573 574 577 578 452 453 583 584 479 481 489 491 496 497 498 499 502 503 508 509 510 511
79 -3.20432 -12.3342 8.25182 0.649862 -0.489383 0.349829 -0.464546 1450 1451 582 591
33 -3.55966 -14.5576 8.43945 0.656844 -0.654454 0.264324 -0.265289 514 516 517 518 444 330 447 448 449 331 456 457 458 459 460 333 334 461 445 502 503 504 505 507
20 -4.25725 -18.5507 6.40605 0.586384 -0.586238 0.395222 -0.395321 256 258 263 264 265 266 267 268 273 274 275 276 277 278 298 300 308 315 316 189 318 319 320 325 326 205 206 317 246 248
29 -1.53872 -16.551 9.08647 0.69587 -0.695238 0.127238 -0.127354 3456 3457 342 3462 3534 3461 288 290 462 447 449 322 324 3530 3531 332 3405 334 335 464 465 338 467 340 341 470 463 336 337 339
41 -1.55085 -12.5453 9.08185 -0.693749 0.696802 -0.129084 0.128518 3586 3587 517 3590 519 521 523 524 525 527 528 529 4628 4629 1450 1451 580 582 3662 3535 594 595 469 598 471 600 505 507 597
204 -2.45922 -11.6752 7.57432 0.534751 -0.512779 0.464857 -0.484776 1450 1451
39 -3.5631 -12.5453 8.43613 -0.654686 0.656192 -0.265633 0.265024 514 515 516 517 518 519 577 578 579 580 582 457 458 588 461 590 591 592 502 503 505 506 507 460
