0 2.46242 -29.6568 2.23271 0 0 0.902578 0.430527 -0.385895 0 1 3 4 5 6 7 169 170 186 243
1 2.13588 -29.5564 6.01712 0 0 0.888229 0.459401 0.584461 0 2 4 5 6 21 60 169 173 190
2 0.725578 -26.9297 0.633042 0 0 0.823134 0.567846 -1.35095 1 7 8 10 12 14 169 170 174 176
3 1.02 -24.6644 0.617079 0 0 0.943069 -0.332598 -1.39704 3 7 8 9 10 11 27 28 29 170 174 176
4 2.09439 -26.9947 6.56463 0 0 0.913555 0.406716 0.824562 18 21 60 65 173 189 190 238 243
5 1.41572 -24.2821 0.675736 0 0 0.997545 0.0700265 -1.25915 8 9 10 11 27 28 29 30 31 32 33 34 193 195
6 1.36505 -23.0093 0.66013 0 0 0.997516 -0.070437 -1.28929 27 28 29 30 31 32 33 34 39 40 41 42 182 184
7 1.86084 -24.1909 0.526218 0 0 0.999857 0.0168809 -1.23826 8 9 10 11 27 28 29 30 31 32 33 34 174 176 182 184 193 195
8 2.75657 -23.1606 5.70431 0 0 0.999992 0.00387442 0.895962 248 250
9 1.07168 -21.7322 0.617522 0 0 0.960152 -0.279479 -1.3956 31 32 33 34 39 40 41 42 43 44 45 193 195 197 198 203 205
10 1.26814 -20.9018 0.640799 0 0 0.99032 -0.138805 -1.3317 39 40 41 42 43 44 45 46 51 52 53 54 203 205 213
11 2.46639 -22.1881 0.814488 0 0 0.999937 0.0111836 -1.01433 31 33 34 39 40 41 42 43 44 45 46 193 195 203 205 213 214
12 2.58672 -21.1596 0.893098 0 0 0.999992 0.00396207 -0.966541 40 41 42 43 44 45 46 51 53 54 203 205 213 214 221 222
13 1.33557 -20.1464 0.649367 0 0 0.999998 0.00212628 -1.31207 43 44 45 46 51 52 53 54 55 56 57 58
14 1.38937 -19.1515 0.664527 0 0 0.999989 0.0046583 -1.28049 51 52 53 54 55 56 57 58 97 98 99 100
15 3.1607 -20.1905 5.31307 0 0 0.999961 0.00878327 0.70811 219 220 225 226 227 228 233 234
16 1.724 -28.6994 7.14653 0 0 0.852206 0.523206 0.637122 18 19 21 23 60 62 65 68 173 190 238 243
17 0.648246 -23.7226 9.19686 0 0 -0.759696 0.650278 1.23758 62 65 67 68 70 72 238 240 243
18 2.24799 -25.4767 7.76036 0 0 0.950455 0.310861 0.926454 60 62 65 67 68 70 72 73 74 76 238 240 245 249 252
19 1.4716 -25.3893 9.12386 0 0 0.906192 0.422867 1.16977 62 67 68 70 71 72 73 75 76 78 82 240 243 245 249 251 252 253 256 258 259 262
20 1.68024 -24.044 9.15747 0 0 0.951808 0.306694 1.19953 68 70 71 72 73 75 76 78 79 80 82 84 85 87 88 245 251 252 253 256 258 259 260 265 266 267
21 1.73393 -22.6527 9.20828 0 0 0.982744 0.18497 1.24942 73 75 76 78 79 80 82 84 85 86 87 88 89 90 91 253 258 259 260 265 266 267 268 273
22 1.66582 -21.2948 9.25522 0 0 0.998131 0.0611128 1.30335 75 78 79 80 82 84 85 86 87 88 89 90 91 92 93 95 253 259 260 265 266 273 274 276 281 284
23 1.55072 -20.1568 9.28645 0 0 0.99998 0.00638209 1.34609 80 84 85 86 87 88 89 90 91 92 93 94 95 96 132 134 260 265 266 273 274 281 283
24 1.64975 -19.1537 9.26205 0 0 0.999989 0.00458617 1.3121 86 88 89 90 91 92 93 94 95 96 132 133 134 135 136 138 266 273 274 281 283 375 376 383
25 1.40899 -18.1491 0.670506 0 0 0.999994 0.00335464 -1.26893 55 56 57 58 97 98 99 100 101 102 103 104
26 1.42567 -17.1504 0.675793 0 0 0.999992 0.00397786 -1.25904 97 98 99 100 101 102 103 104 105 106 107 108
27 1.52232 -16.1556 0.500547 0 0 0.999982 0.0059917 -1.23959 101 102 103 104 105 106 107 108 109 110 111 112
28 1.44211 -15.1498 0.681179 0 0 0.999994 0.00357708 -1.24928 105 106 107 108 109 110 111 112 113 114 115 116
29 1.52931 -14.1515 0.502953 0 0 0.999992 0.0040783 -1.23585 109 110 111 112 113 114 115 116 117 118 119 120
30 1.54089 -13.1533 0.507028 0 0 0.999988 0.00483294 -1.22961 113 114 115 116 117 118 119 120 121 122 123 124
31 1.60684 -12.1578 0.5318 0 0 0.999979 0.00646369 -1.1938 117 118 119 120 121 122 123 124 125 126 127 128
32 1.55437 -11.1512 0.511865 0 0 0.999993 0.00385402 -1.22234 121 122 123 124 125 126 127 128 129 130 131
33 1.59824 -10.1561 0.528415 0 0 0.999983 0.00582593 -1.1985 125 126 127 128 129 130 131
34 1.58147 -18.1588 9.27924 0 0 0.999975 0.0070642 1.33555 90 92 93 94 95 96 132 133 134 135 136 137 138 139 140 142 274 283 375 376 383 384 391
35 1.71735 -17.1196 9.24327 0 0 0.999961 -0.00885137 1.28866 94 96 132 133 134 135 136 137 138 139 140 141 142 143 144 146 375 376 383 384 391 392 399
36 1.67809 -16.1492 9.25441 0 0 0.999996 0.00267329 1.30233 133 135 136 137 138 139 140 141 142 143 144 145 146 147 148 150 376 383 384 391 392 399 400 407
37 1.69669 -15.1305 9.24922 0 0 0.999989 -0.00471667 1.29588 137 139 140 141 142 143 144 145 146 147 148 149 150 151 152 154 384 391 392 399 400 407 408 415
38 1.70095 -14.1345 9.24802 0 0 0.999995 -0.00311954 1.29441 141 143 144 145 146 147 148 149 150 151 152 153 154 155 156 158 392 399 400 407 408 415 416 423
39 1.79163 -13.1654 9.22069 0 0 0.999965 0.00839225 1.26279 145 147 148 149 150 151 152 153 154 155 156 158 159 162 164 400 407 408 415 416 423 424 431
40 1.89527 -12.139 9.18569 0 0 0.999999 -0.00120159 1.22638 149 151 152 153 154 155 156 158 159 160 161 162 163 164 165 167 408 415 416 423 424 431 432 439
41 1.79466 -11.1396 9.21979 0 0 0.999999 -0.00105688 1.2618 153 155 156 158 159 160 161 162 163 164 165 166 167 168 416 423 424 431 432 439 440
42 3.82904 -11.7002 6.97793 0 0 0.997912 -0.0645895 -0.128332 151 154 155 158 159 162 163 164
43 1.77518 -10.1437 9.22593 0 0 1 0.000430944 1.2686 159 160 161 162 163 165 166 167 168 424 431 432 439 440
44 4.61689 -27.2858 2.73248 0 0 0.985234 0.17121 -0.211367 0 3 4 6 10 11 14 29 30 33 34 169 170 171 172 173 174 175 176 177 178 179 181 182 184 186 190 193
45 4.47352 -27.5068 5.19263 0 0 0.977928 0.208943 0.280587 0 3 4 6 21 169 170 171 172 173 174 175 176 177 178 179 180 181 182 186 188 189 190 237 239 243
46 4.66479 -25.8106 2.42712 0 0 0.994829 0.10156 -0.316861 3 4 6 10 11 14 29 30 33 34 41 169 170 171 172 173 174 175 176 177 178 179 182 184 186 187 189 190 191 192 193 195 197 199 200 201 202
47 4.57704 -26.2821 5.1505 0 0 0.984979 0.172676 0.266003 3 4 6 21 169 170 171 172 173 174 175 176 178 179 181 186 187 189 190 191 192 199 200 237 243 244 248
48 4.5937 -24.6662 2.17296 0 0 0.996646 0.0818384 -0.407487 10 11 29 30 33 34 41 42 170 171 172 173 174 175 176 177 178 179 182 184 186 187 189 191 192 193 195 197 198 199 200 201 202 203 205 207 209 210 211 212
49 4.75512 -25.0101 4.67127 0 0 0.991884 0.127149 0.103317 171 172 173 175 177 178 179 181 186 187 189 190 191 192 197 198 199 200 201 202 207 208 209 210 211 237 243 244 248 250 255
50 4.76631 -23.8337 3.88091 0 0 0.994798 0.101869 0.173887 29 34 41 46 54 176 182 184 186 187 189 191 193 195 197 198 199 201 203 205 207 208 209 211 213 214 215 217
51 4.8502 -23.5195 4.10017 0 0 0.998496 0.0548168 -0.087345 186 187 189 190 191 192 197 198 199 200 201 202 207 208 209 210 211 212 214 215 217 218 243 244 248 250 255 257 261
52 1.76151 -22.6832 6.35645 0 0 0.873673 0.486514 1.51066 256 258
53 4.85397 -22.3384 3.9929 0 0 0.999592 0.0285472 -0.123303 191 192 197 198 199 200 201 202 207 208 209 210 211 212 215 216 217 218 219 220 223 225 226 244 248 250 255 257 261 263 269
54 4.01834 -21.0841 1.256 0 0 0.999937 -0.0112674 -0.778143 34 41 42 45 46 53 54 57 194 195 196 198 203 204 205 206 207 208 213 214 215 216 221 222 223 224 229 231
55 4.84987 -21.1725 3.92256 0 0 0.99999 0.00438414 -0.146967 198 201 202 207 208 209 210 211 212 215 216 217 218 219 220 223 224 225 226 227 228 231 233 234 250 255 257 261 263 269 271 277
56 4.19888 -20.0687 1.45686 0 0 0.999911 -0.0133025 -0.688014 42 45 46 53 54 57 58 99 205 208 213 214 215 216 221 222 223 224 229 230 231 232 286 288
57 4.85097 -20.1506 3.92922 0 0 0.999999 0.00118197 -0.144723 208 211 212 215 216 217 218 219 220 223 224 225 226 227 228 231 232 233 234 235 236 257 261 263 269 271 277 279 288 290 291 371
58 4.14799 -19.1501 1.39546 0 0 0.999999 0.0014031 -0.714808 46 53 54 57 58 99 100 103 214 216 221 222 223 224 229 230 231 232 286 287 288 289 294 296
59 4.85063 -19.1399 3.92687 0 0 1 -0.000380908 -0.145515 216 219 220 223 224 225 226 227 228 231 232 233 234 235 236 263 269 271 277 279 288 289 290 291 292 293 296 298 299 371 373 379
60 4.23294 -26.7924 6.43979 0 0 0.964899 0.26262 0.367525 21 65 68 72 172 173 178 179 181 189 190 237 238 240 242 243 245
61 4.33063 -25.1565 6.82284 0 0 0.985927 0.167176 0.508638 65 68 72 172 173 178 179 180 181 190 192 200 202 210 237 238 240 243 244 245 248 249 250 251 252 253 255 256 259 260
62 4.21777 -24.7489 8.16117 0 0 0.994285 0.106754 0.643206 6 21 64 65 67 68 69 72 78 82 84 87 173 237 238 239 240 242 243 245 246 247 249 251 252 253 254 256 259
63 4.57197 -23.6006 6.62134 0 0 0.997386 0.072257 0.43325 68 72 178 190 192 199 200 202 209 210 211 212 217 218 219 220 237 238 240 243 244 245 248 249 250 251 252 253 255 256 257 258 259 260 261 262 267
64 3.76707 -23.7342 8.63448 0 0 0.992344 0.123502 0.859531 62 65 67 68 69 70 72 73 76 77 78 81 82 83 84 87 88 91 173 238 240 243 245 249 251 252 253 256 258 259 260 265 267 268
65 4.64407 -22.4069 6.50766 0 0 0.99916 0.0409824 0.391883 192 200 202 210 211 212 217 218 219 220 225 226 227 244 245 248 249 250 251 252 253 255 256 257 258 259 260 261 262 263 264 267 268 269 270
66 3.90713 -22.4676 8.55592 0 0 0.997878 0.0651182 0.820298 72 76 77 78 81 82 84 87 88 91 92 240 245 249 251 252 253 256 258 259 260 265 266 267 268 273 274 275
67 4.69598 -21.228 6.39973 0 0 0.999914 0.0130778 0.353252 202 210 212 218 220 226 228 233 234 250 251 253 255 256 257 258 259 260 261 262 263 264 267 268 269 270 271 272 275 276 277 278
68 3.87038 -21.254 8.60633 0 0 0.99974 0.0227976 0.845271 76 77 78 82 84 87 88 91 92 95 249 251 253 256 258 259 260 265 266 267 268 273 274 275 276 281 282 284
69 4.68553 -20.1476 6.43057 0 0 1 0.000790099 0.364231 212 218 220 226 228 234 236 257 258 261 262 263 264 267 268 269 270 271 272 275 276 277 278 279 280 284 285 291 371 372
70 3.90841 -20.1615 8.57429 0 0 0.999993 0.00383092 0.829318 84 87 88 91 92 95 134 135 256 258 259 260 265 266 267 268 273 274 275 276 281 283 284 285 375 376 377
71 4.68579 -19.1387 6.42989 0 0 1 -0.000581164 0.36399 220 226 228 234 236 263 264 269 270 271 272 275 276 277 278 279 280 284 285 291 293 299 371 372 373 374 377 378 379 380
72 3.74967 -19.1577 8.70983 0 0 0.999995 0.003275 0.898916 88 91 92 95 134 135 138 265 266 268 273 274 275 276 281 283 284 285 375 376 377 378 383 384 385
73 4.15829 -18.148 1.40739 0 0 0.999999 0.00100627 -0.709553 54 57 58 99 100 103 104 222 224 229 230 231 232 286 287 288 289 294 295 296 297 302 306 308
74 4.85133 -18.1431 3.93167 0 0 1 8.23012e-05 -0.143897 224 227 228 231 232 233 234 235 236 271 277 279 288 289 290 291 292 293 296 297 298 299 300 301 308 310 311 371 373 379 381 387
75 4.15989 -17.147 1.40925 0 0 1 0.000824452 -0.708736 58 99 100 103 104 230 232 286 287 288 289 294 295 296 297 302 303 304 306 307 308 309 314 316
76 4.85232 -17.1483 3.93859 0 0 1 0.000842299 -0.141568 232 235 236 279 288 289 290 291 292 293 296 297 298 299 300 301 308 309 310 311 312 313 316 318 319 371 373 379 381 387 389 395
77 3.87881 -15.1449 4.6011 0 0 1 0.000482595 0.842648 302 303 304 305 308 309 316 317 322 323 324 328 329
78 4.21802 -16.1471 1.47916 0 0 1 0.000817748 -0.678428 100 103 104 287 289 294 295 296 297 302 303 304 305 306 307 308 309 314 315 316 317 322 326 328
79 4.85224 -16.1415 3.93796 0 0 1 -0.000145703 -0.14178 289 292 293 296 297 298 299 300 301 308 309 310 311 312 313 316 317 318 319 320 321 328 330 331 373 379 381 387 389 395 397 403
80 4.21165 -15.1484 1.4713 0 0 0.999999 0.00106839 -0.6818 295 297 302 303 304 305 306 307 308 309 314 315 316 317 322 323 324 326 327 328 329 334 336
81 4.85293 -15.1434 3.94282 0 0 1 0.000125808 -0.140143 297 300 301 308 309 310 311 312 313 316 317 318 319 320 321 328 329 330 331 332 333 336 338 339 381 387 389 395 397 403 405 411
82 2.40217 -14.1566 0.668421 0 0 0.999974 0.00721134 -1.27291 111 112 115 116 119 120 304 305 309 316 317 322 323 324 325 328 329 336 337 348
83 4.80702 -13.1484 3.02988 0 0 1 0.000869082 0.22455 305 315 322 323 324 325 326 327 334 335 342 343 344 346 347 354
84 4.22098 -14.1514 1.48286 0 0 0.999999 0.00159623 -0.676847 303 304 305 307 309 314 315 316 317 322 323 324 325 326 327 328 329 334 335 336 337 342 346 348
85 4.85173 -14.153 3.93455 0 0 0.999999 0.00153578 -0.142926 309 312 313 316 317 318 319 320 321 328 329 330 331 332 333 336 337 338 339 340 341 348 350 351 389 395 397 403 405 411 413 419
86 4.22469 -13.1516 1.48748 0 0 0.999999 0.00162262 -0.674872 305 315 317 322 323 324 325 326 327 328 329 334 335 336 337 342 343 344 346 347 348 349 354 356
87 4.85263 -13.1385 3.9407 0 0 1 -0.00058624 -0.140857 317 320 321 328 329 330 331 332 333 336 337 338 339 340 341 348 349 350 351 352 353 356 358 359 397 403 405 411 413 419 421 427
88 3.60817 -12.1471 0.651203 0 0 0.999999 0.00105241 -0.780985 323 324 325 329 336 337 342 343 344 345 348 349 356 357 362 365
89 2.77074 -11.1503 0.605484 0 0 0.999996 0.00290118 -1.1025 122 123 124 125 126 127 128 129 130 131 337 342 343 344 345 348 349 356 357 362 365 366
90 4.22854 -12.1471 1.49229 0 0 1 0.000821584 -0.672821 323 324 325 327 329 334 335 336 337 342 343 344 345 346 347 348 349 354 355 356 357 362 363 365
91 4.85475 -12.1493 3.956 0 0 1 0.000997624 -0.135707 329 332 333 336 337 338 339 340 341 348 349 350 351 352 353 356 357 358 359 360 361 365 367 368 405 411 413 419 421 427 429 435
92 4.23134 -11.148 1.49581 0 0 1 0.000988596 -0.671322 325 335 337 342 343 344 345 346 347 348 349 354 355 356 357 362 363 364 365 366
93 4.85485 -11.1443 3.95668 0 0 1 0.000258099 -0.13548 337 340 341 348 349 350 351 352 353 356 357 358 359 360 361 365 366 367 368 369 370 413 419 421 427 429 435 437
94 2.76052 -10.1532 0.60036 0 0 0.999992 0.00402707 -1.1083 126 127 128 129 130 131 344 345 349 356 357 362 365 366
95 4.23434 -10.1529 1.49961 0 0 0.999998 0.00185542 -0.669703 343 344 345 347 349 354 355 356 357 362 363 364 365 366
96 4.85474 -10.1411 3.95584 0 0 1 -0.000201005 -0.13576 349 352 353 356 357 358 359 360 361 365 366 367 368 369 370 421 427 429 435 437
97 4.70799 -18.1447 6.3697 0 0 1 0.000339131 0.342604 228 234 236 271 272 277 278 279 280 284 285 291 293 299 301 311 371 372 373 374 377 378 379 380 381 382 385 386 387 388
98 3.72987 -18.1614 8.72542 0 0 0.999992 0.00411009 0.907306 92 95 96 134 135 138 139 142 273 274 276 281 283 284 285 375 376 377 378 383 384 385 386 391 392 393
99 4.6993 -17.1366 6.39373 0 0 1 -0.000893504 0.351123 236 279 280 291 293 299 301 311 313 319 371 372 373 374 377 378 379 380 381 382 385 386 387 388 389 390 393 394 395 396
100 3.79059 -17.1407 8.67674 0 0 1 -0.000372086 0.881385 134 135 138 139 142 143 146 281 283 285 375 376 377 378 383 384 385 386 391 392 393 394 399 400 401
101 4.66447 -16.1419 6.48425 0 0 1 -8.52402e-05 0.383455 293 299 301 311 313 319 321 331 373 374 379 380 381 382 385 386 387 388 389 390 393 394 395 396 397 398 401 402 403 404
102 3.84409 -16.1429 8.63158 0 0 1 7.78836e-05 0.858049 135 138 139 142 143 146 147 150 375 376 378 383 384 385 386 391 392 393 394 399 400 401 402 407 408 409
103 4.66807 -15.1479 6.47528 0 0 1 0.000826556 0.380232 301 311 313 319 321 331 333 339 381 382 387 388 389 390 393 394 395 396 397 398 401 402 403 404 405 406 409 410 411 412
104 3.83177 -15.1528 8.64214 0 0 0.999998 0.00215009 0.863451 139 142 143 146 147 150 151 154 383 384 386 391 392 393 394 399 400 401 402 407 408 409 410 415 416 417
105 4.6778 -14.1379 6.45063 0 0 1 -0.000705944 0.371399 313 319 321 331 333 339 341 351 389 390 395 396 397 398 401 402 403 404 405 406 409 410 411 412 413 414 417 418 419 420
106 3.86442 -14.1454 8.61384 0 0 1 0.000594677 0.849055 143 146 147 150 151 154 155 158 391 392 394 399 400 401 402 407 408 409 410 415 416 417 418 423 424 425
107 4.68931 -13.1481 6.42059 0 0 1 0.000866125 0.360675 321 331 333 339 341 351 353 359 397 398 403 404 405 406 409 410 411 412 413 414 417 418 419 420 421 422 425 426 427 428
108 3.86609 -13.1556 8.61234 0 0 0.999996 0.00269574 0.848296 147 150 151 154 155 158 159 162 399 400 402 407 408 409 410 415 416 417 418 423 424 425 426 431 432 433
109 4.69168 -12.14 6.4143 0 0 1 -0.000382553 0.358436 333 339 341 351 353 359 361 368 405 406 411 412 413 414 417 418 419 420 421 422 425 426 427 428 429 430 433 434 435 436
110 3.85371 -12.1396 8.62323 0 0 1 -0.000592115 0.853801 151 154 155 158 159 162 163 167 407 408 410 415 416 417 418 423 424 425 426 431 432 433 434 439 440 441
111 4.71721 -11.1474 6.34346 0 0 1 0.000741771 0.333333 341 351 353 359 361 368 370 413 414 419 420 421 422 425 426 427 428 429 430 433 434 435 436 437 438 441
112 3.84001 -11.1276 8.63505 0 0 0.999995 -0.00307712 0.859821 155 158 159 162 163 167 168 415 416 418 423 424 425 426 431 432 433 434 439 440 441
113 4.69358 -10.1359 6.4092 0 0 0.999999 -0.00100446 0.356619 353 359 361 368 370 421 422 427 428 429 430 433 434 435 436 437 438 441
114 3.83199 -10.1407 8.64198 0 0 1 -0.000378672 0.863365 159 162 163 167 168 423 424 426 431 432 433 434 439 440 441
