0 -0.31431 -25.8021 1.57694 -0.0963966 0.0225463 -0.226626 0.968938 0 1 2 3 6 8 53 55 57 59 62 64 65 68 70 72 165 166 167 168 196 197 198 200 213 217
1 -0.430346 -25.1295 1.60234 -0.106771 -0.105357 0.694432 0.70375 3 4 5 11 49 53 55 57 59 68 70 72 74 76 138
2 -1.04718 -24.687 1.612 -0.127442 0.105308 -0.628226 0.760264 3 4 5 6 7 8 9 10 11 41 55 59 68 70 74 76 82 83 86 87 90 120 138 139 142
3 -0.321675 -25.1743 1.56303 -0.0455539 0.0277849 -0.519977 0.852512 0 1 2 3 4 5 6 7 8 9 10 11 12 13 72 165 166 167 168 169
4 -0.409504 -24.6867 1.57605 -0.0785038 0.0565026 -0.581429 0.807828 5 6 7 8 9 10 11 12 13 82 83 86 87 88 89 92 139 168 169 170 171 172 173 241
5 -1.35582 -27.1112 2.45019 -0.397796 0.19541 -0.395239 0.804586 14 15 16 19 21 22 25 27 45 47 53 61
6 -1.44619 -27.1448 3.0958 -0.461967 0.236259 -0.389238 0.761093 16 17 21
7 -0.465132 -27.686 2.26415 -0.315102 0.0641835 -0.188991 0.927833 14 15 16 17 19 20 22 24 27 28 45 178 179 180 184 187
8 -0.625812 -27.8204 2.95898 -0.433008 0.115446 -0.230299 0.863793 17 21 22
9 -0.542277 -27.0779 2.22315 -0.274699 0.0862901 -0.286996 0.913634 14 15 16 20 24 25 27 29 47 61 63 178 179 183 185
10 -0.86416 -27.2015 3.04531 -0.45144 0.200474 -0.352889 0.794658 14 17 19 21 24 31
11 -2.01476 -25.8318 2.47702 -0.362628 0.279902 -0.543142 0.703671 32 33 35 36 37 40 45 46 47 49 51 53 55 68 70 74
12 -2.07642 -25.8648 3.08713 -0.410324 0.310697 -0.517573 0.683535 34 35 38 39 43 51
13 -1.96209 -25.2339 2.38817 -0.307853 0.265787 -0.597007 0.691496 32 33 36 37 38 40 41 42 53 55 68 70 74 76 119
14 -2.04057 -25.2525 2.99002 -0.35335 0.302467 -0.575666 0.672507 34 35 38 39 43
15 -1.98178 -24.8237 2.4321 -0.342754 0.264388 -0.550581 0.713778 36 37 38 39 40 41 42 44 68 70 74 76 119 120 121 123
16 -2.03429 -24.7329 2.97713 -0.344641 0.301859 -0.585657 0.668662 38 39 42 43
17 -1.3455 -26.406 2.32338 -0.306561 0.197596 -0.504448 0.782629 14 15 24 25 32 45 46 47 48 49 50 53
18 -1.53826 -26.4613 3.07883 -0.424537 0.283749 -0.477775 0.714833 16 45 51
19 -1.33404 -25.8229 2.28762 -0.274539 0.199428 -0.552846 0.761064 33 36 45 46 49 53 55 68 72
20 -0.418179 -26.3825 2.11002 -0.154063 0.051046 -0.310347 0.936666 29 47 49 57 61 62 63 64 65 185 196 197 198
21 -0.449126 -25.8171 2.10133 -0.134835 0.0617882 -0.411985 0.899038 0 1 6 59 62 64 65 72 197
22 -1.30372 -25.2332 2.24757 -0.237254 0.197053 -0.607777 0.73177 40 55 59 68 70 72 73 74 78 79
23 0.177747 -24.2384 2.83555 -0.132459 -0.609559 0.763771 0.16597 18 60 69 71 73 78 81
24 -1.05902 -24.165 1.61491 -0.126857 0.112682 -0.654473 0.7368 4 5 10 11 12 13 70 74 76 82 83 84 85 86 87 90 91 99 120 122 124 138 139 142 143 146
25 -1.07947 -23.6571 1.62207 -0.132776 0.121407 -0.663793 0.725955 76 82 83 84 85 86 87 88 89 90 91 94 95 99 100 103 128 130 138 139 142 143 146 147 150
26 -0.420134 -24.1661 1.57702 -0.0770261 0.0625178 -0.627084 0.772609 10 11 12 13 83 84 85 86 87 88 89 90 91 92 93 172 173 174 241 242 245 246
27 -0.402294 -23.6521 1.57319 -0.0675134 0.0580511 -0.649382 0.755231 85 86 87 88 89 90 91 92 93 94 95 99 100 101 102 241 242 245 246 253 254
28 -1.09231 -23.1375 1.62656 -0.133696 0.129368 -0.683241 0.706095 84 85 89 90 91 94 95 97 99 100 103 136 139 142 143 146 147 150
29 -0.40244 -23.1334 1.57289 -0.0637422 0.0609441 -0.688372 0.719977 90 91 92 93 94 95 97 98 99 100 101 102 103 104 105 106 245 246 253 254 257 258
30 -1.88304 -24.0393 2.30761 -0.233273 0.265938 -0.703158 0.61679 40 41 42 70 74 75 76 119 120 122 123
31 -1.88999 -23.6171 2.30882 -0.249142 0.252327 -0.665345 0.656944 119 120 122 124 126 127 128 130 131
32 -1.89913 -23.153 2.31748 -0.260176 0.249759 -0.645911 0.672851 122 123 124 125 126 127 128 130 131 132 133 134 136
33 0.35487 -25.7956 1.57531 -0.0924276 -0.0210684 0.221243 0.9706 0 1 2 55 57 61 62 63 64 165 166 167 168 170 197 200 202 213 215 216 217 222 223 224 226 230
34 0.453157 -25.1715 1.57476 -0.0737063 -0.0572596 0.610811 0.786256 1 2 8 9 12 165 166 167 168 169 170 171 172 173 174 175 176 177 200 222 223
35 0.43834 -24.6922 1.57334 -0.0741434 -0.0500498 0.557253 0.82551 7 8 9 12 13 88 168 169 170 171 172 173 174 175 177 241 242 243 244 245 249 250 283
36 1.09607 -24.6959 1.61356 -0.13057 -0.105175 0.618427 0.767749 168 169 170 171 174 175 176 177 215 217 222 223 224 226 230 232 240 243 244 247 249 250 281 283 286 296 297
37 0.487256 -27.7026 2.26926 -0.320391 -0.0575356 0.167125 0.93065 19 20 22 27 178 179 180 183 184 187 191 193 195 208
38 0.695989 -27.8034 2.95593 -0.429174 -0.122906 0.246354 0.86024 180 182 193
39 0.575737 -27.099 2.23017 -0.282166 -0.0824762 0.268161 0.917426 19 20 27 29 178 183 185 187 188 191 192 195 204 208
40 0.942499 -27.2054 3.09304 -0.470761 -0.215025 0.355502 0.77831 179 182 191 193
41 1.39379 -27.1228 2.4512 -0.40004 -0.192094 0.387911 0.807832 179 180 182 183 188 191 192 195 198 204 208 211 235
42 1.50237 -27.1661 3.13787 -0.481201 -0.242309 0.378894 0.752443 182 193 195
43 0.486547 -26.3721 2.11203 -0.154952 -0.0577493 0.344419 0.924138 29 63 64 185 196 197 198 200 202 204 206 213
44 0.507174 -25.8039 2.10163 -0.133373 -0.0660427 0.438807 0.88617 64 165 167 170 197 200 202 215 222
45 1.40134 -26.4 2.32936 -0.308591 -0.201946 0.508983 0.777769 187 188 191 192 204 205 206 207 208 209 213 215 216 217 235
46 1.59326 -26.4623 3.09485 -0.430602 -0.288684 0.476184 0.710276 195 208 211 212 219 235
47 1.39395 -25.8042 2.29405 -0.274852 -0.20692 0.564737 0.750142 206 208 209 213 214 216 217 222 224 234 237
48 1.59695 -25.8627 3.04258 -0.393537 -0.296226 0.523378 0.695309 209 212 216 234 235 236
49 0.599067 -25.2025 2.1151 -0.133271 -0.105464 0.611521 0.77276 166 167 168 169 170 171 174 223
50 1.37816 -25.2536 2.27154 -0.254241 -0.206069 0.594995 0.734083 215 217 223 224 226 229 230 239
51 1.04357 -24.2308 2.17923 -0.0730556 -0.235822 0.925646 0.286757 177 226 230 232 237 238 239 240 249
52 2.10875 -25.8554 2.55851 -0.398147 -0.303425 0.524725 0.688531 204 206 208 209 211 212 213 216 217 224 226 230 232 234 235 236 237 238
53 2.09457 -25.8256 3.02338 -0.379586 -0.298226 0.541048 0.688653 211 212 235 236
54 2.1064 -25.2355 2.51559 -0.359925 -0.315564 0.578817 0.660185 212 216 217 224 226 230 232 234 235 236 237 238 239 240 281 296
55 2.05085 -24.8025 2.45423 -0.348195 -0.277862 0.558436 0.699787 224 226 230 232 237 238 239 240 281 283 296 297
56 0.466776 -24.1668 1.57714 -0.0773593 -0.0626088 0.625982 0.773462 10 12 13 88 89 92 93 172 173 174 175 241 242 243 244 245 246 247 248 250 251 252
57 0.473182 -23.6451 1.57776 -0.074845 -0.067889 0.66841 0.736897 88 89 92 93 101 102 241 242 243 244 245 246 247 248 252 253 254 255 256 261 262
58 1.12667 -24.1668 1.62285 -0.135196 -0.12033 0.653865 0.734645 172 173 174 175 176 177 226 230 232 243 244 247 248 249 250 251 252 255 281 283 286 287 290 297 298 300
59 1.12619 -23.6414 1.62189 -0.12987 -0.124147 0.679757 0.711092 232 243 244 247 248 249 250 251 252 255 256 261 262 281 283 286 287 290 291 294 302 304
60 0.456998 -23.1362 1.57445 -0.0672893 -0.0634903 0.683334 0.724221 92 93 101 102 105 106 245 246 247 248 253 254 255 256 257 258 259 260 261 262 265 266
61 1.14538 -23.1436 1.6294 -0.137438 -0.130934 0.677226 0.710867 245 247 248 251 252 255 256 259 260 261 262 265 266 286 287 290 291 294 295 308 311
62 1.88976 -23.6132 2.27022 -0.228373 -0.232998 0.675081 0.661682 281 283 296 297 298 300 302 304 305
63 1.94501 -23.1522 2.3172 -0.259884 -0.249787 0.646378 0.672504 298 299 300 301 302 304 306 308 310
