0 1.8794 -28.9368 2.6091 0 0 0.902578 0.430527 -0.385895 0 1 3 4 6 169 170
1 1.6539 -28.8758 5.46537 0 0 0.888229 0.459401 0.584461 0 2 5 6 21 169 173
2 0.727788 -26.9355 0.605198 0 0 0.823134 0.567846 -1.35095 1 7 8 10 12 14 169 170 174 176
3 1.02384 -24.6613 0.588979 0 0 0.943069 -0.332598 -1.39704 3 7 8 9 10 11 27 28 29 170 174 176
4 1.64011 -26.4902 5.83037 0 0 0.913555 0.406716 0.824562 64
5 1.42439 -24.2833 0.648581 0 0 0.997545 0.0700265 -1.25915 8 9 10 11 27 28 29 30 31 32 33 34 193 195
6 1.37289 -23.0082 0.632723 0 0 0.997516 -0.070437 -1.28929 27 28 29 30 31 32 33 34 39 40 41 42 182 184 193
7 1.53459 -24.1799 1.47144 0 0 0.999857 0.0168809 -1.23826 9 11 27 28 29 30 31 33
8 1.07588 -21.7295 0.589429 0 0 0.960152 -0.279479 -1.3956 31 32 33 34 39 40 41 42 43 44 45 193 195 197 198 203 205
9 1.27464 -20.9 0.613081 0 0 0.99032 -0.138805 -1.3317 39 40 41 42 43 44 45 46 51 52 53 54 203 205 213
10 1.93833 -22.1763 1.66362 0 0 0.999937 0.0111836 -1.01433 34 41 42 45 195 203 205 213
11 2.01859 -21.1551 1.71602 0 0 0.999992 0.00396207 -0.966541 42 45 46 53 205 213 214 221
12 1.34287 -20.1464 0.621786 0 0 0.999998 0.00212628 -1.31207 43 44 45 46 51 52 53 54 55 56 57 58
13 1.39754 -19.1515 0.637191 0 0 0.999989 0.0046583 -1.28049 51 52 53 54 55 56 57 58 97 98 99 100
14 1.36026 -27.9826 6.55164 0 0 0.852206 0.523206 0.637122 18 19 21 23 60 62 65 173 179 190 238 243
15 0.597784 -24.0458 8.25186 0 0 -0.759696 0.650278 1.23758 62 65 67 68 70 238
16 1.76341 -25.1217 6.96086 0 0 0.950455 0.310861 0.926454 63 67 68 72 73 240 245
17 1.22084 -25.0902 8.2032 0 0 0.906192 0.422867 1.16977 68 70 71 72 73 76 77 240 245 249 251 252 253
18 1.38569 -23.8322 8.22561 0 0 0.951808 0.306694 1.19953 70 71 73 75 76 78 79 82 84 253 256 258 259 260
19 1.43967 -22.5379 8.25948 0 0 0.982744 0.18497 1.24942 75 78 79 80 82 84 85 86 87 260 265 266
20 1.40352 -21.2626 8.29077 0 0 0.998131 0.0611128 1.30335 80 84 85 86 87 88 89 90 91 266 273 274
21 1.32792 -20.154 8.31159 0 0 0.99998 0.00638209 1.34609 86 88 89 90 91 92 93 95 266 273 274 281
22 1.39394 -19.1514 8.29532 0 0 0.999989 0.00458617 1.3121 90 92 93 94 95 96 132 134 375 376
23 1.41747 -18.1491 0.643265 0 0 0.999994 0.00335464 -1.26893 55 56 57 58 97 98 99 100 101 102 103 104
24 1.43442 -17.1505 0.648638 0 0 0.999992 0.00397786 -1.25904 97 98 99 100 101 102 103 104 105 106 107 108
25 1.46759 -16.155 0.659701 0 0 0.999982 0.0059917 -1.23959 101 102 103 104 105 106 107 108 109 110 111 112
26 1.45112 -15.1498 0.654111 0 0 0.999994 0.00357708 -1.24928 105 106 107 108 109 110 111 112 113 114 115 116
27 1.47399 -14.151 0.661901 0 0 0.999992 0.0040783 -1.23585 109 110 111 112 113 114 115 116 117 118 119 120
28 1.48458 -13.1527 0.665627 0 0 0.999988 0.00483294 -1.22961 113 114 115 116 117 118 119 120 121 122 123 124
29 1.6185 -12.1579 0.502327 0 0 0.999979 0.00646369 -1.1938 117 118 119 120 121 122 123 124 125 126 127 128
30 1.49691 -11.1507 0.670051 0 0 0.999993 0.00385402 -1.22234 121 122 123 124 125 126 127 128 129 130 131
31 1.53703 -10.1554 0.685185 0 0 0.999983 0.00582593 -1.1985 125 126 127 128 129 130 131
32 1.34841 -18.1555 8.30679 0 0 0.999975 0.0070642 1.33555 94 96 132 133 134 135 136 138 375 376 383 384
33 1.43899 -17.1246 8.2828 0 0 0.999961 -0.00885137 1.28866 133 135 136 137 138 139 140 142 375 376
34 1.41284 -16.1478 8.29023 0 0 0.999996 0.00267329 1.30233 137 139 140 141 142 143 144 146 400
35 1.42523 -15.1331 8.28677 0 0 0.999989 -0.00471667 1.29588 141 143 144 145 146 147 148 150 391
36 1.42808 -14.1362 8.28597 0 0 0.999995 -0.00311954 1.29441 145 147 148 149 150 151 152 154 399
37 1.48851 -13.1603 8.26775 0 0 0.999965 0.00839225 1.26279 149 151 152 153 154 155 156 158 424
38 1.55763 -12.1398 8.24442 0 0 0.999999 -0.00120159 1.22638 153 155 156 158 159 160 162 164
39 1.49055 -11.1402 8.26715 0 0 0.999999 -0.00105688 1.2618 159 160 161 162 163 164 165 167
40 2.84554 -11.828 7.10591 0 0 0.997912 -0.0645895 -0.128332 164
41 1.47757 -10.1434 8.27125 0 0 1 0.000430944 1.2686 161 163 165 166 167 168
42 3.69647 -26.956 2.94228 0 0 0.985234 0.17121 -0.211367 0 3 4 6 10 11 14 29 30 169 170 171 172 174 175 176 177 178 180 181 182
43 3.59653 -27.1141 4.91571 0 0 0.977928 0.208943 0.280587 0 4 6 21 169 171 172 173 174 175 176 177 178 179 181 186 237
44 3.73417 -25.6186 2.7387 0 0 0.994829 0.10156 -0.316861 10 11 14 29 30 33 169 170 171 172 174 175 176 177 178 182 184 186 187 189 191 193
45 3.66975 -25.9539 4.88763 0 0 0.984979 0.172676 0.266003 21 171 172 173 175 178 179 181 186 189 190 237
46 3.68788 -24.5164 2.56927 0 0 0.996646 0.0818384 -0.407487 174 175 176 177 178 182 184 186 187 191 193 195 197 198 199 201
47 3.79262 -24.7592 4.56814 0 0 0.991884 0.127149 0.103317 175 178 179 181 189 190 191 192 197 198 199 200 202 237 250
48 3.80184 -23.6341 3.7079 0 0 0.994798 0.101869 0.173887 182 184 187 193 195 197 198 203 205 207 208 213
49 3.86 -23.4105 4.18741 0 0 0.998496 0.0548168 -0.087345 191 192 199 200 201 202 209 210 212
50 3.86318 -22.2818 4.11589 0 0 0.999592 0.0285472 -0.123303 201 202 209 210 211 212 217 218
51 3.3063 -21.1001 1.95796 0 0 0.999937 -0.0112674 -0.778143 203 204 205 206 207 208 213 214 215 216 221 222 223 224
52 3.86069 -21.1638 4.069 0 0 0.99999 0.00438414 -0.146967 211 212 217 218 219 220 225 226
53 3.42665 -20.0893 2.09186 0 0 0.999911 -0.0133025 -0.688014 213 214 215 216 221 222 223 224 229 230 231 232
54 3.86143 -20.1483 4.07344 0 0 0.999999 0.00118197 -0.144723 219 220 225 226 227 228 233 234
55 3.39277 -19.148 2.05093 0 0 0.999999 0.0014031 -0.714808 221 222 223 224 229 230 231 232 286 287 288 289
56 3.8612 -19.1406 4.07187 0 0 1 -0.000380908 -0.145515 227 228 233 234 235 236 290 291
57 3.42845 -26.3194 6.08049 0 0 0.964899 0.26262 0.367525 21 65 173 179 180 181 190 237 238 240 242 243
58 3.50604 -24.8686 6.33585 0 0 0.985927 0.167176 0.508638 65 179 181 237 238 240 243 244 248 249
59 3.43583 -24.579 7.5614 0 0 0.994285 0.106754 0.643206 65 68 69 72 78 82 238 240 242 245 249 251 252 253 254
60 3.67384 -23.4698 6.20152 0 0 0.997386 0.072257 0.43325 202 210 212 244 248 249 250 251 255 256 257
61 3.13419 -23.5742 7.87695 0 0 0.992344 0.123502 0.859531 72 73 76 77 78 82 84 240 245 249 251 252 253 256 258 259 260 262
62 3.72298 -22.3312 6.12573 0 0 0.99916 0.0409824 0.391883 212 218 220 250 251 255 256 257 258 261 262 263
63 3.23091 -22.379 7.82457 0 0 0.997878 0.0651182 0.820298 78 81 82 84 87 88 91 249 251 252 253 256 258 259 260 265 266 267 268
64 3.75805 -21.2035 6.05378 0 0 0.999914 0.0130778 0.353252 226 228 257 258 261 262 263 264 269 270 271
65 3.20755 -21.2238 7.85818 0 0 0.99974 0.0227976 0.845271 82 84 87 88 91 92 256 258 259 260 265 266 267 268 273 274 275 276
66 3.75113 -20.1462 6.07434 0 0 1 0.000790099 0.364231 261 263 264 269 270 271 272 277 278 279
67 3.23305 -20.1563 7.83682 0 0 0.999993 0.00383092 0.829318 87 88 91 92 95 265 266 267 268 273 274 275 276 281 282 283 284 285
68 3.75131 -19.1398 6.07389 0 0 1 -0.000581164 0.36399 269 271 272 277 278 279 280 371 372 373
69 3.12722 -19.1536 7.92718 0 0 0.999995 0.003275 0.898916 91 92 95 134 135 273 274 275 276 281 283 284 285 375 376 377 378
70 3.39964 -18.1465 2.05888 0 0 0.999999 0.00100627 -0.709553 229 230 231 232 286 287 288 289 294 295 296 297
71 3.86167 -18.1429 4.07507 0 0 1 8.23012e-05 -0.143897 235 236 290 291 292 293 298 299
72 3.40071 -17.1458 2.06012 0 0 1 0.000824452 -0.708736 286 287 288 289 294 295 296 297 306 307 308 309
73 3.86233 -17.1466 4.07968 0 0 1 0.000842299 -0.141568 292 293 298 299 300 301 310 311
74 3.21332 -15.1442 3.85469 0 0 1 0.000482595 0.842648 302 303 304 305 322 323
75 3.43946 -16.1458 2.10673 0 0 1 0.000817748 -0.678428 294 295 296 297 306 307 308 309 314 315 316 317
76 3.86227 -16.1418 4.07926 0 0 1 -0.000145703 -0.14178 300 301 310 311 312 313 318 319
77 3.43522 -15.1468 2.10149 0 0 0.999999 0.00106839 -0.6818 306 307 308 309 314 315 316 317 326 327 328 329
78 3.86273 -15.1431 4.0825 0 0 1 0.000125808 -0.140143 312 313 318 319 320 321 330 331
79 2.41054 -14.1567 0.641148 0 0 0.999974 0.00721134 -1.27291 111 112 115 116 119 120 304 305 309 316 317 322 323 324 325 328 329 336 337 348
80 3.83213 -13.1467 2.80721 0 0 1 0.000869082 0.22455 322 323 324 325 326 327 334 335 342 343 346 347
81 3.44143 -14.1489 2.1092 0 0 0.999999 0.00159623 -0.676847 314 315 316 317 326 327 328 329 334 335 336 337
82 3.86194 -14.15 4.07699 0 0 0.999999 0.00153578 -0.142926 320 321 330 331 332 333 338 339
83 3.4439 -13.149 2.11228 0 0 0.999999 0.00162262 -0.674872 326 327 328 329 334 335 336 337 346 347 348 349
84 3.86253 -13.1396 4.08109 0 0 1 -0.00058624 -0.140857 332 333 338 339 340 341 350 351
85 3.30278 -12.1464 0.953915 0 0 0.999999 0.00105241 -0.780985 324 325 342 343 344 345
86 2.78505 -11.1504 0.577197 0 0 0.999996 0.00290118 -1.1025 118 121 122 123 124 125 126 127 128 130 131 337 342 343 344 345 348 349 356 357 362 365 366
87 3.44647 -12.1458 2.11549 0 0 1 0.000821584 -0.672821 334 335 336 337 346 347 348 349 354 355 356 357
88 3.86395 -12.1474 4.09129 0 0 1 0.000997624 -0.135707 340 341 350 351 352 353 358 359
89 3.44834 -11.1465 2.11783 0 0 1 0.000988596 -0.671322 346 347 348 349 354 355 356 357 363 364 365 366
90 3.86401 -11.1438 4.09174 0 0 1 0.000258099 -0.13548 352 353 358 359 360 361 367 368
91 2.77466 -10.1534 0.57199 0 0 0.999992 0.00402707 -1.1083 122 125 126 127 128 129 130 131 344 345 349 356 357 362 365 366
92 3.45034 -10.15 2.12037 0 0 0.999998 0.00185542 -0.669703 354 355 356 357 363 364 365 366
93 3.86394 -10.1415 4.09119 0 0 1 -0.000201005 -0.13576 360 361 367 368 369 370
94 3.76611 -18.1441 6.03376 0 0 1 0.000339131 0.342604 279 280 371 372 373 374 379 380
95 3.11402 -18.1564 7.93757 0 0 0.999992 0.00411009 0.907306 95 134 135 138 139 281 283 284 285 375 376 377 378 383 384 385 386
96 3.76031 -17.1383 6.04978 0 0 1 -0.000893504 0.351123 373 374 379 380 381 382 387 388
97 3.15451 -17.1412 7.90512 0 0 1 -0.000372086 0.881385 134 135 138 139 142 143 375 376 377 378 383 384 385 386 391 392 393 394
98 3.7371 -16.1421 6.11013 0 0 1 -8.52402e-05 0.383455 379 381 382 387 388 389 390 395 396 397
99 3.19017 -16.1428 7.87501 0 0 1 7.78836e-05 0.858049 138 139 142 143 146 147 383 384 385 386 391 392 393 394 399 400 401 402
100 3.73949 -15.1463 6.10415 0 0 1 0.000826556 0.380232 387 389 390 395 396 397 398 403 404 405
101 3.18196 -15.15 7.88205 0 0 0.999998 0.00215009 0.863451 142 143 146 147 150 151 391 392 393 394 399 400 401 402 407 408 409 410
102 3.74598 -14.1392 6.08771 0 0 1 -0.000705944 0.371399 395 397 398 403 404 405 406 411 412 413
103 3.20373 -14.1446 7.86319 0 0 1 0.000594677 0.849055 146 147 150 151 154 155 399 400 401 402 407 408 409 410 415 416 417 418
104 3.75365 -13.1465 6.06769 0 0 1 0.000866125 0.360675 405 406 411 412 413 414 419 420 421
105 3.20484 -13.1521 7.86218 0 0 0.999996 0.00269574 0.848296 150 151 154 155 158 159 407 408 409 410 415 416 417 418 423 424 425 426
106 3.75523 -12.1407 6.06349 0 0 1 -0.000382553 0.358436 411 413 414 419 420 421 422 427 428
107 3.19658 -12.1404 7.86944 0 0 1 -0.000592115 0.853801 154 155 158 159 162 163 415 416 417 418 423 424 425 426 431 432 433 434
108 3.77225 -11.146 6.01626 0 0 1 0.000741771 0.333333 421 422 427 428 429 430 435 436
109 3.18745 -11.1317 7.87733 0 0 0.999995 -0.00307712 0.859821 158 159 162 163 167 168 423 424 425 426 431 432 433 434 439 440 441
110 3.7565 -10.1378 6.06009 0 0 0.999999 -0.00100446 0.356619 427 429 430 435 436 437 438
111 3.18211 -10.1412 7.88194 0 0 1 -0.000378672 0.863365 162 163 167 168 431 432 433 434 439 440 441
