0 -11.1655 -2.11438 6.80715 0 0 0.587539 0.809195 1.27441 0 1 2 3 4 5 10 12 13 14 15 528 534 536 537 561 562 563 564 565 569 570 571 572 635 637 648
1 -9.91527 -1.61685 6.90968 0 0 0.75187 0.659311 1.49881 0 1 2 3 4 5 10 11 12 13 14 15 17 19 20 21 22 23 534 537 561 563 564 569 570 571 572 635 636 637 638 648 649
2 -6.96579 -5.90679 6.06976 0 0 0.640663 0.767823 1.37783 7 8 52 54 56
3 -7.26959 -4.70085 6.10445 0 0 0.402674 0.915344 1.47397 7 8 9 26 52 54 56 57 73
4 -9.49976 -2.82127 6.83759 0 0 0.600103 0.799923 1.31943 1 2 3 4 5 10 11 12 13 14 15 16 17 18 19 20 21 22 23 24 32 33 34 35 38 40 51 563 569 571
5 -8.61604 -0.437399 6.89229 0 0 0.929355 -0.369186 1.43249 1 2 3 4 5 10 11 12 13 14 15 16 17 18 19 20 21 22 23 32 33 35 38 561 563 564 569 570 571 572 573 575 576 635 636 637 638 642 648
6 -8.04396 -2.18462 6.91497 0 0 0.912413 0.409271 1.53998 10 11 14 16 17 18 19 20 21 22 23 24 32 33 34 35 38 39 40 41 44 50 51 650 676 677
7 -7.82983 -0.24402 6.86975 0 0 0.896609 -0.442823 1.37782 1 3 4 5 10 11 12 13 14 15 16 17 18 19 20 21 22 23 24 25 32 33 34 35 38 39 40 41 43 44 51 569 571 572 635 636 637 638 642 644 647 648 649 650 651 677
8 -7.84206 -3.55211 6.85716 0 0 0.614484 0.788929 1.35311 11 14 16 17 18 19 20 24 25 26 28 29 30 31 32 33 34 35 43 44 45 73 75 78 79 80 81 94 96
9 -7.46022 -3.66518 6.10236 0 0 0.197811 0.98024 1.46567 7 8 9 25 26 28 29 30 31 54 56 57 73 75
10 -6.92645 -3.17107 6.91209 0 0 0.626815 0.779168 1.51378 18 19 22 24 25 26 28 29 30 31 32 33 34 35 43 44 45 46 73 75 76 77 78 79 80 81 82 83 87 88 89 90 94 96 105 132
11 -7.08923 -1.12525 6.88729 0 0 0.897194 -0.441637 1.41867 9 10 11 12 14 15 16 17 18 19 20 21 22 23 24 25 28 29 30 31 32 33 34 35 38 39 40 41 43 44 45 46 51 78 79 94 96 648 650
12 -6.99962 -0.288154 6.07269 0 0 0.908501 -0.417882 1.38405 21 22 23 29 33 34 35 38 39 40 41 43 44 46 48 50 51 647 648 650 653 674 675 677 682
13 -7.01988 -0.241871 6.86822 0 0 0.898153 -0.439682 1.37465 13 14 15 17 18 19 20 21 22 23 25 28 29 30 31 32 33 34 35 38 39 40 41 43 44 45 46 48 50 51 94 95 97 99 635 637 638 647 648 649 650 651 652 653 674 675 676 677 678 682
14 -6.26674 -1.12859 6.08553 0 0 0.902315 -0.431077 1.4141 29 30 31 33 34 35 38 40 41 43 44 45 46 48 51 78 79 81 93 94 95 96 97
15 -6.29191 -0.982081 6.86668 0 0 0.8754 -0.483399 1.37153 16 17 18 19 20 22 23 24 25 28 29 30 31 32 33 34 35 38 39 40 41 43 44 45 46 48 50 51 75 76 77 78 79 80 81 87 88 93 94 95 96 97 102 105 675 677
16 -6.28119 -0.183737 6.0658 0 0 0.877908 -0.47883 1.36975 23 39 40 41 44 46 48 50 51 93 94 95 97 98 99 100 102 106 674 675 676 677 680 682 683 684 725
17 -6.30121 -0.212406 6.87266 0 0 0.877565 -0.479457 1.38399 20 21 22 23 31 33 34 35 38 39 40 41 43 44 45 46 48 50 51 79 80 81 93 94 95 96 97 98 99 100 102 104 105 106 107 108 647 648 650 653 674 675 676 677 678 679 680 682 683 684 685 725
18 -4.02772 -5.42371 5.5676 0 0 0.994052 0.108907 0.895588 6 7 8 26 52 53 54 56 57 73 76
19 -3.99584 -4.37743 5.57314 0 0 0.998873 0.0474675 0.899139 7 52 53 54 56 57 58 76 77 82 83 84
20 -6.08925 -5.73365 6.5334 0 0 0.500458 0.865761 1.01012 9 26 30 56 57 58 60 61 62 67 68 69 70 71 72 73 75 76 77 78 79 80 82 83 84 85 89 111 112 113 114 124 125 126
21 -5.84265 -6.19742 5.08921 0 0 0.456396 0.889777 0.630093 58 59 60 61 63 64 65 67 82
22 -4.72701 -5.24125 6.8305 0 0 0.592626 0.805478 1.30826 56 57 58 60 61 62 67 68 69 70 71 72 76 77 80 82 83 84 85 87 89 111 112 113 114 124 125 126 127 160 185 186 188 189 190 207 208 215
23 -4.56132 -6.5235 6.51528 0 0 0.484254 0.874927 0.996633 58 60 61 62 67 68 69 70 71 72 111 113 126 158 160 165 166 177 178 181 185 186 187 188 189 190 191 192 193 194 196 197 198
24 -3.89013 -4.56927 6.91603 0 0 0.443569 0.89624 1.56064 58 60 61 62 67 68 69 70 71 72 82 84 85 111 112 113 114 119 120 124 125 126 127 166 185 186 187 188 189 190 191 192 197 198 204 207
25 -3.89052 -3.47312 5.49102 0 0 0.99979 0.0204924 0.847982 52 53 54 56 57 58 76 81 82 83 84 85 87 88 89
26 -6.57984 -4.581 6.75893 0 0 0.530195 0.847876 1.21426 9 25 26 28 29 30 31 34 35 43 44 45 46 57 58 60 73 75 76 77 78 79 80 81 82 83 84 85 87 88 89 90 94 96 111 112 113 114 119 120 125
27 -5.5693 -1.84587 6.88391 0 0 0.86635 -0.499437 1.41 24 25 28 29 30 31 32 34 35 43 44 45 46 51 57 58 75 76 77 78 79 80 81 82 83 84 85 87 88 89 90 93 94 95 96 103 105 111 112 119 120
28 -5.49231 -3.87869 6.9134 0 0 0.49347 0.869763 1.52383 26 30 31 57 58 60 61 62 69 70 73 75 76 77 78 79 80 81 82 83 84 85 87 88 89 90 94 95 96 111 112 113 114 119 120 124 125 126
29 -4.70863 -1.73391 6.05986 0 0 -0.865433 0.501025 1.35818 31 78 79 80 81 83 85 87 88 89 90 93 94 96 102 103 105 111 112 114 118 119 120 129 132
30 -4.73238 -1.75394 6.86597 0 0 -0.862631 0.505834 1.37008 28 29 30 31 43 45 46 58 60 61 62 75 76 77 78 79 80 81 82 83 84 85 87 88 89 90 93 94 95 96 97 99 102 103 104 105 111 112 113 114 118 119 120 124 125 129 130 132
31 -5.46899 -0.956172 6.05954 0 0 0.876769 -0.480911 1.35757 35 44 45 46 48 50 51 79 81 87 88 90 93 94 95 96 97 98 99 102 103 104 105 106 132 684
32 -5.50591 -0.957448 6.86388 0 0 0.869069 -0.494691 1.36593 29 30 31 32 33 34 35 38 40 41 43 44 45 46 48 50 51 77 78 79 80 81 83 84 85 87 88 89 90 93 94 95 96 97 98 99 100 102 103 104 105 106 119 132 133 134 675 682 684
33 -5.46398 -0.153821 6.05852 0 0 0.877488 -0.479599 1.35565 41 48 50 93 95 97 98 99 100 102 103 104 105 106 107 108 109 133 136 675 682 683 684 685 689 725 726 727 736
34 -4.70121 -0.935515 6.05936 0 0 0.867265 -0.497846 1.35722 46 88 90 93 94 95 96 97 98 99 100 102 103 104 105 106 107 108 118 119 129 132 133 134 135 136 141
35 -5.00949 -4.45647 5.56449 0 0 0.731622 0.68171 0.477244 78 80 87 89
36 -4.67903 -0.141338 6.05796 0 0 0.872755 -0.488159 1.3546 48 50 93 97 98 99 100 102 103 104 106 107 108 109 118 132 133 134 135 136 137 138 140 142 146 684 725 726 727 729 736 738 740 766
37 -3.9124 -2.54508 6.06233 0 0 -0.866024 0.500002 1.3629 60 62 69 70 72 77 82 83 84 85 87 89 90 111 112 113 114 119 120 124 125 126 127 128
38 -3.8263 -2.65145 6.87048 0 0 0.898343 -0.439296 1.37934 58 60 61 62 67 68 69 70 71 72 75 76 77 78 80 81 82 83 84 85 87 88 89 90 102 103 105 111 112 113 114 118 119 120 124 125 126 127 128 132 188 189 207
39 -3.86409 -1.79084 6.06509 0 0 0.882418 -0.470466 1.36833 81 88 89 90 102 103 104 105 108 112 114 118 119 120 124 125 127 128 129 130 131 132 133 134 141 204 209
40 -3.89744 -1.75731 6.86294 0 0 0.870902 -0.491456 1.3641 62 70 71 72 78 79 80 81 83 84 85 87 88 89 90 93 94 96 99 102 103 104 105 106 108 111 112 113 114 118 119 120 124 125 126 127 128 129 130 131 132 133 134 135 141 206 207 209 210 211
41 -3.25287 -2.67956 6.09413 0 0 -0.848209 0.529661 1.43794 70 72 111 112 113 114 118 119 120 124 125 126 127 128 129 130 188 189 190 204 206 207 208 209
42 -3.14157 -2.65915 6.88343 0 0 0.875125 -0.483897 1.40881 60 62 68 69 70 71 72 82 83 84 85 87 89 90 103 111 112 113 114 118 119 120 124 125 126 127 128 129 130 131 132 133 134 186 187 188 189 190 197 198 204 206 207 208 209 215 216
43 -3.16887 -1.77716 6.07337 0 0 -0.856916 0.515456 1.38551 90 103 118 119 120 125 127 128 129 130 131 132 133 134 135 141 142 143 204 206 207 209 210 211 212 229
44 -3.89169 -0.945134 6.06009 0 0 0.870561 -0.492061 1.35862 91 93 99 102 103 104 106 107 108 109 118 128 129 130 131 132 133 134 135 136 137 138 141 142 143 144 146 210 229
45 -3.88052 -0.144856 6.05879 0 0 0.872896 -0.487907 1.35615 98 99 100 104 106 107 108 109 129 131 133 134 135 136 137 138 140 141 142 143 144 146 148 150 151 230 234 235 727 736 738 740 741 742 744 766 767 768 774
46 -3.70463 -0.894974 6.07673 0 0 -0.663921 0.747803 1.39297 103 104 108 118 129 131 132 133 134 135 136 138 141 142 143 144 146 150 210 212 229 230 231 232 234 235 237 240 241 247
47 -3.56842 -0.159089 6.08828 0 0 -0.719746 0.694238 1.42131 104 108 109 133 135 136 137 138 140 142 144 146 148 150 151 230 232 234 235 237 239 241 247 248 740 741 766 768 774 776 806 809 816
48 -4.41345 -6.65941 6.50073 0 0 0.245172 0.96948 0.986006 67 68 69 71 158 160 165 166 168 172 173 174 175 176 177 178 179 180 181 182 185 186 187 188 190 191 192 194 195 197 198 199 255 257
49 -3.63683 -5.94451 6.77882 0 0 0.413098 0.910687 1.23779 61 62 67 68 69 70 71 72 124 125 126 127 160 165 166 172 177 178 185 186 187 188 189 190 191 192 197 198 207 208 209 262
50 -4.8586 -4.96428 5.10021 0 0 -0.00391608 0.999992 0.277155 158 162 165 166 176 180 182 192 194 196 197 200 202 218 257 260 262 265 267 269 271 322
51 -4.79184 -4.10131 5.29866 0 0 -0.0152743 0.999883 0.360776 180 182 192 194 196 197 200 202 216 218 220 223 226 262 265 267 269 271 322 324 326
52 -2.81982 -2.5949 6.09344 0 0 -0.697432 0.716651 1.43588 70 72 124 125 126 127 128 130 189 190 198 204 206 207 208 209 211 215 216 223
53 -2.60594 -2.6761 6.90039 0 0 -0.794134 0.607743 1.45842 60 62 70 72 111 112 113 114 118 120 124 125 126 127 128 129 130 131 134 188 189 190 197 198 204 206 207 208 209 210 211 212 215 216 223 325
54 -2.92441 -1.81588 6.09491 0 0 -0.647508 0.762059 1.44033 118 125 127 128 129 130 131 134 141 143 204 206 209 210 211 212 216 223 224 229 231 240
55 -2.88715 -2.60876 6.0086 0 0 -0.351777 0.936084 1.2764 154 189 190 197 198 206 207 208 211 215 216 223 224
56 -4.56103 -3.35205 5.76145 0 0 -0.00675571 0.999977 0.568202 190 192 196 197 200 202 206 208 211 212 214 216 218 220 221 222 223 224 226 228 231 240 242 243 244 245 267 269 271 322 324 326 328 330
57 -3.39784 -2.66311 5.93033 0 0 0.0272745 0.999628 1.1828 206 208 211 212 215 216 223 224 226 228 231 232 240 241 244 247
58 -4.80092 -2.67877 5.27364 0 0 0.0164226 0.999865 0.350102 202 216 218 220 223 224 226 228 232 243 244 245 246 251 252 253 254 271 322 324 326 328 330 332 334
59 -3.21783 -1.07748 6.08889 0 0 -0.495404 0.868663 1.42298 118 128 129 130 131 134 141 142 143 144 150 209 210 212 229 230 231 232 234 237 239 240 241 247 248
60 -3.70425 -0.547988 6.05473 0 0 -0.22357 0.974688 1.34866 131 141 142 143 144 146 150 151 210 212 229 230 231 232 234 235 237 239 241 247 248 776 806 807 809 810 811 813 814 816 818 826
61 -3.68609 -1.38716 5.76443 0 0 -0.115954 0.993255 1.03392 209 210 211 212 219 223 224 229 231 232 237 239 240 241 243 246 247 248 251 252 253 254 809 816
62 -4.88052 -1.77465 5.0181 0 0 -0.00208639 0.999998 0.243165 216 220 223 224 226 228 239 243 244 245 246 251 252 253 254 324 326 328 330 332 334 336 821 822 823 898
63 -3.91216 -1.04623 5.64626 0 0 0.015552 0.999879 0.947643 231 232 237 239 240 241 243 245 247 248 249 250 251 253 809 813 816 818 819 820 821 823 826 829 831
64 -4.81445 -6.5779 6.03997 0 0 -0.00155836 0.999999 0.3358 172 173 174 176 177 178 180 182 191 194 196 255 256 257 258 259 260 261 262 263 264 265 266 267 299
65 -4.82415 -5.77597 6.01159 0 0 -0.0018955 0.999998 0.323801 173 174 176 180 182 194 196 200 202 255 256 257 258 259 260 261 262 263 264 265 266 267 268 269 270 271 297 299 303 305
66 -4.90916 -5.77084 6.48778 0 0 -0.00272054 0.999996 0.189787 255 256 257 258 259 260 261 262 263 264 265 266 267 268 269 270 271 272 274 276 280 282 285 286 287 288 297 298 299 300 303 304 305 306 312 313
67 -4.81512 -5.12242 6.02861 0 0 0.024074 0.99971 0.330992 173 174 176 180 182 192 194 196 197 200 202 218 220 257 258 259 260 261 262 263 264 265 266 267 268 269 270 271 272 297 299 303 305 322 323 324 325 340 342
68 -4.80418 -4.46762 6.02914 0 0 0.0498751 0.998755 0.331214 180 182 194 196 200 202 216 218 220 223 224 226 228 262 263 265 266 267 268 269 270 271 272 297 299 303 305 322 323 324 325 326 327 328 329 340 342 348 350
69 -3.34564 -6.55946 7.85683 0 0 -0.00633746 0.99998 0.82754 259 264 274 276 280 282 283 285 286 287 288 298 301 312
70 -3.44876 -5.77801 7.75659 0 0 -0.00192721 0.999998 0.770053 259 264 266 268 270 274 275 276 280 282 285 286 287 288 297 298 300 304 312 313
71 -2.98044 -6.57321 8.93528 0 0 -0.00377779 0.999993 1.01154 259 264 268 270 274 276 280 282 285 286 287 288 289 290 291 292 293 294 295 296 298 300 312 313 314 315 316 317
72 -1.73133 -5.74264 9.31491 0 0 -0.0412041 0.999151 1.53917 259 264 266 268 270 272 274 276 280 282 285 286 287 288 289 290 292 293 294 295 296 298 300 304 306 312 313 314 315 316 317 318 320 323 325
73 -1.3891 -6.58913 9.25824 0 0 0.00123562 0.999999 1.35512 285 286 287 288 289 290 291 292 293 294 295 296 298 300 312 314 316 317 1246 1247 1248 1249 1250 1251 1252 1253 1272 1273 1274 1275
74 -1.37819 -5.7793 9.2606 0 0 -0.00376791 0.999993 1.35958 274 276 280 285 286 287 288 289 290 291 292 293 294 295 296 312 313 314 315 316 317 318 320 321 1246 1247 1248 1249 1250 1251 1252 1253 1272 1273 1274 1275 1276 1277 1278 1279
75 -3.42788 -5.42968 7.73289 0 0 0.0979124 0.995195 0.75693 259 264 266 268 270 272 276 279 280 281 282 287 288 297 298 300 303 304 306 312 313 323
76 2.51945 -4.9852 6.45073 0 0 1 -0.00025359 0.174718 1253 1261 1263 1274 1275
77 -3.29719 -4.17539 6.5464 0 0 -0.00194682 0.999998 0.213721 297 299 300 303 304 305 306 312 313 340 341 342 358 359 362
78 -4.08596 -4.98022 7.39581 0 0 -0.00111852 0.999999 0.233989 276 280 282 285 286 287 288 298 300 304 306 312 313 341 359
79 1.54822 -4.21149 7.81722 0 0 0.99999 0.00451592 0.411981 316 317 320 321 360 361
80 -1.35813 -4.83976 9.26249 0 0 -0.0758713 0.997118 1.36322 274 276 280 282 286 287 288 289 290 291 292 293 294 295 296 298 312 313 314 315 316 317 318 319 320 321 345 358 359 360 1246 1247 1250 1251 1252 1253 1272 1273 1274 1275 1276 1277 1278 1279 1319 1321
81 -1.09646 -5.95715 8.85458 0 0 0.562651 0.826694 0.953363 208 304 306 313 315 316 317 318 319 320 321 341 343 345 349 352 358 359 360 364 1263 1272 1273 1274 1275 1276 1277 1278 1279 1308 1310 1316 1319 1320 1321
82 -4.82815 -3.6601 5.95853 0 0 0.0481418 0.998841 0.301497 194 196 200 202 218 220 223 224 226 228 243 244 245 246 267 268 269 270 271 272 299 303 305 322 323 324 325 326 327 328 329 330 331 332 333 340 342 348 350 368 370
83 -4.83774 -2.55608 5.96942 0 0 -0.00538896 0.999985 0.306063 200 202 218 220 226 228 243 244 245 246 251 252 253 254 269 271 272 303 305 322 323 324 325 326 327 328 329 330 331 332 333 334 335 336 340 342 348 350 368 370 376 378
84 -4.83787 -1.69063 5.96439 0 0 -0.016906 0.999857 0.303953 216 218 220 223 224 226 228 243 244 245 246 251 252 253 254 322 323 324 325 326 327 328 329 330 331 332 333 334 335 336 337 340 342 348 350 368 370 376 378 821 822 823 824 898 899 900 916 918
85 -4.75818 -1.75705 5.88239 0 0 0.135681 0.990753 0.269752 228 243 244 245 246 251 252 253 254 328 329 330 331 332 333 334 335 336 337 350 368 370 376 378 821 822 823 824 830 831 832 833 834 855 898 899 900 901 902 903 904 905 907 916 918 924 926 927 944 945
86 -3.36542 -3.37737 7.0386 0 0 -0.00214806 0.999998 0.816824 270 272 303 304 305 306 323 325 327 329 338 339 340 341 342 343 347 348 349 350 351 366
87 -3.16435 -4.79034 7.56817 0 0 0.30507 0.95233 0.669772 247 248 300 303 304 306 323 325 327 329 340 341 343 358 359 362 363 816
88 -3.32448 -3.34074 7.75094 0 0 0.169584 0.985516 0.766909 306 327 329 331 333 335 337 341 343 349 351 358 359 362 363 369 371 386
89 -3.19001 -3.38081 6.90693 0 0 -0.00105223 0.999999 0.364314 303 304 305 306 340 341 342 343 348 349 350 351 358 359 362 363 386
90 1.45949 -2.59179 8.08605 0 0 0.999999 0.00137579 0.975453 359 360 361 362 363 364 365 386 388 389 1319 1320 1322 1323 1324 1325 1326 1347 1348 1349
91 -1.14725 -4.79804 9.04009 0 0 0.515387 0.856957 1.09641 131 211 319 320 321 341 343 344 345 349 351 352 353 358 359 360 361 362 363 364 365 369 371 372 373 386 388 1271 1275 1276 1277 1278 1279 1308 1310 1316 1318 1319 1320 1321 1322 1323 1324 1325 1326 1347
92 -1.29586 -3.24103 9.22884 0 0 0.309789 0.950805 1.30572 320 321 345 349 351 352 353 358 359 360 361 362 363 364 365 369 371 372 373 377 379 380 381 386 387 388 389 390 391 392 393 920 934 1277 1279 1308 1310 1316 1319 1320 1321 1322 1323 1324 1325 1326 1347 1348 1349
93 -3.39545 -1.98652 7.8011 0 0 0.0453364 0.998972 0.795161 327 329 331 333 335 337 343 349 351 359 362 363 369 371 377 379 381 386 387 390 391 899 917 934 935
94 -3.3312 -1.54916 7.80149 0 0 0.128566 0.991701 0.795383 335 337 351 369 371 373 377 379 380 386 387 390 391 899 901 903 905 917 919 920 921 925 934 935
95 0.186415 -1.7665 8.51281 0 0 0.999851 -0.0172502 1.51907 345 352 353 362 363 364 365 372 373 380 381 386 387 388 389 390 391 392 393 920 1323 1324 1347 1348 1351 1352
96 1.5713 -0.988574 8.00574 0 0 1 0.000480886 0.920383 388 389 392 393 936 937 1347 1348 1350 1351 1352 1353 1354 1898 1899 1900
97 -1.43707 -1.92671 9.24496 0 0 0.0669476 0.997756 1.33157 344 345 352 353 359 361 362 363 364 365 371 372 373 377 379 380 381 386 387 388 389 390 391 392 393 917 919 920 921 934 935 936 937 1319 1320 1321 1322 1323 1324 1325 1326 1347 1348 1349 1350 1351 1352 1353 1354 1898 1899 1900
98 -1.47736 -1.1944 9.23203 0 0 0.0949421 0.995483 1.31064 352 353 363 365 372 373 379 380 381 386 387 388 389 390 391 392 393 905 907 917 919 920 921 925 927 928 929 934 935 936 937 938 939 940 941 1316 1318 1324 1326 1347 1348 1349 1350 1351 1352 1353 1354 1898 1899 1900 1901 1902 1903 1904
99 -19.7624 6.33308 6.86994 0 0 -0.642016 0.766691 1.37822 395 406 408 412 413 414 877 892
100 -17.6945 0.798892 6.68813 0 0 0.578343 0.815794 1.14037 396 397 398 399 424 426 445 446 448 479 882 894 896
101 -16.5194 1.25647 6.86386 0 0 0.661206 0.750204 1.36589 396 397 398 399 424 426 444 445 446 447 448 449 452 453 479 481 488 894 896
102 -18.5221 1.53847 6.65656 0 0 0.576755 0.816917 1.11104 396 397 878 880 882 883 884 886 894 895 896
103 -17.2863 4.47597 6.86214 0 0 0.930599 -0.36604 1.36255 407 410 411 412 413 421 422 423 425 432 879 880 881 882 883 884 885 886 887 888 890 891 893 894 895 897
104 -18.1145 5.35708 6.85388 0 0 0.915644 -0.401989 1.34713 395 406 407 408 410 411 412 413 421 432 876 877 879 880 881 884 885 887 888 889 890 891 892 893
105 -18.1339 6.24964 6.84001 0 0 0.900562 -0.434729 1.32336 395 406 407 408 410 411 412 413 414 415 433 436 889 890 891 892 893
106 -17.3087 5.32164 6.85873 0 0 0.921298 -0.388856 1.35604 406 407 408 410 411 412 413 414 415 421 422 423 429 432 433 434 435 436 438 885 886 887 889 890 891 892 893 897
107 -17.3356 6.26515 6.83717 0 0 0.898346 -0.43929 1.31875 395 406 407 408 410 411 412 413 414 415 421 432 433 434 435 436 437 439 443
108 -16.7719 2.5396 6.90956 0 0 0.913513 0.406809 1.49811 396 397 422 423 424 425 426 427 428 429 430 431 438 480 483 883 894 895 896 897
109 -16.5027 4.46847 6.86569 0 0 0.92951 -0.368797 1.36953 397 410 411 412 415 421 422 423 424 425 426 427 428 429 430 431 432 433 434 435 436 438 480 885 886 887 893 895 896 897
110 -15.7076 3.58907 6.87653 0 0 0.940245 -0.340497 1.3925 396 397 398 399 421 422 423 424 425 426 427 428 429 430 431 434 438 445 446 447 448 453 479 480 481 483 895 896 897
111 -15.7097 4.47356 6.86602 0 0 0.927845 -0.372965 1.37019 399 411 421 422 423 424 425 426 427 428 429 430 431 432 433 434 435 437 438 439 440 442 443 446 479 480 481 482 483 484 485 487 489 494 499
112 -16.5221 5.30586 6.86314 0 0 0.921581 -0.388186 1.36449 407 410 411 412 413 414 415 421 422 423 425 428 429 430 431 432 433 434 435 436 437 438 439 440 442 443 484 499
113 -16.5418 6.37932 6.81257 0 0 0.883771 -0.467919 1.28192 406 407 408 412 413 414 415 429 431 432 433 434 435 436 437 438 439 440 442 443 501
114 -15.7232 5.33555 6.85872 0 0 0.917291 -0.398217 1.35603 412 415 423 427 428 429 430 431 432 433 434 435 436 437 438 439 440 442 443 479 480 483 484 485 487 499 501 503
115 -15.7272 6.50904 6.77466 0 0 0.872444 -0.488715 1.23275 414 415 435 436 437 438 439 440 442 443 484 487 499 501 503 504 505
116 -15.9867 0.139832 6.7578 0 0 0.595084 0.803664 1.21296 396 397 398 399 418 444 445 446 447 448 449 450 451 452 454 460 461 463 464
117 -14.934 2.45777 6.90342 0 0 0.984498 -0.175395 1.46981 397 398 399 424 425 426 427 430 444 445 446 447 448 449 450 451 452 453 454 479 480 481 482 483 485 488
118 -14.7375 0.691 6.90163 0 0 0.736178 0.676788 1.46296 398 444 445 447 449 450 451 452 454 456 457 460 461 462 463 464 466 469 470 475
119 -14.1345 2.76471 6.88278 0 0 0.940543 -0.339676 1.40721 426 444 445 446 447 448 449 450 451 452 453 454 455 460 461 462 463 464 465 466 470 479 480 481 482 485 488 489 490 492 494 508
120 -14.3083 -0.457345 6.82778 0 0 0.600791 0.799406 1.30411 444 449 450 451 456 457 458 459 460 461 462 469 471 529 530 533
121 -13.1302 -0.101817 6.90233 0 0 0.739879 0.672739 1.46557 450 456 457 458 459 460 462 469 471 528 529 530 531 533 536 540 543 545 553 554 555
122 -13.3652 1.62178 6.90726 0 0 0.987379 -0.158373 1.4864 449 450 451 452 453 454 455 456 457 458 459 460 461 462 463 464 465 466 468 469 470 475 490 508 511
123 -13.3548 2.82357 6.87872 0 0 0.928863 -0.370422 1.39753 448 451 452 453 454 455 456 457 460 461 462 463 464 465 466 468 469 470 471 473 475 476 477 478 481 488 489 490 492 508 509 510 511 512 516 548 549
124 -12.571 2.00753 6.88259 0 0 0.928982 -0.370126 1.40675 451 454 456 457 458 459 460 461 462 463 464 465 466 468 469 470 471 473 475 476 477 478 511 516 529 530 531 533 543 545 546 547 548 549 553
125 -12.5335 2.83311 6.87476 0 0 0.930432 -0.366465 1.38857 455 459 463 464 465 466 468 469 470 471 473 475 476 477 478 490 508 509 510 511 512 514 516 517 518 519 521 530 545 546 547 548 549 550 551 552 553 554 556 557 600
126 -14.8949 3.62409 6.87047 0 0 0.936772 -0.349939 1.37931 399 422 424 425 426 427 428 429 430 431 440 444 445 446 447 448 449 452 453 454 455 465 479 480 481 482 483 484 485 487 488 489 490 494 499
127 -14.9004 4.46828 6.86539 0 0 0.929827 -0.367997 1.36893 423 427 428 429 430 431 432 434 438 439 440 442 448 453 479 480 481 482 483 484 485 487 488 489 490 492 494 497 499 501 503 504 511
128 -14.1395 3.63052 6.87589 0 0 0.929986 -0.367595 1.39107 427 430 448 451 452 453 454 455 461 464 465 466 468 478 479 480 481 482 483 484 485 487 488 489 490 492 494 497 508 509 510 511 512 516
129 -14.1258 4.43819 6.87307 0 0 0.93074 -0.365683 1.38486 431 438 440 455 465 482 483 484 485 487 488 489 490 492 494 497 499 501 503 504 505 506 508 509 510 511 512 513 514 515 516 517 519 521 525
130 -14.9197 5.34115 6.8573 0 0 0.917036 -0.398805 1.35338 431 435 437 438 439 440 442 443 482 483 484 485 487 488 489 494 497 499 501 503 504 505 506 512 513 525
131 -14.1122 5.37078 6.8512 0 0 0.914151 -0.405374 1.34233 442 487 492 494 497 499 501 503 504 505 506 507 508 509 511 512 513 514 515 521 522 525 526 527
132 -13.3483 3.6333 6.8767 0 0 0.928332 -0.371753 1.39289 455 463 464 465 466 468 470 475 476 477 478 482 485 488 489 490 492 494 497 504 506 508 509 510 511 512 513 514 515 516 517 518 519 521 525 549 550 552 600
133 -13.3053 4.43495 6.87059 0 0 0.93392 -0.357483 1.37957 468 476 478 487 492 494 497 503 504 505 506 508 509 510 511 512 513 514 515 516 517 518 519 521 522 523 524 525 526 527 600 601 603 607
134 -12.5228 3.65642 6.87026 0 0 0.928506 -0.371317 1.37888 468 473 475 476 477 478 492 497 508 509 510 511 512 513 514 515 516 517 518 519 521 522 523 524 525 526 527 546 548 549 550 551 552 557 558 560 600 601 602 603 607 614
135 -12.4923 5.12234 5.89346 0 0 -0.858683 0.512508 1.14551 512 513 514 515 517 519 521 522 523 524 525 526 527 601 602 603 606 607 608 609 617 618 621
136 -12.5035 4.54091 6.85485 0 0 0.919412 -0.393297 1.34887 476 477 478 497 504 506 509 510 511 512 513 514 515 516 517 518 519 521 522 523 524 525 526 527 546 549 550 552 600 601 602 603 606 607 608 609 614 615 617 621
137 -13.2904 5.51866 6.81806 0 0 0.898876 -0.438203 1.28974 497 500 501 503 504 505 506 509 511 512 513 514 515 516 517 518 519 521 522 523 524 525 526 527 607 608 621
138 -12.483 5.76744 6.74776 0 0 0.87373 -0.486411 1.20166 497 504 505 506 512 513 514 515 517 519 521 522 523 524 525 526 527 552 600 601 602 603 606 607 608 609 617 618 620 621 622
139 -12.623 -1.19079 6.84957 0 0 0.625151 0.780504 1.33948 0 456 457 458 459 528 529 530 531 534 536 537 540 561 563 564 567
140 -11.767 0.962644 6.902 0 0 0.968241 -0.25002 1.46431 457 458 459 463 469 470 471 473 528 529 530 531 533 536 540 541 542 543 545 546 547 548 549 550 551 553
141 -11.4071 -0.771273 6.91108 0 0 0.809584 0.587004 1.50705 0 1 528 529 531 534 536 537 540 542 543 561 562 563 564 565 566 567 568 569 570 571 572 573 574 580 593
142 -10.9804 1.21918 6.88238 0 0 0.925748 -0.378141 1.40623 0 1 459 471 528 529 530 531 533 536 540 541 542 543 545 546 547 548 549 551 552 553 554 555 556 557 561 562 563 564 565 566 567 568 569 570 572 573 578
143 -11.7562 2.05332 6.87519 0 0 0.924186 -0.381943 1.3895 459 463 466 469 470 471 473 475 476 477 478 516 518 519 528 529 530 531 533 536 540 541 542 543 545 546 547 548 549 550 551 552 553 554 555 556 557 565 566 568 578 600
144 -11.7317 2.84358 6.87318 0 0 0.92915 -0.369704 1.3851 468 473 475 476 477 478 510 511 516 517 518 519 521 523 533 541 543 545 546 547 548 549 550 551 552 553 554 555 556 557 558 559 560 578 579 581 586 600 601 602 603 607 614
145 -10.9496 2.07177 6.87186 0 0 0.922452 -0.386113 1.38226 473 477 478 533 540 541 542 543 545 546 547 548 549 550 551 552 553 554 555 556 557 558 559 560 561 562 564 565 566 567 568 573 574 576 578 579 580 581 586 593 600 602 603 614
146 -10.9276 2.87543 6.86834 0 0 0.925102 -0.379719 1.37489 476 477 478 516 518 519 541 542 543 546 547 548 549 550 551 552 553 554 555 556 557 558 559 560 565 566 568 578 579 580 581 585 586 587 588 593 594 600 601 602 603 607 609 613 614 615 616 623
147 -10.1957 0.31177 6.89478 0 0 0.940891 -0.33871 1.43993 0 1 2 3 4 5 12 13 531 534 536 537 540 541 542 543 553 555 561 562 563 564 565 566 567 568 569 570 571 572 573 578 635
148 -10.4122 1.48785 6.86561 0 0 -0.837828 0.545934 1.36937 3 5 13 529 531 533 540 541 542 543 547 548 553 554 555 556 557 561 562 563 564 565 566 567 568 569 570 571 572 573 574 575 576 578 579 580 593 635 636 642 643 644
149 -9.48133 0.527614 6.8796 0 0 0.890589 -0.454808 1.39958 0 1 2 3 4 5 10 11 12 13 14 15 20 21 536 537 539 542 543 561 562 563 564 565 566 567 568 569 570 571 572 573 574 575 576 578 580 635 636 637 638 642 648 650
150 -9.95555 1.70856 6.83278 0 0 -0.720762 0.693182 1.3118 542 543 555 561 562 563 564 565 566 567 568 569 570 571 572 573 574 575 576 578 580 593 595 635 636 637 638 641 642 643 644 648 649 650 652 653 654 655 657 663 665
151 -10.4023 2.31275 6.05999 0 0 -0.837546 0.546367 1.35842 553 554 555 556 557 559 560 566 568 573 574 575 576 578 579 580 581 586 588 593 594 595 596 656
152 -10.212 2.17088 6.86521 0 0 0.897793 -0.440418 1.36856 472 541 542 543 546 547 548 549 551 552 553 554 555 556 557 558 559 560 564 565 566 567 568 569 570 571 572 573 574 575 576 578 579 580 581 585 586 587 588 592 593 594 595 596 614 616 623 642 643 655 657
153 -10.1247 2.87281 6.06828 0 0 0.925894 -0.377782 1.37478 558 559 560 579 580 581 585 586 587 588 592 593 594 596 597 598 599 613 614 616 619 623 624 625 626 627 629 656 659
154 -10.114 2.91708 6.86024 0 0 0.921171 -0.389159 1.3589 550 551 552 554 555 556 557 558 559 560 566 567 568 570 573 574 576 578 579 580 581 585 586 587 588 592 593 594 595 596 597 598 599 600 602 603 613 614 615 616 617 618 619 620 623 624 625 626 627 629 655 656 657 658 659
155 -9.88296 2.48841 6.03665 0 0 -0.743863 0.668332 1.31793 568 574 576 578 579 580 581 586 588 592 593 594 595 596 598 641 643 651 652 655 656 657 658 659 661 663 664 667
156 -9.6924 2.26373 6.8757 0 0 -0.818068 0.575121 1.39064 543 553 554 555 556 559 560 566 567 568 573 574 575 576 578 579 580 581 585 586 587 588 592 593 594 595 596 597 598 599 623 636 638 641 642 643 644 647 649 651 652 653 654 655 656 657 658 659 661 663 664 665 666
157 -9.32641 2.9337 6.05949 0 0 0.917077 -0.398711 1.35747 585 587 588 592 594 595 596 597 598 599 623 624 625 626 628 629 630 631 633 655 656 657 658 659 660 661 662 664 667 712
158 -11.7078 3.67079 6.86613 0 0 0.928499 -0.371335 1.3704 476 477 478 496 509 510 511 512 514 515 516 517 518 519 521 522 523 524 527 546 547 548 549 550 551 552 553 554 556 557 558 559 560 586 587 600 601 602 603 606 607 608 609 613 614 615 616 617 623
159 -11.7163 4.85664 5.98783 0 0 0.879537 -0.47583 1.249 515 522 523 524 527 601 603 606 607 608 609 613 614 615 617 618 619 620 621 622 624 627
160 -11.695 4.49455 6.86076 0 0 0.926903 -0.375302 1.35989 506 513 514 515 517 518 519 521 522 523 524 525 526 527 550 551 552 557 558 560 600 601 602 603 606 607 608 609 613 614 615 616 617 618 619 620 621 622 623 624 625 626 627
161 -10.9183 3.64857 6.07067 0 0 0.930251 -0.366924 1.37974 558 559 560 585 586 587 597 601 602 603 606 607 609 613 614 615 616 617 618 619 620 622 623 624 625 626 627
162 -10.9335 3.65692 6.87168 0 0 0.926942 -0.375205 1.38189 514 517 518 519 521 523 524 550 551 552 554 555 556 557 558 559 560 578 579 581 585 586 587 588 596 597 598 599 600 601 602 603 606 607 608 609 613 614 615 616 617 618 619 620 621 622 623 624 625 626 627 629
163 -10.8564 4.73042 6.00908 0 0 0.902482 -0.430727 1.27706 583 606 608 609 613 615 616 617 618 619 620 621 622 623 624 625 626 627 628 630 634
164 -11.9318 6.00089 5.9039 0 0 -0.811998 0.58366 1.15575 526 527 605 606 608 613 617 618 619 620 621 622 627
165 -10.0634 3.72031 6.05172 0 0 0.927535 -0.373736 1.34326 585 587 588 596 597 598 599 605 613 615 616 617 618 619 620 623 624 625 626 627 628 629 630 631 633 634 660 712
166 -10.0766 4.80335 5.99483 0 0 0.891366 -0.453283 1.25798 597 599 605 606 613 617 618 619 620 622 623 624 625 626 627 628 629 630 631 633 634 714 718
167 -9.2953 3.81978 6.03957 0 0 0.910246 -0.414068 1.32264 585 592 596 597 598 599 613 619 623 624 625 626 627 628 629 630 631 633 634 656 659 660 661 662 669 712 714 716 717
168 -9.26164 5.06553 5.90875 0 0 0.868058 -0.496462 1.16058 619 620 624 626 627 628 629 630 631 633 634 662 712 714 716 717 718 719 720
169 -8.59769 0.573896 6.86289 0 0 0.899927 -0.43604 1.364 3 4 5 11 12 13 14 15 16 17 18 19 20 21 22 23 38 39 562 563 564 565 567 568 569 570 571 572 573 574 575 576 593 595 635 636 637 638 641 642 643 644 647 648 649 650 651 655 677
170 -9.298 1.82906 5.99655 0 0 -0.677591 0.735439 1.26022 570 572 573 574 575 576 593 595 636 638 641 642 643 644 647 649 651 652 653 654 655 657 663 665 674 678 679 692
171 -9.13741 1.59951 6.85884 0 0 -0.728565 0.684976 1.35625 561 562 563 564 565 567 568 569 570 571 572 573 574 575 576 580 581 592 593 594 595 635 636 637 638 641 642 643 644 647 648 649 650 651 652 653 654 655 656 657 663 665 674 676 677 678 679 680 681 692 696
172 -7.7964 0.563178 6.06447 0 0 0.901655 -0.432456 1.3671 21 22 23 38 39 41 636 637 638 641 642 644 647 648 649 650 651 652 653 657 674 675 676 677 678 682
173 -7.78227 0.559209 6.86325 0 0 0.904652 -0.426151 1.36471 13 14 15 19 20 21 22 23 32 33 34 35 38 39 40 41 50 51 570 571 572 573 575 576 635 636 637 638 641 642 643 644 647 648 649 650 651 652 653 654 655 656 657 663 674 675 676 677 678 682 684
174 -7.83831 1.35111 6.0715 0 0 0.895704 -0.44465 1.38149 641 643 644 647 649 650 651 652 653 654 655 656 657 658 661 663 664 665 674 675 676 677 678 679 680 681 683 686 692
175 -8.54257 2.16844 6.05619 0 0 0.909853 -0.414931 1.35132 592 594 595 596 597 598 599 631 641 643 644 645 649 651 652 653 654 655 656 657 658 659 660 661 663 664 665 666 667 679 692
176 -8.51134 2.91989 6.0594 0 0 0.921163 -0.389177 1.35731 585 592 596 597 598 599 625 629 630 631 633 641 652 655 656 657 658 659 660 661 662 663 664 665 666 667 669 671 672 694 712 714 716 717 719
177 -7.77322 2.14284 6.06465 0 0 0.908475 -0.417939 1.36745 592 598 641 647 651 652 653 654 655 656 657 658 659 660 661 662 663 664 665 666 667 669 671 672 674 678 679 680 681 688 692 694 696 698 703 716
178 -7.7589 2.95532 6.06069 0 0 0.909061 -0.416662 1.35976 599 631 654 658 659 660 661 662 663 664 665 666 667 669 671 672 679 692 694 696 698 699 700 701 704 707 712 714 716 717 718 719 720 721 722
179 -6.97492 0.529266 6.06697 0 0 0.910128 -0.414328 1.37209 39 40 41 44 48 50 51 98 647 649 650 651 652 653 654 665 674 675 676 677 678 679 680 682 683 684 685 686 725
180 -6.95905 1.3779 6.05696 0 0 0.905932 -0.423424 1.35275 48 641 647 651 652 653 654 657 663 664 665 666 671 674 675 676 678 679 680 681 682 683 684 685 686 688 689 691 692 694 696 703 726 731
181 -6.25159 0.615705 6.06251 0 0 0.884045 -0.467402 1.36326 48 50 93 97 98 99 100 107 647 653 674 675 676 678 679 680 681 682 683 684 685 686 688 689 696 725 726 727 729 731 736
182 -6.23579 1.411 6.06142 0 0 0.887777 -0.460274 1.36116 98 100 652 654 665 676 678 679 680 681 682 683 684 685 686 688 689 691 692 694 696 698 703 704 705 706 725 726 727 729 731 732 734 735 738 744 751
183 -6.98144 2.1914 6.05777 0 0 0.900344 -0.435179 1.35425 654 658 661 663 664 665 666 667 669 671 672 678 679 680 681 683 686 688 689 691 692 694 696 698 699 700 701 703 704 705 706 707 719 721 732 751
184 -6.93363 2.99291 6.05062 0 0 0.907961 -0.419054 1.34132 662 666 667 669 671 672 681 688 692 694 696 698 699 700 701 703 704 705 706 707 708 709 710 716 717 719 720 721 722 723 751 752 755
185 -6.21 2.2008 6.05995 0 0 0.894005 -0.448057 1.35834 664 666 671 672 681 686 688 689 691 692 694 696 698 699 700 701 703 704 705 706 707 708 709 710 726 731 732 734 735 742 743 751 752 753 754 755 759 761
186 -6.19711 3.02766 6.05345 0 0 0.892729 -0.450594 1.34635 669 672 698 699 700 701 703 704 705 706 707 708 709 710 719 721 722 723 724 732 733 735 751 752 753 754 755 756 757 758 759 760 763 804
187 -8.69427 5.33624 5.0368 0 0 -0.810617 0.585577 1.09354 713 717 718 720 722
188 -8.50508 3.98258 6.00541 0 0 0.889305 -0.457314 1.27204 599 624 625 626 628 629 630 631 633 634 659 660 661 662 664 666 667 669 671 672 698 699 712 714 716 717 718 719 720 721 722
189 -8.69726 5.27395 5.86681 0 0 -0.813776 0.581178 1.12037 626 627 628 630 633 634 668 672 699 712 714 716 717 718 719 720 721 722
190 -7.73978 4.01104 6.00424 0 0 0.880583 -0.473892 1.27044 630 631 633 662 667 669 671 672 693 694 698 699 700 701 707 708 712 714 716 717 718 719 720 721 722 723 724
191 -6.2298 4.03216 6.01295 0 0 -0.862339 0.506331 1.28245 672 699 700 701 706 707 708 709 710 719 720 721 722 723 724 748 750 751 752 753 754 755 756 757 758 760 763 801 802 803 804
192 -5.44232 0.634111 6.05812 0 0 0.883407 -0.468607 1.3549 50 97 98 99 100 102 104 106 107 108 109 137 674 676 680 682 683 684 685 686 688 689 691 725 726 727 729 731 732 734 736 738 740 741 742 766
193 -5.4523 1.42088 6.06169 0 0 0.883205 -0.468988 1.36167 107 109 679 681 685 686 688 689 691 696 703 704 705 706 707 709 726 727 729 731 732 734 735 736 738 740 741 742 743 744 745 751 752 753 759 767 770 772
194 -4.65037 0.629652 6.0599 0 0 0.882411 -0.470479 1.35825 100 107 108 109 133 135 136 137 138 140 148 683 685 689 725 726 727 729 731 732 734 735 736 738 740 741 742 743 744 751 753 766 767 768 769 770 774 776
195 -4.63297 1.42951 6.05779 0 0 0.885831 -0.464008 1.35429 137 140 688 691 705 706 729 731 732 734 735 736 738 740 741 742 743 744 745 751 752 753 754 755 757 759 760 761 762 766 767 768 769 770 771 772 773 774 775 778 780 796
196 -5.42405 3.0693 5.24914 0 0 0.882358 -0.470579 1.33874 701 708 709 710 723 724 748 750 752 754 755 756 757 758 759 760 762 763 801 802 804
197 -4.62598 3.06125 5.25096 0 0 0.88302 -0.469335 1.34192 710 748 750 756 757 758 760 762 763 784 785 786 787 788 790 793 796 797 801 802 803 804
198 -5.42689 2.22993 6.05695 0 0 0.886935 -0.461895 1.35272 691 694 698 700 701 703 704 705 706 707 708 709 710 723 724 731 732 734 735 738 739 741 742 743 744 745 751 752 753 754 755 756 757 758 759 760 761 762 763 770 771 796 798
199 -5.40728 3.03689 6.05311 0 0 0.889671 -0.456603 1.34575 672 698 699 700 701 704 705 706 707 708 709 710 723 724 735 742 743 744 745 748 750 751 752 753 754 755 756 757 758 759 760 761 762 763 786 787 796 797 801 802 804
200 -4.62704 2.25155 6.05296 0 0 0.884068 -0.467358 1.34547 697 704 705 706 707 709 710 732 735 741 742 743 744 745 748 750 751 752 753 754 755 756 757 758 759 760 761 762 763 767 768 769 770 771 772 773 778 779 784 785 790 796 797 798 799 801 804
201 -4.61976 3.03883 6.0544 0 0 0.887105 -0.461567 1.34806 701 707 708 709 710 723 724 745 748 750 752 753 754 755 756 757 758 759 760 761 762 763 770 771 772 773 784 785 786 787 788 790 792 793 794 795 796 797 798 799 801 802 803 804
202 -3.8779 0.651888 6.05909 0 0 0.873868 -0.486163 1.35672 109 137 138 140 142 144 146 148 150 151 235 726 727 729 734 735 736 738 740 741 742 743 744 745 759 761 766 767 768 769 770 771 772 774 775 776 777 778 806 807
203 -3.88569 1.45915 6.05863 0 0 0.871288 -0.490773 1.35585 148 151 732 734 735 741 742 743 744 745 751 753 754 759 760 761 762 763 767 768 769 770 771 772 773 774 775 776 777 778 779 780 781 784 796 797 798 799 806 807 811 812 813
204 -3.84794 0.707154 6.07115 0 0 -0.604564 0.796557 1.38076 108 109 136 137 138 140 146 148 151 235 239 740 741 766 767 768 769 770 772 774 775 776 777 778 780 781 806 807 809 810 811 812 813 814 816 818 826
205 -3.27579 1.44873 6.07719 0 0 -0.824663 0.565625 1.394 235 741 742 743 744 745 761 762 767 768 769 770 771 772 773 774 775 776 777 778 779 780 781 784 785 790 792 796 797 798 799 806 807 809 810 811 812 813 814 818 826 828 843 844
206 -3.87764 2.2659 5.25643 0 0 0.872119 -0.489294 1.35177 748 750 754 760 761 762 763 771 773 778 779 781 784 785 786 787 790 792 793 796 797 798 799
207 -3.87869 3.06527 5.25667 0 0 0.871979 -0.489544 1.35222 748 750 758 784 785 786 787 788 790 792 793 794 795 797 799 801 802 803 838
208 -3.40047 2.30943 5.27312 0 0 -0.779603 0.626274 1.38498 761 779 781 784 785 786 787 788 790 792 793 795 796 797 798 799 812 814 838 843 844 845
209 -3.43382 3.12151 5.27212 0 0 -0.767528 0.641016 1.38283 750 784 785 786 787 788 790 792 793 794 795 803 838 839 845 846 847 868
210 -3.87869 2.26686 6.05637 0 0 0.871777 -0.489903 1.35166 743 744 745 748 750 751 752 753 754 755 757 758 759 760 761 762 763 769 770 771 772 773 775 776 777 778 779 780 781 784 785 786 787 788 790 792 793 796 797 798 799 801 802 803 811 812 843 844
211 -3.31485 2.2747 6.07514 0 0 -0.810115 0.586272 1.3894 743 745 748 750 759 760 761 762 771 772 773 778 779 780 781 784 785 786 787 788 790 792 793 794 795 796 797 798 799 803 807 810 811 812 813 814 828 838 843 844 845 846 849 851
212 -5.44623 4.07389 5.20417 0 0 -0.854905 0.518784 1.27035 723 724 748 750 756 758 763 786 801 802 803 804
213 -4.65216 3.98533 5.2277 0 0 -0.863086 0.505057 1.30399 748 750 782 784 785 786 787 788 794 801 802 803 804
214 -5.43287 4.00086 6.02129 0 0 -0.865122 0.501561 1.29443 701 708 709 710 721 723 724 748 750 754 755 756 757 758 759 760 761 762 763 785 786 787 788 797 801 802 803 804
215 -3.59584 0.490556 6.04542 0 0 -0.344774 0.938686 1.33234 140 144 146 148 150 151 230 234 235 237 239 248 774 775 776 777 780 806 807 809 810 811 812 813 814 816 818 826 828 844 849
216 -3.75865 1.17559 6.02827 0 0 -0.261751 0.965135 1.30485 149 151 234 235 239 768 769 774 775 776 777 778 780 781 806 807 809 810 811 812 813 814 818 826 828 838 843 844 845 846 847 849 851 854 859
217 -4.03497 0.622631 5.41534 0 0 -0.187992 0.98217 0.803329 233 234 235 237 239 245 247 248 251 253 806 809 810 813 816 818 821 823 826 828 829 831 832 833 834 849
218 -3.56002 1.93459 5.27211 0 0 -0.295584 0.955317 1.38281 779 780 781 792 795 799 807 811 812 814 838 839 843 844 845 846 847 851 859
219 -3.85976 2.974 5.16719 0 0 -0.305916 0.952058 1.22384 784 790 792 793 795 812 838 839 843 845 846 847 868 871
220 -3.02374 3.46769 5.02844 0 0 -0.428415 0.903582 1.08631 795 838 839 844 845 846 847 859 861 868 871 873
221 -4.03983 1.94082 5.95117 0 0 -0.199534 0.979891 1.20546 775 777 778 779 780 781 792 795 799 806 807 809 810 811 812 813 814 826 828 838 839 843 844 845 846 847 849 851 853 859 861 862 863 866 871
222 -4.23345 2.76495 5.87002 0 0 -0.182451 0.983215 1.12332 779 781 790 792 795 799 810 811 812 813 814 828 838 839 843 844 845 846 847 849 851 859 861 862 863 868 871 872
223 -4.49358 2.38987 5.05316 0 0 -0.0353096 0.999376 0.612363 814 828 833 843 844 845 846 847 849 850 851 854 856 858 859 860 861 864 866 868 869 870 871 873
224 -22.0692 4.88868 6.6747 0 0 -0.0554615 0.998461 0.622928 394 395 875 876 877
225 -18.3724 3.32991 7.70904 0 0 0.911329 0.411679 1.49534 408 411 412 413 414 415 423 432 433 434 435 436 875 876 878 879 880 881 882 884 885 886 887 888 889 890 891 893
226 -18.1084 2.03561 7.65974 0 0 0.666359 0.745631 1.35796 396 397 398 399 426 427 429 430 431 432 483 484 875 878 879 880 881 882 883 884 885 886 887 894 895 896 897
227 -17.307 4.36881 7.67872 0 0 0.943269 -0.332029 1.39753 406 407 408 410 411 412 413 414 421 422 423 426 427 428 432 875 876 877 878 879 880 881 882 883 884 885 886 887 888 889 890 891 892 893 894 895 896 897
228 -18.1018 5.32634 7.65694 0 0 0.921613 -0.38811 1.35271 395 406 407 408 410 411 412 413 421 423 432 875 876 877 878 879 880 881 882 883 884 885 886 887 888 889 890 891 892 893 897
229 -18.1263 6.16635 7.65412 0 0 0.91264 -0.408764 1.34756 395 406 407 408 410 411 412 413 414 415 421 432 433 434 435 436 876 877 879 880 881 884 885 887 888 889 890 891 892 893
230 -17.314 5.30818 7.6616 0 0 0.922402 -0.386232 1.36151 395 406 407 408 410 411 412 413 414 415 421 422 423 425 428 429 430 431 432 433 434 435 436 438 876 877 879 880 881 882 883 884 885 886 887 888 889 890 891 892 893 894 895 897
231 -16.5496 3.01927 7.7087 0 0 0.999989 -0.00458768 1.49356 396 397 398 399 412 421 422 423 424 425 426 427 428 429 430 431 432 433 434 435 438 439 440 442 882 883 884 885 886 887 893 894 895 896 897
232 -16.0915 4.25893 7.60497 0 0 0.981742 -0.190219 1.27143 397 399 407 408 410 411 412 413 414 415 421 422 423 424 425 426 427 428 429 430 432 433 434 435 436 437 438 439 446 479 881 882 883 884 885 886 887 889 890 891 892 893 894 895 896 897
233 -4.83419 -0.301574 5.97382 0 0 0.0202446 0.999795 0.307908 243 244 245 246 251 252 253 254 330 332 333 334 335 336 337 368 370 376 378 821 822 823 824 831 832 833 834 854 855 856 857 898 899 900 901 902 903 904 905 906 907 908 909 916 918 924 926 944 946
234 -4.84985 0.635447 5.93026 0 0 -0.0038798 0.999992 0.289676 251 252 253 254 334 336 337 376 378 821 822 823 824 831 832 833 834 854 855 856 857 864 865 866 867 898 899 900 901 902 903 904 905 906 907 908 909 910 911 912 916 918 924 926 944 946 952 954
235 -4.82005 1.4208 6.02374 0 0 -0.00132604 0.999999 0.328934 821 822 823 824 831 832 833 834 854 855 856 857 864 865 866 867 873 874 898 900 901 902 903 904 905 906 907 908 909 910 911 912 913 916 918 924 926 944 946 952 954 970 971 973
236 -4.80599 2.21774 6.06383 0 0 -0.000786451 1 0.345928 831 832 833 834 854 855 856 857 864 865 866 867 873 874 902 904 905 906 907 908 909 910 911 912 913 924 926 944 946 952 954 970 971 973
237 -3.38601 -0.396039 7.8094 0 0 0.0476853 0.998862 0.799917 335 337 371 377 379 387 390 391 899 901 903 905 907 917 919 925 927 929 934 935 938 939 945 962 963
238 -3.39444 0.636626 7.81081 0 0 -0.00530603 0.999986 0.800722 337 379 391 899 901 903 905 907 909 911 917 919 921 925 927 934 935 938 939 945 947 948 953 962 963 966
239 -1.14421 -0.154472 8.49919 0 0 -0.0215749 0.999767 1.45421 373 380 381 390 391 392 393 920 921 928 929 934 935 936 937 938 939 940 941 948 1351 1352 1898 1899 1902 1903
240 -2.11159 0.628193 8.17684 0 0 -0.00434047 0.999991 1.0437 393 920 921 928 929 934 935 936 937 938 939 940 941 948 949 962 963 964 965 1899 1926
241 -1.45541 -0.0292807 9.23985 0 0 -0.0738374 0.99727 1.32308 369 371 372 373 377 379 380 381 386 387 388 389 390 391 392 393 917 920 921 928 929 934 935 936 937 938 939 940 941 948 949 962 964 1347 1348 1350 1351 1352 1353 1354 1898 1899 1900 1901 1902 1903 1904 1905 1917 1926 1927 1928 1929
242 -1.41235 1.46926 9.15944 0 0 -0.343387 0.939194 1.21484 333 335 337 373 377 379 380 381 387 390 391 392 393 899 901 917 919 920 921 925 927 928 929 934 935 936 937 938 939 940 941 948 962 963 964 965 968 1352 1895 1897 1898 1899 1901 1902 1903 1904 1905 1915 1917 1926 1927 1928 1929 1930 1932
243 -3.4336 1.42436 7.77208 0 0 -0.00246885 0.999997 0.778719 901 903 905 907 909 911 913 919 925 927 935 938 939 945 947 952 953 955 962 963 966 967 971 974 977
244 -3.42029 2.24415 7.78528 0 0 -0.00693624 0.999976 0.786163 905 907 909 911 913 927 939 945 947 953 955 962 963 966 967 971 973 974 975 977
245 -2.14946 1.4259 8.15436 0 0 -0.00359186 0.999994 1.02609 928 929 937 938 939 940 941 948 949 956 957 962 963 964 965 966 967 968 969 978
246 -2.1622 2.22664 8.14659 0 0 -0.0037758 0.999993 1.02012 941 948 949 956 957 962 963 964 965 966 967 968 969 975 977 978
247 -1.33303 1.52679 9.2685 0 0 -0.0603619 0.998177 1.37523 917 919 920 921 925 927 928 929 934 935 936 937 938 939 940 941 945 948 949 956 957 962 963 964 965 966 967 968 969 975 977 978 1898 1899 1901 1902 1903 1904 1905 1926 1927 1928 1929 1930 1931 1932 1933 1955 1956
248 -1.34012 2.22891 9.26843 0 0 -0.00827696 0.999966 1.37509 925 927 928 929 939 940 941 945 947 948 949 953 955 956 957 962 963 964 965 966 967 968 969 974 975 977 978 1902 1903 1904 1905 1926 1927 1928 1929 1930 1931 1932 1933 1955 1956
249 -4.82124 2.97691 6.01959 0 0 0.00644817 0.999979 0.327177 854 855 856 857 864 865 866 867 873 874 906 908 909 910 911 912 913 944 946 952 954 970 971 973
250 -3.41529 2.9926 7.79037 0 0 0.00467329 0.999989 0.789052 909 911 913 947 953 955 957 963 966 967 971 974 977
251 -2.15848 3.02034 8.14889 0 0 -0.00199388 0.999998 1.02188 956 957 965 966 967 968 969 975 977 978
252 -1.33038 3.01696 9.27037 0 0 -0.00195354 0.999998 1.3791 945 947 948 949 953 955 956 957 963 964 965 966 967 968 969 974 975 977 978 1926 1927 1928 1929 1930 1931 1932 1933 1955 1956
253 3.73839 -8.13642 5.27336 0 0 0.934377 0.356285 0.72466 167 980 981 982 986
254 4.639 -7.32975 5.4323 0 0 0.990587 0.136887 0.418574 980 981 982 983 985 986 988 990 993 995 997 1280 1282 1286 1288 1291 1293
255 4.04236 -6.15388 6.32228 0 0 0.99604 0.0889018 0.867089 980 983 985 986 988 989 990 991 992 993 994 995 997 998 999 1001 1004 1005 1006 1007 1008 1009 1010 1280 1281 1282 1286 1288 1291 1293 1295
256 4.06453 -6.73799 6.64861 0 0 0.948347 0.317236 1.10392 980 983 985 986 988 990 991 992 993 998 999 1004 1006 1007 1008 1009 1010 1011 1012 1013 1034 1065 1066 1067 1069 1282
257 4.07476 -4.86913 6.31977 0 0 0.999599 -0.0283187 0.865538 984 985 986 987 988 990 991 992 993 994 995 997 998 999 1000 1001 1003 1004 1005 1006 1007 1010 1011 1016 1017 1018 1020 1034 1282 1286 1288 1291 1293 1295 1297 1355
258 3.90843 -3.98497 6.44442 0 0 0.998612 -0.0526737 0.94638 990 992 993 997 998 999 1001 1003 1004 1005 1006 1007 1010 1011 1017 1020 1021 1025 1028 1031 1034 1036 1288 1291 1293 1295 1297 1355 1357 1358
259 3.16279 -5.62728 6.90048 0 0 0.863432 0.504466 1.45874 986 991 992 993 998 999 1004 1006 1007 1008 1009 1010 1011 1012 1013 1065 1066 1067 1068 1069 1070 1071 1072 1096 1098 1099 1292
260 3.89315 -3.12645 5.65023 0 0 0.997664 -0.0683084 0.950368 996 1004 1005 1010 1011 1013 1018 1020 1021 1027 1028 1029 1031 1034 1035 1036 1037 1041
261 3.9845 -3.22235 6.39036 0 0 0.999145 -0.0413329 0.91029 996 997 999 1001 1003 1004 1005 1007 1010 1011 1017 1019 1020 1021 1024 1025 1027 1028 1029 1031 1034 1036 1037 1041 1042 1044 1055 1293 1295 1297 1355 1357 1359 1361
262 3.27101 -2.0722 5.94317 0 0 0.98152 -0.191359 1.1966 1005 1020 1021 1028 1029 1031 1033 1034 1036 1037 1038 1041 1042 1049 1055
263 4.52038 -3.01914 5.77305 0 0 0.996388 0.0849192 0.573717 1003 1011 1015 1017 1019 1021 1022 1025 1027 1028 1029 1034 1036 1037 1041 1042 1043 1044 1045 1046 1049 1051 1052 1053 1054 1055 1056 1059 1297 1355 1357 1359 1361 1363 1365 1367 1369
264 2.67236 -2.5911 6.0915 0 0 -0.647889 0.761735 1.43024 1005 1011 1013 1020 1021 1028 1031 1033 1034 1035 1036 1038 1068 1096 1097 1098 1099 1100 1102 1103
265 2.53342 -2.64339 6.89369 0 0 -0.574668 0.818387 1.43662 999 1004 1005 1010 1011 1012 1013 1020 1021 1028 1031 1033 1034 1035 1036 1037 1038 1039 1068 1070 1072 1096 1097 1098 1099 1100 1101 1102 1103 1104 1105 1106 1107 1109 1112 1117 1125 1358
266 3.10871 -1.95061 6.10358 0 0 -0.846956 0.531663 1.47044 1028 1029 1031 1033 1036 1037 1038 1039 1041 1042 1055 1056 1057 1096 1097 1099 1100 1101 1102 1103 1109 1115
267 3.59769 -1.65984 5.83843 0 0 0.999214 -0.0396422 1.09496 1024 1028 1029 1036 1037 1038 1041 1042 1044 1046 1049 1050 1051 1052 1054 1055 1056 1059 1061 1374
268 4.72901 -2.0856 5.42404 0 0 0.998511 0.054556 0.41496 1019 1021 1025 1027 1028 1029 1037 1043 1044 1045 1046 1051 1052 1053 1054 1055 1059 1061 1357 1359 1361 1363 1365 1367 1369 1377 1378 1379 1380 1392 1934
269 3.74752 -0.910193 5.75661 0 0 0.99976 -0.02189 1.02783 1026 1041 1042 1043 1045 1049 1050 1051 1053 1055 1056 1059 1061 1374 1376 1378 1379 1380 1384 1392 1396
270 4.76174 -0.946597 5.38527 0 0 0.999974 -0.00726085 0.398077 1027 1029 1043 1044 1045 1046 1051 1052 1053 1054 1055 1056 1059 1061 1361 1363 1365 1367 1369 1376 1377 1378 1379 1380 1384 1387 1388 1389 1392 1934 1936 1938
271 3.50372 -1.24678 6.07893 0 0 0.946753 -0.321961 1.39801 1033 1036 1037 1038 1039 1041 1042 1049 1050 1055 1056 1057 1058 1059 1061 1063 1064 1100 1101 1102 1103 1109 1115 1116 1117 1120 1374 1392
272 4.18107 -1.02381 5.93911 0 0 0.999909 0.0134543 1.19219 1029 1037 1039 1041 1042 1047 1048 1049 1050 1055 1056 1057 1058 1059 1061 1063 1064 1101 1115 1116 1120 1121 1372 1374 1376 1384 1392 1393 1394 1395 1396 1397 1398 1441 1442 1445
273 4.43991 -6.22184 6.69098 0 0 0.883608 0.468227 1.14311 989 991 992 993 994 995 996 998 999 1004 1006 1007 1008 1009 1010 1011 1012 1013 1065 1066 1067 1068 1069 1070 1071 1072 1073 1083 1096 1098 1104 1105 1106 1107
274 3.32435 -3.66081 6.91231 0 0 -0.516469 0.856306 1.51528 993 998 999 1004 1005 1006 1007 1008 1009 1010 1011 1012 1013 1034 1035 1065 1066 1067 1068 1069 1070 1071 1072 1073 1083 1089 1096 1097 1098 1099 1104 1105 1106 1107 1112 1113 1135 1136
275 4.88054 -5.00266 6.86761 0 0 0.867787 0.496936 1.3734 1007 1008 1009 1010 1011 1012 1013 1065 1066 1067 1068 1069 1070 1071 1072 1073 1081 1083 1089 1093 1096 1098 1099 1104 1105 1106 1107 1113 1135 1136 1137 1138 1140 1142 1143 1146
276 4.37145 -5.97027 5.0176 0 0 0.0560409 0.998428 1.07708 1074 1076 1077 1084 1085 1086 1171 1174
277 4.97311 -5.96864 6.04584 0 0 0.0874324 0.99617 1.33306 1074 1076 1077 1084 1085 1086 1088 1089 1091 1171 1175 1177 1179
278 5.94821 -5.44608 6.70384 0 0 0.868878 0.495026 1.15569 1012 1013 1065 1066 1067 1068 1069 1070 1071 1072 1073 1081 1083 1085 1089 1091 1093 1096 1098 1104 1105 1106 1107 1135 1136 1137 1138 1140 1142 1143 1144 1146 1147 1148 1150 1151 1179 1184 1186
279 5.9317 -4.18832 6.09215 0 0 -0.675515 0.737346 1.4321 1076 1077 1081 1084 1085 1086 1088 1089 1091 1171 1175 1177
280 6.84498 -3.30973 5.99758 0 0 0.92009 -0.391708 1.26157 1076 1077 1083 1084 1085 1088 1089 1091 1093 1135 1137 1138 1144 1146 1147 1175 1177 1179 1180 1184
281 3.13603 -2.55638 6.06642 0 0 -0.505386 0.862893 1.371 1011 1012 1013 1031 1033 1034 1035 1038 1068 1070 1096 1097 1098 1099 1100 1102 1103 1104 1105 1106 1107 1109 1112 1113 1136
282 3.12761 -2.59314 6.87185 0 0 -0.493517 0.869736 1.38225 1004 1005 1006 1007 1009 1010 1011 1012 1013 1020 1021 1031 1033 1034 1035 1038 1065 1067 1068 1069 1070 1071 1072 1073 1096 1097 1098 1099 1100 1101 1102 1103 1104 1105 1106 1107 1109 1112 1113 1114 1125 1127 1135 1136 1137 1138 1140 1141 1142 1152
283 3.13447 -1.80348 6.07418 0 0 -0.493794 0.869579 1.38729 1031 1033 1035 1036 1037 1038 1039 1057 1097 1099 1100 1101 1102 1103 1109 1112 1114 1115 1117 1118 1125 1126 1127 1128 1141 1152
284 3.92882 -2.62947 6.87768 0 0 -0.484921 0.874558 1.39512 1012 1013 1034 1035 1065 1066 1067 1068 1069 1070 1071 1072 1073 1083 1089 1096 1097 1098 1099 1102 1104 1105 1106 1107 1109 1112 1113 1114 1135 1136 1137 1138 1140 1141 1142 1143 1146 1147 1148 1149 1150 1152 1156 1184
285 3.88214 -1.82142 6.07174 0 0 -0.468126 0.883662 1.38201 1033 1038 1097 1098 1099 1100 1101 1102 1103 1105 1107 1109 1112 1113 1114 1117 1125 1127 1128 1140 1141 1143 1149 1152 1153 1155 1156 1157
286 3.69943 -2.74245 6.90223 0 0 0.108919 0.994051 1.46518 1063 1069 1070 1071 1072 1073 1083 1089 1098 1099 1100 1101 1102 1103 1104 1105 1106 1107 1109 1112 1113 1114 1115 1116 1117 1118 1120 1122 1124 1125 1126 1127 1128 1129 1131 1132 1133 1135 1136 1137 1138 1140 1141 1142 1143 1152 1153 1155 1156 1157 1158 1159 1452 1477
287 3.47975 -0.878286 6.07333 0 0 -0.658382 0.752684 1.38544 1036 1037 1038 1039 1041 1042 1049 1055 1056 1057 1058 1059 1063 1101 1103 1109 1115 1116 1117 1118 1120 1122 1125 1126 1127 1128 1129 1132 1133 1152 1153 1157
288 4.756 -0.123203 5.91362 0 0 0.94888 -0.315637 1.1655 1050 1058 1059 1061 1063 1064 1101 1103 1109 1115 1116 1117 1118 1120 1122 1124 1125 1126 1127 1128 1129 1131 1132 1153 1374 1375 1376 1392 1393 1394 1395 1396 1398 1441 1442 1443 1444 1445 1449
289 4.04803 -0.929143 6.07123 0 0 -0.5562 0.831048 1.38093 1039 1057 1058 1100 1101 1102 1103 1109 1114 1115 1116 1117 1118 1122 1125 1126 1127 1128 1129 1132 1133 1152 1153 1155 1156 1157 1158 1159 1160 1162 1167
290 5.2428 -0.245295 6.02598 0 0 0.93546 -0.353432 1.30139 1064 1111 1118 1120 1122 1124 1125 1126 1127 1128 1129 1131 1132 1133 1139 1152 1153 1155 1157 1158 1159 1162 1392 1394 1395 1441 1442 1443 1444 1445 1447 1449 1450 1452 1453 1454 1477
291 4.86406 -2.81517 5.17878 0 0 -0.230669 0.973032 1.23774 1085 1137 1138 1142 1146 1148 1150
292 5.39954 -3.80495 6.91615 0 0 0.844856 0.534995 1.56806 1069 1070 1071 1072 1073 1083 1089 1093 1096 1097 1098 1099 1104 1105 1106 1107 1112 1113 1135 1136 1137 1138 1140 1141 1142 1143 1144 1146 1147 1148 1149 1150 1151 1164 1165 1179 1184 1186 1187
293 4.71826 -1.74247 6.06211 0 0 -0.501524 0.865144 1.36248 1103 1105 1106 1107 1109 1112 1113 1114 1127 1136 1138 1140 1141 1142 1143 1148 1149 1150 1151 1152 1155 1156 1162 1164 1165 1187
294 4.73634 -1.75197 6.86567 0 0 -0.506481 0.862251 1.36949 1071 1072 1073 1083 1098 1099 1100 1103 1104 1105 1106 1107 1109 1112 1113 1114 1127 1135 1136 1137 1138 1140 1141 1142 1143 1146 1147 1148 1149 1150 1151 1152 1153 1155 1156 1162 1164 1165 1166 1167 1169 1186 1187 1188 1189 1193 1194 1195
295 3.92151 -3.47689 5.51484 0 0 0.0216679 0.999765 0.862501 1083 1086 1087 1088 1091 1093 1135 1136 1137 1138 1140 1142 1143 1146 1148 1149
296 6.45972 -4.31091 6.84897 0 0 0.849714 0.527244 1.33843 1073 1081 1083 1089 1091 1093 1099 1104 1105 1106 1107 1113 1135 1136 1137 1138 1140 1142 1143 1144 1146 1147 1148 1149 1150 1151 1165 1179 1182 1184 1186 1187 1188 1189 1190 1193 1195 1196 1202
297 5.58766 -1.92029 6.89445 0 0 -0.485923 0.874001 1.43892 1083 1089 1093 1106 1107 1112 1113 1114 1135 1136 1137 1138 1140 1141 1142 1143 1146 1147 1148 1149 1150 1151 1152 1156 1162 1164 1165 1166 1186 1187 1188 1189 1190 1191 1193 1194 1195 1196 1201 1202 1203 1204
298 4.67279 -0.986337 6.06492 0 0 -0.473632 0.880723 1.368 1103 1109 1113 1114 1117 1125 1126 1127 1128 1132 1141 1143 1152 1153 1155 1156 1157 1159 1160 1162 1164 1166 1167 1168 1169 1170 1194 1486
299 4.68497 -0.983757 6.86584 0 0 -0.478964 0.877834 1.36983 1100 1101 1102 1103 1104 1105 1106 1107 1109 1112 1113 1114 1115 1117 1118 1125 1126 1127 1128 1132 1136 1140 1141 1142 1143 1148 1149 1151 1152 1153 1155 1156 1157 1158 1159 1160 1162 1164 1165 1166 1167 1168 1169 1170 1193 1194 1195 1196 1198 1200 1201 1486 1489 1490 1521
300 5.1692 -0.0671031 6.07265 0 0 -0.694504 0.719489 1.38397 1118 1122 1124 1126 1128 1129 1131 1132 1133 1153 1155 1157 1158 1159 1160 1162 1166 1167 1168 1169 1170 1198 1443 1452 1477 1479 1486 1489 1521
301 5.48452 -0.963708 6.06229 0 0 -0.483688 0.875241 1.36282 1127 1141 1142 1143 1149 1151 1152 1153 1155 1156 1159 1162 1164 1165 1166 1167 1169 1170 1193 1194 1196 1198 1200 1201 1203 1521
302 5.49816 -0.973559 6.86552 0 0 -0.486571 0.873641 1.36919 1113 1114 1125 1127 1128 1135 1136 1138 1140 1141 1142 1143 1146 1148 1149 1150 1151 1152 1153 1155 1156 1159 1162 1164 1165 1166 1167 1168 1169 1170 1186 1187 1189 1193 1194 1195 1196 1198 1200 1201 1202 1203 1204 1205 1208 1209 1210 1521 1523 1524 1530
303 6.27573 -0.131371 6.07671 0 0 -0.807805 0.589449 1.39293 1132 1133 1153 1155 1157 1158 1159 1160 1162 1166 1167 1168 1169 1170 1194 1195 1196 1198 1200 1201 1452 1453 1477 1479 1481 1486 1489 1521
304 7.42915 -6.12882 6.10272 0 0 0.969009 0.247026 1.46707 1076 1077 1086 1171 1175 1177 1180
305 8.31574 -3.83681 5.06207 0 0 0.99356 -0.113305 1.11603 1177 1179 1180 1182 1183 1184 1185
306 7.29167 -5.88389 6.05113 0 0 0.860025 0.510252 1.34222 1076 1077 1084 1086 1088 1091 1171 1175 1177 1180 1183
307 7.93401 -4.29038 6.02155 0 0 0.998958 0.045648 1.29481 1076 1084 1088 1091 1093 1144 1175 1177 1179 1180 1182 1183 1184
308 8.17619 -2.78541 5.08753 0 0 0.978819 -0.204727 1.1398 1180 1182 1183 1188
309 8.04138 -3.5576 5.98618 0 0 0.997654 0.0684505 1.24692 1088 1091 1093 1144 1147 1175 1177 1179 1180 1182 1183 1184 1186 1187 1188 1189 1190 1193
310 6.97191 -3.14096 6.91308 0 0 0.804219 0.594334 1.52117 1127 1137 1138 1140 1141 1142 1143 1144 1146 1147 1148 1149 1150 1151 1156 1164 1165 1182 1183 1184 1186 1187 1188 1189 1190 1191 1193 1194 1195 1196 1202 1203 1204 1205 1210 1212 1213 1216
311 8.1035 -3.82668 6.75545 0 0 0.829191 0.558965 1.21028 1093 1143 1144 1147 1148 1149 1150 1151 1164 1165 1182 1183 1184 1186 1187 1188 1189 1190 1191 1193 1194 1195 1196 1202 1203 1204 1205 1208 1210 1212 1213 1214 1215 1216 1218 1219 1220 1222 1223
312 6.30785 -0.989919 6.06933 0 0 -0.486395 0.873739 1.37694 1149 1150 1151 1162 1164 1165 1166 1169 1187 1189 1193 1194 1195 1196 1200 1201 1202 1203 1205 1208 1209 1210 1213
313 6.31473 -0.982575 6.8688 0 0 -0.490904 0.871213 1.37586 1142 1143 1146 1147 1148 1149 1150 1151 1155 1156 1162 1164 1165 1166 1169 1186 1187 1188 1189 1190 1191 1193 1194 1195 1196 1198 1200 1201 1202 1203 1204 1205 1208 1209 1210 1211 1212 1213 1214 1215 1216 1217 1218 1530 1534
314 6.20718 -0.410254 6.08828 0 0 -0.37553 0.92681 1.42132 1155 1159 1162 1165 1166 1167 1168 1169 1170 1193 1194 1196 1198 1200 1201 1208 1209 1211 1489 1521 1522 1523 1524 1528 1530 1531 1533 1534 1535
315 6.28413 -0.177457 6.86466 0 0 -0.480199 0.87716 1.36748 1148 1149 1151 1153 1155 1156 1157 1159 1160 1162 1164 1165 1166 1167 1168 1169 1170 1187 1193 1194 1195 1196 1198 1200 1201 1202 1203 1205 1208 1209 1210 1211 1216 1217 1218 1219 1489 1521 1522 1523 1524 1530 1531 1533 1534 1535 1537 1538 1561 1563 1564 1566
316 7.07393 -1.13136 6.88624 0 0 -0.431714 0.902011 1.41593 1150 1151 1165 1179 1186 1187 1188 1189 1190 1191 1193 1194 1195 1196 1201 1202 1203 1204 1205 1208 1209 1210 1211 1212 1213 1214 1215 1216 1217 1218 1219 1220 1221 1222 1223 1224 1563 1564
317 7.02757 -0.201035 6.06206 0 0 -0.452757 0.891634 1.36238 1194 1195 1196 1198 1200 1201 1203 1205 1208 1209 1210 1211 1216 1217 1219 1223 1523 1530 1533 1534 1561 1563 1564 1566
318 6.98488 -0.299631 6.87205 0 0 -0.407394 0.913252 1.38268 1165 1166 1169 1187 1188 1189 1190 1191 1193 1194 1195 1196 1198 1200 1201 1202 1203 1204 1205 1208 1209 1210 1211 1212 1213 1215 1216 1217 1218 1219 1222 1223 1225 1523 1530 1531 1533 1534 1537 1561 1563 1564 1565 1566 1567 1568 1569 1570 1571 1572
319 8.56356 -2.50813 6.90002 0 0 0.780672 0.624941 1.45712 1188 1189 1190 1191 1193 1194 1195 1196 1201 1202 1203 1204 1205 1208 1210 1211 1212 1213 1214 1215 1216 1217 1218 1219 1220 1221 1222 1223 1224 1225 1226 1227 1619
320 7.8295 -0.294475 6.87672 0 0 -0.425948 0.904748 1.39294 1190 1191 1195 1196 1201 1202 1203 1204 1205 1208 1209 1210 1211 1212 1213 1214 1215 1216 1217 1218 1219 1220 1221 1222 1223 1224 1225 1226 1227 1229 1534 1561 1563 1564 1565 1570 1571 1572 1573 1577 1578 1619 1620 1621
321 9.62841 -2.99169 6.77697 0 0 0.816638 0.57715 1.23554 1191 1196 1201 1202 1203 1204 1205 1208 1210 1212 1213 1214 1215 1216 1217 1218 1219 1220 1221 1222 1223 1224 1225 1226 1227 1228 1229 1230 1572 1619 1621 1627 1628
322 8.61411 -0.415452 6.88956 0 0 -0.376147 0.92656 1.4248 1203 1204 1205 1210 1212 1213 1214 1215 1216 1217 1218 1219 1220 1221 1222 1223 1224 1225 1226 1227 1228 1229 1230 1564 1570 1571 1572 1573 1578 1619 1620 1621 1622 1623 1624 1625 1627 1628 1629
323 9.78442 -1.54734 6.91192 0 0 0.565082 0.825035 1.51257 1216 1217 1218 1219 1220 1221 1222 1223 1224 1225 1226 1227 1228 1229 1230 1231 1564 1565 1570 1571 1572 1573 1577 1619 1620 1621 1622 1627 1629 1658
324 11.1995 -2.21123 6.77375 0 0 0.808991 0.587821 1.23164 1221 1222 1223 1224 1225 1226 1227 1228 1229 1230 1231 1564 1570 1572 1619 1620 1621 1622 1627 1628 1629 1630 1633 1658 1659 1660 1662 1663 1669
325 3.35267 -6.58491 6.17158 0 0 1 -0.000300045 0.0622082 1237 1239 1243 1245 1248 1249 1252 1253 1274 1284 1285 1290
326 3.33202 -6.92187 7.84852 0 0 0.996957 0.0779523 0.82264 1234 1237 1239 1243 1245 1248 1249 1252 1253 1261 1274 1284 1285 1290
327 3.30784 -6.65255 7.72864 0 0 0.981042 0.193794 0.754595 1020 1237 1239 1243 1245 1248 1249 1252 1253 1259 1261 1263 1274 1285 1290 1294 1296
328 1.50258 -6.83414 9.224 0 0 0.993895 0.110331 1.29842 289 290 291 292 293 294 295 296 316 317 1234 1235 1239 1240 1241 1243 1245 1246 1247 1248 1249 1250 1251 1252 1253 1258 1259 1261 1272 1273 1274 1275 1294
329 1.54005 -5.79451 9.22117 0 0 0.999994 0.00343777 1.29426 289 290 291 292 293 294 295 296 314 315 316 317 318 319 320 321 1234 1235 1240 1241 1246 1247 1248 1249 1250 1251 1252 1253 1258 1259 1272 1273 1274 1275 1276 1277 1278
330 1.76484 -4.97537 8.34568 0 0 0.999991 -0.00414795 1.19936 292 295 296 316 317 320 321 360 1235 1240 1241 1250 1251 1252 1253 1258 1259 1272 1273 1274 1275 1276 1277 1278 1279 1305
331 2.0252 -4.17363 8.22667 0 0 0.999992 -0.0040183 1.08479 296 316 317 320 321 361 364 1258 1259 1267 1272 1273 1274 1275 1276 1277 1278 1279 1305 1306 1319 1320 1321 1322
332 3.27197 -5.99959 7.69881 0 0 0.974231 0.225554 0.738339 1028 1239 1243 1245 1252 1253 1261 1263 1269 1274 1275 1292 1294 1296 1298 1356 1358
333 3.63329 -4.21484 6.74771 0 0 0.999983 0.00579051 0.65937 1260 1262 1268 1270 1292 1294 1296 1298 1307 1309 1356 1357 1358
334 1.43525 -5.65195 9.19354 0 0 0.959392 0.282077 1.2563 287 288 290 292 293 294 295 296 312 313 314 315 316 317 318 320 321 360 1241 1246 1247 1250 1251 1252 1253 1258 1259 1263 1269 1271 1272 1273 1274 1275 1276 1277 1278 1279 1296 1298 1305 1306 1308 1310 1313 1319 1320 1321 1322 1325 1356 1358
335 0.827429 -6.73309 8.13158 0 0 0.763183 0.646183 0.55409 314 315 316 317 1266 1269 1271 1272 1273 1275 1276
336 4.84314 -6.58392 5.96367 0 0 1 -0.000485783 0.30365 982 983 985 988 990 995 997 1262 1280 1281 1282 1283 1284 1285 1286 1287 1288 1289 1290 1291 1292 1293
337 4.89102 -6.57535 6.5888 0 0 0.999998 -0.00195984 0.23111 1237 1239 1243 1245 1248 1249 1252 1253 1261 1262 1263 1274 1275 1280 1281 1282 1283 1284 1285 1286 1287 1288 1289 1290 1291 1292 1293 1294
338 4.84989 -6.04221 5.90293 0 0 0.998999 0.044724 0.278286 982 983 985 988 990 995 997 1001 1003 1260 1262 1268 1270 1280 1281 1282 1283 1284 1285 1286 1287 1288 1289 1290 1291 1292 1293 1294 1295 1296 1297 1298
339 -0.718235 -5.79768 7.07613 0 0 0.00202181 0.999998 0.437848 1250 1251
340 4.7704 -5.7425 5.86549 0 0 0.991136 0.132853 0.262744 985 988 990 995 997 1001 1003 1017 1019 1025 1260 1262 1268 1270 1282 1283 1285 1286 1287 1288 1289 1290 1291 1292 1293 1294 1295 1296 1297 1298 1307 1309 1310 1315 1316 1355 1356 1357 1358 1360
341 4.75293 -5.02457 5.84283 0 0 0.989095 0.147276 0.253372 990 995 997 1001 1003 1017 1019 1021 1025 1027 1028 1044 1260 1262 1268 1270 1288 1289 1291 1292 1293 1294 1295 1296 1297 1298 1307 1309 1310 1315 1316 1317 1318 1335 1336 1337 1338 1355 1356 1357 1358 1359 1360 1361 1362 1363
342 -0.127664 -3.37124 8.51507 0 0 -0.0145804 0.999894 1.54128 320 321 360 361 364 365 1267 1276 1277 1278 1279 1305 1306 1313 1314 1319 1320 1321 1322 1323 1324 1325 1326 1333
343 2.23283 -2.56937 8.10381 0 0 0.999989 -0.00472531 0.98824 1305 1306 1313 1314 1320 1321 1322 1323 1324 1325 1326 1333 1334 1347 1348 1349 1350
344 0.817352 -6.07673 7.87184 0 0 0.759177 0.650884 0.435951 318 320 1276 1278
345 0.883755 -5.08155 8.19525 0 0 0.771267 0.636511 0.584327 358 359 360 361 1313 1316 1318 1319 1320 1322 1323
346 2.21665 -1.7872 8.11442 0 0 1 0.000142054 0.996007 1313 1314 1323 1324 1325 1326 1333 1334 1341 1342 1347 1348 1349 1350 1351 1352 1353 1354
347 2.12141 -0.97682 8.17312 0 0 0.999996 -0.00286669 1.04075 389 936 1324 1333 1334 1341 1342 1347 1348 1349 1350 1351 1352 1353 1354 1884 1885 1898 1899 1900 1901 1902
348 -0.778317 -1.75115 7.19751 0 0 -0.00897093 0.99996 0.914966 1347 1348
349 1.42511 -2.38709 9.20698 0 0 0.965018 0.262184 1.27417 343 349 351 359 361 362 363 364 365 369 386 387 388 389 390 392 393 936 1314 1319 1320 1322 1323 1324 1325 1326 1333 1334 1338 1341 1342 1344 1346 1347 1348 1349 1350 1351 1352 1353 1354 1368 1370 1884 1885 1887 1889 1898 1899 1900 1901 1902 1904 1935
350 1.32687 -1.6519 9.22085 0 0 0.951816 0.30667 1.29379 351 363 365 369 371 377 386 387 388 389 390 391 392 393 934 936 937 1323 1324 1334 1341 1342 1344 1346 1347 1348 1349 1350 1351 1352 1353 1354 1884 1885 1887 1889 1892 1893 1895 1897 1898 1899 1900 1901 1902 1903 1904 1905 1912 1928
351 4.75447 -4.21758 5.84498 0 0 0.989277 0.146048 0.254259 997 1001 1003 1017 1019 1021 1025 1027 1028 1029 1044 1045 1046 1052 1262 1268 1270 1293 1294 1295 1296 1297 1298 1307 1309 1315 1317 1335 1336 1337 1338 1343 1344 1345 1346 1355 1356 1357 1358 1359 1360 1361 1362 1363 1364 1365 1366 1367 1368
352 4.13945 -4.52822 5.79517 0 0 0.932808 0.360375 0.233727 1017 1019 1025 1027 1044 1297 1307 1309 1315 1317 1335 1336 1338 1355 1356 1357 1358 1359 1360 1361 1362 1364
353 4.52976 -3.16744 5.82493 0 0 0.968924 0.247357 0.245984 1019 1025 1027 1043 1044 1045 1046 1048 1051 1052 1053 1054 1315 1317 1335 1337 1343 1344 1345 1346 1357 1358 1359 1360 1361 1362 1363 1364 1365 1366 1367 1368 1369 1370 1377 1886 1887 1888 1894 1934 1936
354 4.84982 -0.993701 5.94198 0 0 0.999999 0.00123251 0.294569 1025 1027 1043 1044 1045 1046 1051 1052 1053 1054 1315 1317 1335 1337 1343 1345 1359 1361 1362 1363 1364 1365 1366 1367 1368 1369 1370 1377 1378 1379 1380 1387 1388 1389 1390 1886 1888 1894 1896 1934 1935 1936 1937 1938 1939 1940
355 4.02329 0.360363 5.50437 0 0 0.991283 -0.131752 0.856087 1042 1045 1047 1048 1049 1050 1051 1053 1059 1061 1063 1064 1372 1374 1376 1377 1379 1381 1382 1384 1386 1387 1389 1390 1392 1393 1396 1397 1408 1411
356 4.836 -0.162539 5.18577 0 0 0.999991 -0.0042586 0.312927 1043 1045 1046 1051 1052 1053 1054 1061 1365 1367 1369 1376 1377 1378 1379 1380 1384 1386 1387 1388 1389 1390 1392 1411 1414 1415 1416 1934 1936 1938 1940 1942
357 4.20557 0.849084 5.39102 0 0 0.998581 -0.053261 0.789423 1050 1053 1374 1376 1377 1379 1384 1386 1387 1389 1392 1393 1394 1396 1397 1411 1413 1414 1416 1421 1424 1428 1429 1432
358 4.88263 0.646654 5.02267 0 0 0.999983 -0.00578498 0.245051 1051 1052 1053 1054 1369 1376 1377 1378 1379 1380 1384 1386 1387 1388 1389 1390 1392 1411 1413 1414 1415 1416 1417 1421 1424 1425 1426 1934 1936 1938 1940 1942 1944 1946
359 3.81381 0.299076 6.02558 0 0 0.975075 -0.221877 1.30079 1050 1055 1056 1058 1059 1061 1063 1064 1116 1120 1121 1122 1124 1374 1376 1384 1386 1392 1393 1394 1395 1396 1397 1398 1399 1411 1428 1430 1441 1442 1443 1445
360 3.79868 1.2189 6.01301 0 0 0.962986 -0.269553 1.28255 1061 1063 1064 1121 1376 1384 1386 1392 1393 1394 1395 1396 1397 1398 1399 1411 1413 1414 1421 1428 1429 1430 1431 1432 1433 1441 1442 1443 1444 1445 1446 1447 1449 1450
361 3.73209 2.06784 5.22141 0 0 0.953385 -0.301758 1.2946 1395 1397 1398 1399 1406 1407 1421 1428 1429 1430 1431 1432 1433 1445 1446 1448 1459 1462 1472
362 3.92513 2.988 5.14511 0 0 0.954789 -0.297283 1.19874 1399 1406 1407 1429 1430 1431 1432 1433 1435 1438 1459 1461 1462 1463 1466
363 4.08321 2.72869 5.10748 0 0 0.960561 -0.278071 0.639168 1385 1386 1389 1392 1397 1399 1410 1411 1412 1413 1414 1416 1421 1422 1423 1424 1426 1427 1428 1429 1430 1432 1438 1446
364 4.39755 2.96393 5.04007 0 0 0.9885 -0.151223 0.605975 1389 1397 1411 1412 1413 1414 1416 1421 1422 1423 1424 1426 1428 1429 1430 1431 1432 1433 1437 1438 1439
365 4.11275 1.98345 5.91868 0 0 0.979041 -0.203663 1.17067 1384 1386 1392 1393 1394 1395 1396 1397 1398 1399 1406 1407 1408 1411 1413 1419 1421 1423 1426 1428 1429 1430 1431 1432 1433 1435 1438 1442 1444 1445 1446 1447 1448 1454 1459 1462 1472
366 4.10016 2.87722 5.90634 0 0 0.972205 -0.234129 1.15817 1393 1396 1397 1398 1399 1406 1407 1411 1413 1418 1421 1423 1428 1429 1430 1431 1432 1433 1435 1436 1438 1439 1445 1446 1448 1459 1461 1462 1463 1472 1473
367 3.67943 0.727721 6.07312 0 0 -0.73644 0.676503 1.38497 1050 1061 1064 1121 1124 1131 1132 1133 1157 1158 1374 1376 1384 1392 1393 1394 1395 1396 1397 1398 1399 1441 1442 1443 1444 1445 1447 1449 1450 1452 1453 1454 1456 1477 1478 1482
368 3.37862 1.47064 6.07889 0 0 -0.611623 0.791149 1.39791 1374 1376 1384 1386 1392 1393 1394 1395 1396 1397 1398 1399 1428 1430 1441 1442 1443 1444 1445 1446 1447 1448 1449 1450 1453 1454 1455 1456 1457 1459 1461 1466 1472 1473 1474 1475 1478 1482 1483 1484 1485 1503 1504
369 4.38957 0.845452 6.0488 0 0 -0.702937 0.711252 1.33814 1064 1121 1124 1131 1133 1158 1160 1168 1394 1395 1398 1441 1442 1443 1444 1445 1447 1449 1450 1452 1453 1454 1456 1477 1478 1479 1481 1482 1484 1486 1488 1492
370 3.93445 1.48354 6.05891 0 0 -0.513294 0.858213 1.35638 1064 1121 1394 1395 1396 1398 1399 1441 1442 1443 1444 1445 1446 1447 1448 1449 1450 1453 1454 1455 1456 1457 1466 1472 1473 1474 1475 1478 1482 1483 1484 1485 1492 1493 1503 1504 1505 1506 1507 1508 1509
371 3.38514 2.30732 5.27271 0 0 -0.618288 0.785951 1.38409 1397 1399 1406 1428 1429 1430 1431 1446 1448 1459 1461 1462 1463 1466 1468 1469 1470 1471 1472 1473 1474 1475 1503
372 3.41624 3.11335 5.27288 0 0 -0.631732 0.775187 1.38446 1406 1407 1429 1431 1432 1433 1435 1459 1461 1462 1463 1464 1466 1468 1469 1470 1471 1499 1516 1517
373 3.88222 2.26352 5.25702 0 0 -0.489185 0.87218 1.35286 1446 1447 1448 1455 1457 1459 1461 1463 1466 1468 1470 1471 1472 1473 1474 1475 1499 1501 1503 1504 1506 1507 1509
374 3.88573 3.06825 5.25653 0 0 -0.491568 0.870839 1.35195 1406 1459 1461 1462 1463 1464 1466 1468 1469 1470 1471 1472 1475 1499 1501 1513 1516 1517 1518 1519
375 3.42021 3.23068 5.70696 0 0 -0.671054 0.741409 0.990536 1386 1393 1395 1396 1397 1399 1406 1411 1413 1428 1429 1430 1431 1432 1444 1445 1446 1447 1448 1454 1455 1456 1457 1459 1461 1462 1463 1466 1468 1470 1472 1473 1474 1475 1482 1483 1484 1485 1491 1503 1504 1505
376 3.89208 2.25128 6.06042 0 0 -0.490091 0.871671 1.35924 1398 1399 1428 1430 1431 1441 1442 1444 1445 1446 1447 1448 1450 1454 1455 1456 1457 1459 1461 1463 1466 1468 1469 1470 1471 1472 1473 1474 1475 1482 1483 1485 1499 1501 1503 1504 1505 1506 1507 1508 1509 1510 1511 1512 1513 1514 1517 1518 1519
377 5.60334 0.865406 6.02461 0 0 -0.823602 0.567168 1.29934 1131 1133 1158 1159 1160 1167 1168 1169 1170 1198 1394 1441 1442 1443 1444 1447 1448 1450 1452 1453 1454 1455 1456 1457 1477 1478 1479 1481 1482 1483 1484 1486 1488 1489 1490 1492 1521 1522
378 4.77467 1.51909 6.0559 0 0 -0.535516 0.844525 1.35079 1131 1443 1444 1445 1447 1448 1449 1450 1452 1453 1454 1455 1456 1457 1474 1477 1478 1481 1482 1483 1484 1485 1488 1492 1493 1495 1503 1505 1506 1508 1509 1510 1511 1514 1525 1527 1539 1540
379 6.21688 0.907667 6.0276 0 0 -0.772312 0.635244 1.30384 1131 1133 1158 1160 1168 1169 1170 1198 1200 1450 1452 1453 1456 1457 1477 1479 1481 1482 1483 1484 1485 1486 1488 1489 1490 1492 1495 1521 1522 1523 1524 1525 1528 1530 1531 1535
380 5.75329 1.58137 6.05634 0 0 -0.61296 0.790114 1.3516 1452 1453 1455 1456 1457 1474 1477 1478 1479 1481 1482 1483 1484 1485 1486 1488 1490 1492 1493 1495 1503 1505 1508 1510 1511 1522 1524 1525 1527 1528 1529 1531 1535 1536 1539 1540 1542 1543 1549
381 4.85802 2.28614 5.2692 0 0 -0.562854 0.826556 1.37668 1454 1455 1457 1461 1466 1470 1473 1474 1475 1483 1485 1501 1503 1504 1505 1506 1507 1508 1509 1510 1511 1512 1513 1514
382 4.63566 3.06019 5.25198 0 0 -0.47133 0.881957 1.34372 1461 1463 1466 1468 1469 1470 1471 1474 1475 1499 1501 1504 1506 1507 1512 1513 1515 1516 1517 1518 1519 1545
383 5.42907 3.0718 5.24886 0 0 -0.471746 0.881735 1.33825 1499 1501 1504 1505 1506 1507 1509 1511 1512 1513 1514 1515 1518 1519 1544 1545 1547 1556 1598 1599
384 4.6303 2.23429 6.05615 0 0 -0.462997 0.88636 1.35126 1447 1448 1449 1450 1453 1454 1455 1456 1457 1461 1466 1470 1472 1473 1474 1475 1478 1482 1483 1484 1485 1493 1499 1501 1503 1504 1505 1506 1507 1508 1509 1510 1511 1512 1513 1514 1515 1519 1539 1540 1543 1544 1545 1546 1550
385 4.62424 3.03702 6.05487 0 0 -0.461494 0.887143 1.34892 1454 1455 1456 1457 1459 1461 1462 1463 1464 1466 1468 1469 1470 1471 1472 1473 1474 1475 1483 1499 1501 1503 1504 1505 1506 1507 1508 1509 1511 1512 1513 1514 1515 1516 1517 1518 1519 1544 1545 1546 1547 1556 1598 1599
386 5.6734 2.43531 6.03866 0 0 -0.58913 0.808038 1.32116 1453 1456 1457 1474 1475 1478 1482 1483 1484 1485 1492 1493 1503 1504 1505 1506 1507 1508 1509 1510 1511 1512 1514 1515 1527 1529 1539 1540 1542 1543 1544 1545 1546 1547 1549 1551 1552 1555 1556
387 5.41319 3.03064 6.0546 0 0 -0.455888 0.890037 1.34842 1468 1471 1474 1475 1482 1483 1484 1485 1493 1499 1501 1503 1504 1505 1506 1507 1508 1509 1510 1511 1512 1513 1514 1515 1518 1519 1539 1540 1543 1544 1545 1546 1547 1555 1556 1559 1586 1598 1599 1600 1601
388 3.93051 4.11892 5.20225 0 0 -0.551329 0.834288 1.26777 1407 1459 1462 1463 1464 1468 1469 1471 1499 1501 1516 1517 1518 1519 1520
389 4.71355 4.16375 5.18675 0 0 -0.551991 0.83385 1.24763 1464 1466 1468 1469 1470 1471 1499 1501 1516 1517 1518 1519
390 5.45575 4.03186 5.2162 0 0 -0.513598 0.858031 1.28707 1471 1499 1501 1507 1513 1515 1516 1517 1518 1519 1598 1599
391 6.25219 0.340694 6.09738 0 0 -0.373166 0.927764 1.44815 1160 1167 1168 1169 1170 1198 1200 1479 1486 1488 1489 1490 1495 1521 1522 1523 1524 1525 1527 1528 1529 1530 1531 1533 1535 1536 1537 1538 1542 1549 1561 1566
392 6.37048 1.63141 6.03022 0 0 -0.55226 0.833672 1.30784 1168 1481 1483 1485 1486 1488 1489 1490 1492 1493 1495 1510 1521 1522 1524 1525 1527 1528 1529 1531 1533 1535 1536 1537 1538 1539 1542 1543 1549 1551 1552 1554 1566 1567 1568 1580
393 6.97915 0.526222 6.06753 0 0 -0.413663 0.91043 1.37325 1170 1196 1198 1200 1201 1208 1209 1211 1489 1521 1522 1523 1524 1528 1530 1531 1533 1534 1535 1537 1538 1561 1563 1565 1566 1567 1568 1569 1580
394 7.00106 1.40747 6.05716 0 0 -0.445402 0.895331 1.35311 1200 1490 1495 1521 1522 1523 1524 1525 1527 1528 1529 1530 1531 1533 1535 1536 1537 1538 1542 1549 1552 1554 1561 1566 1567 1568 1569 1575 1576 1580 1581 1582 1583 1585 1590
395 6.43267 2.39868 6.04398 0 0 -0.569768 0.821806 1.32992 1484 1485 1492 1493 1495 1504 1505 1506 1508 1509 1510 1511 1512 1514 1525 1527 1529 1536 1538 1539 1540 1542 1543 1544 1546 1547 1549 1551 1552 1554 1555 1556 1558 1559 1580 1581 1582 1585
396 6.21996 3.02601 6.05633 0 0 -0.457127 0.889402 1.35159 1491 1493 1501 1505 1506 1507 1508 1509 1510 1511 1512 1513 1514 1515 1539 1540 1542 1543 1544 1545 1546 1547 1551 1555 1556 1558 1559 1589 1598 1599 1600 1601 1602 1607 1608 1609
397 6.98101 2.18583 6.0582 0 0 -0.432232 0.901762 1.35506 1510 1524 1525 1527 1528 1529 1535 1536 1537 1538 1539 1540 1542 1543 1546 1549 1551 1552 1554 1555 1556 1558 1559 1567 1580 1581 1582 1583 1585 1587 1589 1591 1594 1607
398 6.9497 2.95141 6.05954 0 0 -0.411067 0.911605 1.35757 1510 1511 1514 1529 1536 1539 1540 1542 1543 1544 1545 1546 1547 1549 1551 1552 1554 1555 1556 1558 1559 1581 1585 1587 1589 1595 1599 1600 1601 1602 1607 1608 1609 1610 1612 1613
399 8.34511 0.891767 6.037 0 0 -0.688327 0.7254 1.31847 1200 1209 1211 1217 1219 1223 1225 1227 1523 1524 1528 1531 1533 1534 1535 1537 1561 1563 1564 1565 1566 1568 1570 1571 1572 1573 1577 1578
400 7.91939 0.647876 6.86398 0 0 -0.499809 0.866135 1.36613 1198 1201 1202 1203 1205 1208 1209 1210 1211 1213 1216 1217 1218 1219 1222 1223 1225 1521 1523 1524 1530 1531 1533 1534 1537 1561 1563 1564 1565 1566 1567 1568 1569 1570 1571 1572 1573 1575 1577 1578 1579 1590 1592 1619 1620 1621 1622 1623 1624 1625
401 7.81429 1.43361 6.0542 0 0 -0.457045 0.889444 1.3477 1206 1524 1528 1530 1531 1533 1534 1535 1536 1537 1538 1552 1561 1565 1566 1567 1568 1569 1575 1577 1579 1580 1582 1583 1590 1591 1592 1593 1594 1624
402 8.52898 0.481014 6.86726 0 0 -0.380948 0.924596 1.37269 1209 1210 1211 1213 1214 1215 1216 1217 1218 1219 1220 1221 1222 1223 1224 1225 1226 1227 1229 1534 1561 1563 1564 1565 1568 1570 1571 1572 1573 1575 1577 1578 1579 1619 1620 1621 1622 1623 1624 1625 1626 1627 1628 1630 1631 1632 1633 1639 1640
403 8.5177 1.34324 6.05613 0 0 -0.397626 0.917548 1.35122 1533 1537 1561 1564 1565 1566 1567 1568 1569 1570 1571 1573 1575 1577 1578 1579 1582 1590 1591 1592 1593 1623 1624 1626 1636 1639 1640 1642
404 8.53524 1.33105 6.8607 0 0 -0.399716 0.916639 1.35977 1217 1218 1219 1222 1223 1225 1531 1533 1534 1537 1561 1563 1564 1565 1566 1567 1568 1569 1570 1571 1572 1573 1575 1577 1578 1579 1582 1590 1591 1592 1593 1596 1619 1620 1622 1623 1624 1625 1626 1631 1632 1634 1636 1639 1640 1641 1642 1643 1644 1645 1647 1648 1649
405 8.30599 2.5618 6.01713 0 0 -0.677104 0.735887 1.28839 1528 1529 1535 1536 1537 1538 1542 1546 1549 1551 1552 1554 1558 1567 1569 1575 1580 1581 1582 1583 1585 1587 1590 1591 1592 1593 1594 1596 1636 1642
406 8.95492 3.63556 5.87549 0 0 -0.825383 0.564573 1.12841 1509 1514 1540 1544 1545 1546 1547 1551 1554 1556 1558 1576 1580 1581 1582 1583 1585 1587 1589 1590 1591 1592 1593 1594 1595 1596 1597 1599 1600 1601 1602 1607 1608 1609 1612 1635 1636 1642 1643
407 8.80765 2.36896 6.04845 0 0 -0.556231 0.831028 1.33753 1538 1552 1554 1561 1566 1567 1568 1569 1575 1579 1580 1581 1582 1583 1587 1590 1591 1592 1593 1594 1596 1597 1636 1639 1640 1641 1642 1643 1644 1645
408 9.21692 3.3794 6.01311 0 0 -0.711702 0.702481 1.28268 1554 1558 1581 1583 1585 1587 1589 1591 1593 1594 1595 1596 1597 1601 1607 1609 1612 1614 1636 1641 1642 1643 1644 1645 1648 1652 1694 1697 1703
409 6.24796 4.0091 6.02088 0 0 -0.506952 0.861974 1.29383 1499 1501 1506 1507 1508 1509 1511 1512 1513 1514 1515 1517 1518 1519 1540 1544 1545 1546 1547 1555 1556 1559 1598 1599 1600 1601 1602 1607 1608 1609 1610 1611
410 7.01535 4.18574 5.96538 0 0 -0.525687 0.850678 1.22172 1511 1514 1515 1539 1540 1541 1543 1544 1545 1546 1547 1555 1556 1558 1559 1589 1598 1599 1600 1601 1602 1605 1607 1608 1609 1610 1612 1613 1614 1616 1617
411 7.84164 4.16262 5.97691 0 0 -0.530062 0.847959 1.23547 1543 1546 1547 1551 1554 1555 1556 1558 1559 1585 1587 1589 1595 1597 1599 1600 1601 1602 1605 1607 1608 1609 1610 1612 1613 1614 1616 1617 1618 1694 1696 1697 1700
412 9.10054 4.41659 5.92817 0 0 -0.681209 0.732089 1.18052 1555 1556 1558 1559 1585 1587 1589 1594 1595 1596 1597 1600 1601 1602 1607 1608 1609 1610 1612 1613 1614 1616 1617 1618 1642 1643 1645 1652 1694 1696 1697 1698 1700 1702 1703 1704
413 9.60971 5.38644 5.82581 0 0 -0.790902 0.611943 1.08405 1599 1600 1601 1602 1605 1607 1608 1609 1610 1612 1613 1616 1617 1618 1694 1696 1698 1700 1702 1703 1704 1707
414 9.37783 0.496839 6.87165 0 0 -0.40364 0.914918 1.38182 1218 1219 1220 1221 1222 1223 1224 1225 1226 1227 1228 1229 1230 1231 1564 1570 1571 1572 1573 1578 1619 1620 1621 1622 1623 1624 1625 1626 1627 1628 1629 1630 1631 1632 1633 1634 1640 1647 1648 1649 1658 1659 1663 1664
415 9.35224 1.31515 6.86556 0 0 -0.400501 0.916296 1.36927 1223 1224 1225 1226 1227 1229 1564 1565 1570 1571 1572 1573 1575 1577 1578 1579 1592 1619 1620 1621 1622 1623 1624 1625 1626 1627 1628 1630 1631 1632 1633 1634 1636 1639 1640 1641 1644 1647 1648 1649 1650 1655 1656 1663 1664 1667 1676 1677 1678
416 10.1976 0.328267 6.8932 0 0 -0.345655 0.938362 1.43517 1224 1225 1226 1227 1228 1229 1230 1231 1572 1619 1620 1621 1622 1625 1627 1628 1629 1630 1631 1632 1633 1634 1649 1658 1659 1660 1662 1663 1664 1666 1667 1671 1676 1678
417 10.1336 1.28362 6.86755 0 0 -0.383454 0.92356 1.37329 1227 1228 1229 1230 1231 1571 1572 1573 1578 1619 1620 1621 1622 1623 1624 1625 1626 1627 1628 1629 1630 1631 1632 1633 1634 1640 1647 1648 1649 1650 1656 1658 1659 1663 1664 1666 1667 1673 1676 1677 1678 1679 1681 1682 1683 1685 1686
418 9.96665 2.56722 6.01656 0 0 -0.696287 0.717764 1.28757 1568 1569 1575 1579 1582 1583 1587 1590 1591 1592 1593 1594 1596 1624 1626 1632 1634 1636 1639 1640 1641 1642 1644 1647 1648 1649 1650 1655 1656 1664
419 9.71074 2.16778 6.89113 0 0 -0.565762 0.824568 1.42919 1554 1565 1566 1567 1568 1569 1571 1573 1575 1577 1578 1579 1580 1581 1582 1583 1590 1591 1592 1593 1594 1596 1623 1624 1625 1626 1632 1634 1636 1639 1640 1641 1642 1643 1644 1645 1647 1648 1649 1650 1652 1655 1656 1657 1664 1676 1677 1678 1679 1681 1682 1705
420 10.1393 3.54562 5.95481 0 0 -0.742527 0.669817 1.20956 1581 1583 1587 1589 1591 1593 1594 1595 1596 1597 1610 1612 1614 1636 1641 1642 1643 1644 1645 1648 1650 1652 1655 1656 1657 1694 1697 1703 1705
421 10.4128 2.22908 6.0757 0 0 -0.533684 0.845684 1.39065 1593 1623 1624 1625 1626 1632 1634 1636 1639 1640 1641 1644 1647 1648 1649 1650 1655 1656 1676 1677 1678 1679 1681 1682 1683
422 10.6686 2.43151 6.85006 0 0 -0.659678 0.751549 1.34034 1571 1573 1577 1578 1579 1590 1591 1593 1594 1596 1623 1624 1625 1626 1631 1632 1633 1634 1636 1639 1640 1641 1642 1644 1647 1648 1649 1650 1655 1656 1663 1664 1667 1673 1676 1677 1678 1679 1681 1682 1683 1684 1685 1686 1689 1690 1691
423 10.6391 3.29495 6.03338 0 0 -0.652437 0.757843 1.31275 1592 1593 1596 1597 1614 1636 1641 1642 1643 1644 1645 1648 1650 1652 1655 1656 1657 1681 1682 1683 1684 1690 1694 1697 1703 1705 1713 1714
424 11.1129 3.08716 6.87123 0 0 -0.817164 0.576405 1.38094 1583 1587 1589 1591 1592 1593 1594 1595 1596 1597 1612 1614 1616 1617 1640 1641 1642 1643 1644 1645 1647 1648 1649 1650 1652 1655 1656 1657 1664 1667 1676 1677 1678 1679 1681 1682 1683 1684 1685 1686 1690 1691 1692 1693 1694 1696 1697 1698 1700 1703 1704 1705 1706 1713 1714
425 11.3334 -0.749689 6.91052 0 0 0.533774 0.845627 1.5036 1230 1231 1619 1620 1621 1622 1625 1626 1627 1628 1629 1630 1631 1632 1633 1634 1647 1649 1658 1659 1660 1662 1663 1664 1666 1669 1670 1671
426 10.965 1.24632 6.87677 0 0 -0.381321 0.924443 1.39304 1230 1231 1620 1621 1622 1625 1627 1628 1629 1630 1631 1632 1633 1634 1649 1658 1659 1662 1663 1664 1666 1667 1669 1671 1673 1674 1675 1676 1677 1678 1679 1683 1685 1686 1688 1689 1690 1691 1692 1738 1741
427 12.7031 -1.2753 6.82365 0 0 0.79588 0.605455 1.29791 1231 1625 1627 1628 1629 1630 1631 1633 1658 1660 1662 1666 1669 1670 1671 1674 1675 1737 1738 1739 1740
428 11.7723 1.01878 6.89894 0 0 -0.282254 0.95934 1.45337 1629 1630 1658 1659 1662 1663 1664 1666 1667 1669 1670 1671 1673 1674 1675 1678 1685 1686 1688 1689 1690 1692 1693 1737 1738 1739 1741 1743 1744 1745 1751 1752
429 11.2723 2.33464 6.86091 0 0 -0.575888 0.817529 1.36018 1622 1625 1626 1628 1630 1631 1632 1633 1634 1640 1641 1647 1648 1649 1650 1655 1656 1663 1664 1667 1673 1675 1676 1677 1678 1679 1681 1683 1684 1685 1686 1688 1689 1690 1691 1692 1693 1741 1743 1744 1746 1747
430 11.0284 2.78713 6.09077 0 0 -0.38288 0.923798 1.42817 1648 1649 1650 1652 1655 1656 1657 1676 1677 1679 1681 1682 1683 1684 1690 1691 1693 1705 1710 1713 1714 1715 1721 1722 1723
431 11.9121 3.44641 6.77932 0 0 -0.788703 0.614775 1.23841 1590 1593 1596 1640 1641 1642 1643 1645 1647 1648 1649 1650 1655 1656 1657 1667 1676 1677 1678 1679 1681 1682 1683 1684 1685 1686 1688 1689 1690 1691 1692 1693 1694 1697 1698 1703 1704 1705 1706 1713 1714 1721 1723 1741 1743 1746 1747
432 12.0968 2.30871 6.86765 0 0 -0.582075 0.813135 1.37348 1630 1633 1634 1648 1649 1650 1659 1663 1664 1666 1667 1671 1673 1675 1676 1677 1678 1679 1681 1683 1685 1686 1688 1689 1690 1692 1693 1738 1739 1741 1743 1744 1745 1746 1747 1749 1750 1751 1752 1753 1755
433 12.5826 3.40285 6.80182 0 0 -0.758402 0.651788 1.26719 1647 1648 1649 1650 1655 1656 1657 1676 1677 1678 1679 1681 1682 1683 1684 1685 1686 1688 1689 1690 1691 1692 1693 1703 1706 1713 1714 1715 1721 1723 1741 1743 1744 1745 1746 1747 1749 1750 1751 1752 1755 1757 1772 1774 1781
434 10.0428 4.41547 5.92987 0 0 -0.717396 0.696665 1.18232 1587 1589 1594 1595 1596 1597 1607 1610 1612 1614 1616 1617 1618 1642 1643 1644 1645 1652 1657 1682 1694 1696 1697 1698 1700 1702 1703 1704 1705 1706 1707 1708 1710 1716
435 9.24726 5.58539 5.63817 0 0 -0.551488 0.834183 0.94212 1589 1605 1610 1611 1612 1613 1615 1616 1617 1618 1696 1700 1702 1704 1706 1707 1708 1716 1717
436 10.1191 3.68084 6.06586 0 0 -0.377503 0.926008 1.36986 1597 1614 1642 1643 1644 1645 1652 1655 1657 1694 1696 1697 1698 1702 1703 1704 1705 1706 1707 1708 1710 1713 1715 1716 1717 1718 1719
437 10.0727 5.12796 5.88616 0 0 -0.507473 0.861668 1.13848 1616 1618 1643 1645 1694 1696 1697 1698 1700 1702 1703 1704 1705 1706 1707 1708 1710 1716 1717 1718 1719 1728 1733
438 12.1195 4.54785 5.82879 0 0 -0.812312 0.583223 1.08661 1645 1652 1682 1684 1691 1693 1694 1697 1698 1702 1703 1704 1705 1706 1707 1708 1710 1713 1714 1715 1716 1717 1718 1721 1722 1723 1724 1730 1731
439 13.3592 3.8954 6.40816 0 0 0.973074 -0.230494 0.92198 1605 1645 1647 1648 1650 1655 1656 1657 1676 1677 1679 1681 1682 1683 1684 1685 1686 1690 1691 1692 1693 1694 1697 1700 1702 1703 1704 1706 1707 1708 1713 1714 1715 1716 1717 1719 1721 1722 1723 1730
440 10.9452 4.91921 5.97426 0 0 -0.494744 0.869039 1.23226 1652 1654 1698 1702 1703 1704 1705 1706 1707 1708 1710 1715 1716 1717 1718 1719 1728 1730 1732 1733 1736 1778
441 11.9935 3.92941 6.05556 0 0 -0.544523 0.838746 1.35017 1681 1682 1683 1684 1691 1693 1706 1713 1714 1715 1718 1721 1722 1723 1724 1730 1731 1772 1773 1774 1775 1777 1778 1779
442 12.9387 4.44126 6.67571 0 0 -0.822197 0.569203 1.12861 1642 1643 1645 1656 1657 1681 1682 1683 1684 1686 1689 1690 1691 1692 1693 1697 1698 1703 1704 1706 1707 1708 1713 1714 1715 1716 1717 1718 1719 1721 1722 1723 1724 1730 1731 1742 1745 1746 1747 1749 1750 1755 1757 1772 1773 1774 1775 1777 1781 1782
443 12.9959 5.06931 5.93527 0 0 -0.844886 0.534947 1.18805 1707 1708 1710 1716 1717 1718 1719 1722 1724 1728 1730 1731 1732 1733 1736 1773 1774 1775 1777 1778 1779 1780
444 11.7456 4.53305 6.86189 0 0 -0.403937 0.914787 1.36205 1682 1683 1684 1690 1691 1693 1703 1704 1705 1706 1708 1710 1713 1714 1715 1716 1717 1718 1719 1721 1722 1723 1724 1728 1730 1731 1732 1733 1736 1772 1773 1775 1777 1778 1779 1780 1786 1787 1789 1791 1792 1793
445 13.8068 5.96514 5.62067 0 0 0.927531 -0.373747 0.930311 1719 1728 1732 1733 1736 1780 1791
446 13.0989 -0.0946902 6.90264 0 0 0.654326 0.756212 1.46675 1662 1664 1666 1669 1670 1671 1673 1674 1675 1678 1679 1686 1688 1737 1738 1739 1740 1741 1744 1751 1753 1760
447 14.344 -0.539376 6.80206 0 0 0.801464 0.598042 1.26751 1670 1673 1674 1675 1688 1737 1738 1739 1740 1741 1744 1751 1753 1754 1760 1761 1762 1767 1768
448 12.5649 2.03913 6.87766 0 0 -0.378645 0.925542 1.39507 1664 1670 1671 1673 1674 1675 1678 1685 1686 1688 1689 1692 1737 1738 1739 1740 1741 1743 1744 1745 1746 1747 1749 1750 1751 1752 1753 1754 1755 1757 1758 1759 1761 1763 1774 1782
449 12.521 2.84982 6.8704 0 0 -0.367139 0.930166 1.37918 1675 1677 1678 1679 1683 1685 1686 1688 1689 1690 1691 1692 1693 1723 1738 1741 1743 1744 1745 1746 1747 1749 1750 1752 1755 1757 1758 1759 1764 1772 1773 1774 1775 1779 1781 1782 1784 1785 1786 1788 1794 1797
450 13.3627 1.58939 6.90757 0 0 -0.134029 0.990977 1.48789 1737 1738 1739 1740 1744 1745 1749 1751 1752 1753 1754 1755 1757 1758 1759 1760 1761 1763 1764 1765 1766 1774 1782 1784 1794
451 13.3374 2.89005 6.86716 0 0 -0.386942 0.922104 1.37249 1686 1692 1739 1740 1741 1743 1744 1745 1746 1747 1749 1750 1751 1752 1753 1754 1755 1757 1758 1759 1761 1763 1764 1765 1766 1769 1774 1781 1782 1784 1785 1788 1794 1796 1797 1798 1800 1805
452 14.9039 0.530019 6.8783 0 0 0.746651 0.665216 1.39656 1739 1740 1744 1745 1749 1751 1752 1753 1754 1755 1758 1760 1761 1762 1763 1765 1767 1768 1769 1770 1771 1824 1825
453 14.1554 2.8647 6.87314 0 0 -0.384502 0.923124 1.38502 1745 1749 1751 1752 1753 1754 1755 1757 1758 1759 1760 1761 1762 1763 1764 1765 1766 1767 1768 1769 1770 1771 1784 1794 1796 1797 1798 1803 1805 1806 1807 1808 1809 1825 1828
454 15.9909 0.111766 6.7475 0 0 0.802016 0.597302 1.20138 1752 1753 1754 1758 1760 1761 1762 1763 1765 1767 1768 1769 1770 1771 1824 1825 1826 1827 1836
455 14.9614 2.32152 6.90865 0 0 -0.0836088 0.996499 1.4933 1760 1762 1765 1766 1767 1768 1769 1770 1771 1797 1798 1803 1805 1806 1807 1808 1809 1812 1824 1825 1828 1829 1830 1831 1832 1834
456 12.5271 3.63885 6.87268 0 0 -0.365187 0.930934 1.38404 1682 1683 1684 1686 1689 1690 1691 1692 1693 1714 1721 1722 1723 1724 1731 1743 1746 1747 1749 1750 1757 1772 1773 1774 1775 1777 1778 1779 1780 1781 1782 1784 1785 1786 1787 1788 1789 1791 1792 1793 1796 1800 1801 1803
457 12.4395 5.37812 5.76078 0 0 -0.530142 0.847909 1.03107 1718 1719 1724 1728 1730 1731 1732 1736 1777 1778 1779 1780 1786 1787 1788 1789 1791 1792 1793
458 12.5318 4.49874 6.86511 0 0 -0.387971 0.921672 1.36837 1689 1691 1692 1693 1714 1715 1721 1722 1723 1724 1728 1730 1731 1732 1736 1746 1747 1750 1772 1773 1774 1775 1777 1778 1779 1780 1781 1782 1785 1786 1787 1788 1789 1791 1792 1793 1801 1814 1815 1816
459 13.3846 3.62904 6.88131 0 0 -0.382163 0.924095 1.40364 1691 1692 1693 1723 1745 1746 1747 1749 1750 1752 1755 1757 1758 1759 1764 1772 1773 1774 1775 1779 1781 1782 1784 1785 1786 1787 1788 1789 1793 1794 1796 1797 1798 1800 1801 1803 1806 1809 1814 1815 1816
460 13.3545 4.4422 6.87594 0 0 -0.37603 0.926607 1.39118 1722 1723 1724 1731 1747 1750 1757 1772 1773 1774 1775 1777 1778 1779 1780 1781 1782 1784 1785 1786 1787 1788 1789 1791 1792 1793 1796 1800 1801 1803 1811 1814 1815 1816 1817 1819
461 12.4575 6.48734 5.56924 0 0 -0.56165 0.827375 0.896638 1719 1728 1730 1732 1733 1736 1790 1791 1792 1793 1815
462 12.4967 6.01092 6.65645 0 0 -0.524224 0.851581 1.11094 1715 1716 1717 1718 1719 1722 1724 1728 1730 1731 1732 1733 1736 1773 1775 1777 1778 1779 1780 1782 1786 1787 1788 1789 1791 1792 1793 1801 1804 1814 1815 1816 1817
463 13.3245 5.70355 6.77518 0 0 -0.485971 0.873975 1.23337 1728 1731 1732 1733 1736 1747 1772 1773 1774 1775 1777 1778 1779 1780 1782 1785 1786 1787 1788 1789 1791 1792 1793 1801 1814 1815 1816 1817 1819 1822 1823
464 14.1798 3.63315 6.88024 0 0 -0.381899 0.924204 1.40107 1747 1754 1755 1757 1758 1759 1761 1763 1764 1765 1766 1769 1774 1781 1782 1784 1785 1788 1794 1796 1797 1798 1800 1801 1803 1805 1806 1807 1808 1809 1811 1812 1813 1829 1832
465 14.1624 4.41596 6.88015 0 0 -0.368998 0.92943 1.40086 1759 1764 1773 1774 1775 1779 1781 1782 1784 1785 1786 1787 1788 1789 1793 1794 1796 1797 1798 1800 1801 1803 1806 1809 1811 1812 1813 1814 1815 1816 1817 1819 1821 1823 1833 1844
466 14.9724 3.58457 6.8849 0 0 -0.360264 0.93285 1.4125 1759 1762 1763 1764 1765 1766 1767 1768 1769 1770 1771 1794 1797 1798 1803 1805 1806 1807 1808 1809 1811 1812 1813 1821 1825 1828 1829 1830 1831 1832 1833 1834 1835 1840 1844
467 14.9381 4.42377 6.87608 0 0 -0.36335 0.931653 1.3915 1766 1769 1782 1794 1796 1797 1798 1800 1801 1803 1805 1806 1807 1808 1809 1811 1812 1813 1816 1819 1821 1823 1829 1832 1833 1834 1835 1841 1844 1846 1847 1848 1851 1853
468 14.1621 5.51662 6.8299 0 0 -0.4594 0.888229 1.30734 1779 1780 1781 1782 1783 1785 1786 1787 1788 1789 1791 1792 1793 1800 1801 1803 1811 1814 1815 1816 1817 1819 1821 1823 1846 1848 1849
469 14.9354 5.386 6.85159 0 0 -0.416503 0.909134 1.34303 1788 1789 1793 1798 1800 1801 1803 1806 1809 1811 1812 1813 1814 1815 1816 1817 1819 1821 1823 1833 1844 1846 1847 1848 1849 1850 1852 1855
470 16.5359 1.26717 6.86569 0 0 0.755108 0.655601 1.36952 1762 1765 1766 1767 1768 1769 1770 1771 1797 1805 1807 1824 1825 1826 1827 1828 1830 1959 1960
471 17.6707 0.830628 6.70557 0 0 0.812784 0.582566 1.15741 1769 1770 1771 1807 1824 1825 1826 1827 1828 1830 1959 1960 1963
472 15.7128 3.57944 6.87786 0 0 -0.337181 0.94144 1.39553 1766 1768 1769 1770 1771 1805 1807 1808 1812 1824 1825 1826 1827 1828 1829 1830 1831 1832 1833 1834 1835 1840 1841 1843 1847 1851 1959 1961
473 15.7194 4.47604 6.86658 0 0 -0.375933 0.926647 1.37131 1771 1798 1803 1805 1806 1807 1808 1809 1811 1812 1813 1821 1825 1828 1829 1830 1831 1832 1833 1834 1835 1840 1841 1843 1844 1846 1847 1848 1850 1851 1852 1853 1854 1855 1861
474 16.8012 2.50771 6.90899 0 0 0.435347 0.900263 1.49503 1808 1812 1826 1827 1828 1829 1830 1831 1832 1833 1834 1835 1840 1841 1847 1959 1960 1961 1962
475 16.5052 4.46842 6.86557 0 0 -0.368498 0.929628 1.36929 1808 1826 1828 1829 1830 1831 1832 1833 1834 1835 1840 1841 1843 1847 1851 1852 1853 1854 1856 1861 1862 1864 1865 1959 1961 1964 1965 1967 1973
476 15.7301 5.34153 6.85828 0 0 -0.401282 0.915954 1.3552 1807 1808 1809 1811 1812 1813 1819 1821 1823 1829 1832 1833 1834 1835 1841 1844 1846 1847 1848 1849 1850 1851 1852 1853 1854 1855 1856 1862 1865
477 15.7252 6.5058 6.77465 0 0 -0.486589 0.873631 1.23272 1811 1813 1816 1817 1819 1821 1823 1844 1846 1847 1848 1849 1850 1852 1855 1856 1865 1866 1868
478 16.5256 5.30574 6.86317 0 0 -0.388166 0.921589 1.36454 1813 1821 1831 1832 1833 1834 1835 1840 1841 1843 1844 1846 1847 1848 1850 1851 1852 1853 1854 1855 1856 1861 1862 1864 1865 1866 1867 1868 1872
479 16.5493 6.36396 6.81698 0 0 -0.465922 0.884826 1.28819 1823 1833 1835 1844 1846 1847 1848 1849 1850 1851 1852 1853 1854 1855 1856 1862 1865 1866 1867 1868 1872 1873 1875
480 18.8812 1.16865 6.34719 0 0 0.845682 0.533687 0.882632 1827 1960 1963 1968 1971
481 17.3001 4.47644 6.86367 0 0 -0.369622 0.929182 1.36552 1831 1840 1841 1843 1853 1861 1862 1864 1867 1872 1960 1961 1962 1963 1964 1965 1966 1967 1969 1970 1972 1973 1974 1975 1976
482 17.3208 5.32765 6.85911 0 0 -0.393736 0.919224 1.35675 1835 1840 1841 1843 1847 1851 1852 1853 1854 1856 1861 1862 1864 1865 1866 1867 1868 1872 1873 1875 1964 1965 1967 1973 1974 1975 1977 1978
483 17.3395 6.27441 6.83536 0 0 -0.441816 0.897106 1.31586 1843 1848 1850 1851 1852 1853 1854 1855 1856 1861 1862 1864 1865 1866 1867 1868 1872 1873 1875 1877
484 18.1164 5.34692 6.85533 0 0 -0.398325 0.917245 1.34975 1843 1853 1861 1862 1864 1867 1872 1873 1875 1877 1965 1966 1967 1969 1970 1972 1973 1974 1975 1976 1977 1978 1980 1981
485 18.1358 6.2435 6.84098 0 0 -0.432596 0.901588 1.32494 1854 1856 1861 1862 1864 1865 1866 1867 1868 1872 1873 1875 1877 1973 1974 1975 1977 1978
486 20.2701 6.23028 6.84315 0 0 0.903666 -0.428237 1.32853 1868 1873 1875 1877 1978 1981
487 -1.4373 -0.189657 8.09864 0 0 0.000809311 1 0.984494 391 392 393 934 935 936 937 938 940 941 1351 1352 1354 1898 1899 1900 1901 1902 1903 1904
488 1.12935 0.664582 8.50114 0 0 0.999382 -0.0351597 1.46112 936 937 940 941 964 965 1342 1884 1885 1892 1893 1898 1899 1900 1901 1902 1903 1904 1905 1912 1913 1920 1926 1927 1928 1929
489 3.03179 -1.88381 7.46117 0 0 0.930924 0.365212 0.616281 1338 1344 1346 1353 1354 1413 1421 1423 1433 1887 1900 1901 1904 1905 1935 1937 1939
490 1.37765 -0.567892 9.24507 0 0 0.982716 0.185119 1.33175 371 377 379 387 389 390 391 392 393 934 935 936 937 938 940 941 964 965 1341 1342 1348 1349 1350 1351 1352 1353 1354 1884 1885 1889 1892 1893 1895 1897 1898 1899 1900 1901 1902 1903 1904 1905 1912 1913 1915 1926 1927 1928 1929
491 1.21495 1.97873 9.04445 0 0 0.8694 -0.494109 1.10024 393 917 919 925 927 934 935 936 937 938 939 940 941 945 947 962 963 964 965 966 1334 1341 1342 1344 1346 1352 1353 1354 1884 1885 1887 1889 1892 1893 1895 1897 1898 1899 1900 1901 1902 1903 1904 1905 1912 1926 1927 1928
492 2.14089 1.43483 8.16152 0 0 0.999981 -0.00618368 1.03165 968 1892 1893 1899 1902 1903 1904 1905 1912 1913 1920 1921 1926 1927 1928 1929 1930 1931 1932 1933
493 2.16557 2.22834 8.1466 0 0 0.999991 -0.00425763 1.02013 1903 1912 1913 1920 1921 1926 1927 1928 1929 1930 1931 1932 1933 1952 1955 1956
494 2.60605 3.77167 7.02135 0 0 0.869377 -0.494149 0.413784 1063 1374 1925 1929 1932 1933 1954
495 1.39624 1.46873 9.25708 0 0 0.999613 -0.0278253 1.35297 934 935 936 937 938 939 940 941 962 963 964 965 966 967 968 969 977 978 1884 1885 1887 1889 1892 1893 1895 1897 1898 1899 1901 1902 1903 1904 1905 1912 1913 1915 1920 1921 1926 1927 1928 1929 1930 1931 1932 1933 1952 1955 1956
496 1.36825 2.23048 9.2634 0 0 0.999961 -0.00887777 1.36499 938 939 940 941 962 963 964 965 966 967 968 969 977 978 1892 1893 1895 1897 1902 1903 1905 1912 1913 1915 1917 1920 1921 1923 1925 1926 1927 1928 1929 1930 1931 1932 1933 1952 1955 1956
497 4.81786 0.318532 5.89768 0 0 0.996064 -0.0886383 0.276103 1026 1027 1043 1044 1045 1046 1051 1052 1053 1054 1317 1335 1337 1343 1345 1363 1364 1365 1366 1367 1368 1369 1370 1377 1378 1379 1380 1387 1388 1389 1390 1414 1415 1886 1888 1894 1896 1914 1934 1935 1936 1937 1938 1939 1940 1941 1942 1943
498 4.29776 2.38498 5.7409 0 0 0.946497 -0.322713 0.211469 1029 1345 1377 1378 1379 1380 1387 1388 1389 1390 1415 1417 1425 1886 1887 1888 1889 1894 1895 1896 1914 1916 1934 1935 1936 1937 1938 1939 1940 1941 1942 1943 1944 1945 1946
499 4.70179 2.32088 5.94062 0 0 0.986886 -0.161419 0.294002 1343 1372 1377 1378 1379 1380 1387 1388 1389 1390 1414 1415 1416 1417 1424 1425 1426 1427 1440 1886 1888 1894 1896 1914 1916 1922 1924 1934 1935 1936 1937 1938 1939 1940 1941 1942 1943 1944 1945 1946 1947 1948 1949 1953 1957 1958
500 4.85122 2.35326 5.92588 0 0 0.999699 -0.0245324 0.287847 1387 1388 1389 1390 1414 1415 1416 1417 1424 1425 1426 1427 1439 1440 1894 1896 1914 1916 1922 1924 1938 1939 1940 1941 1942 1943 1944 1945 1946 1947 1948 1949 1953 1957 1958
501 1.82201 3.06636 8.3222 0 0 0.999826 -0.0186635 1.17429 965 968 969 978 1920 1921 1930 1931 1932 1933 1952 1955 1956
502 2.92482 4.99394 7.25852 0 0 0.910044 -0.414512 0.520077 950 951 972 973 976 1411 1950 1951 1952 1953 1954 1956 1958
503 1.40504 2.99928 9.25544 0 0 0.999976 0.00699589 1.34995 962 963 964 965 966 967 968 969 977 978 1912 1913 1920 1921 1926 1927 1929 1930 1931 1932 1933 1952 1955 1956
504 4.87303 3.05251 5.85954 0 0 0.999977 -0.00682455 0.260282 1414 1415 1416 1417 1424 1425 1426 1427 1439 1440 1914 1916 1922 1924 1942 1943 1944 1945 1946 1947 1948 1949 1953 1957 1958
505 16.5417 3.06184 7.70766 0 0 -0.0366808 0.999327 1.48831 1824 1825 1826 1827 1828 1829 1830 1831 1832 1833 1834 1835 1840 1841 1843 1844 1847 1848 1851 1852 1853 1854 1862 1959 1960 1961 1962 1963 1964 1965 1966 1967 1973
506 18.1324 2.02495 7.65688 0 0 0.752034 0.659125 1.3526 1812 1813 1824 1825 1826 1827 1828 1829 1832 1833 1835 1853 1959 1960 1961 1962 1963 1964 1965 1966 1967 1968 1969 1970 1971 1972 1979 1980
507 17.3135 4.36705 7.67933 0 0 -0.332319 0.943167 1.39894 1828 1829 1830 1834 1840 1841 1843 1853 1861 1862 1864 1867 1868 1872 1873 1875 1959 1960 1961 1962 1963 1964 1965 1966 1967 1968 1969 1970 1971 1972 1973 1974 1975 1976 1977 1978 1979 1980 1981
508 19.5112 0.710201 6.77545 0 0 0.804489 0.593967 0.673489 1827 1961 1963 1968 1971
509 18.427 3.28756 7.70894 0 0 0.458062 0.88892 1.4948 1835 1841 1851 1852 1853 1854 1856 1861 1862 1865 1866 1867 1868 1963 1964 1965 1966 1967 1968 1969 1970 1971 1972 1973 1974 1975 1976 1977 1979 1980
510 17.3244 5.31015 7.66233 0 0 -0.389231 0.92114 1.36291 1831 1832 1833 1834 1835 1840 1841 1843 1847 1851 1852 1853 1854 1856 1861 1862 1864 1865 1866 1867 1868 1872 1873 1875 1877 1960 1961 1962 1963 1964 1965 1966 1967 1969 1970 1972 1973 1974 1975 1976 1977 1978 1980 1981
511 18.1017 5.32331 7.65686 0 0 -0.385952 0.922519 1.35257 1840 1841 1843 1853 1861 1862 1864 1867 1872 1873 1875 1877 1962 1963 1964 1965 1966 1967 1968 1969 1970 1971 1972 1973 1974 1975 1976 1977 1978 1979 1980 1981
512 18.1252 6.16462 7.65373 0 0 -0.406733 0.913547 1.34686 1843 1851 1852 1853 1854 1856 1861 1862 1864 1865 1866 1867 1868 1872 1873 1875 1877 1965 1966 1967 1969 1970 1972 1973 1974 1975 1976 1977 1978 1980 1981
513 19.2034 5.41527 7.6772 0 0 -0.526846 0.849961 1.39402 1862 1872 1877 1963 1966 1967 1968 1969 1970 1971 1972 1973 1974 1975 1976 1977 1978 1979 1980 1981
