0 -3.82386 -27.0882 6.34056 -0.723673 0.391029 -0.270338 0.500311 7 9 17 19 27 28 29 30 32 35 36 37 38 39 40 53 54 55 56 57 58 59 61 63 70 71 147 158
1 -3.91987 -25.7729 6.51914 0.715012 -0.441731 0.284802 -0.460997 19 28 29 30 35 36 37 38 53 54 55 56 58 59 61 63 70 71 122 123 125 140 141 147 148
2 -1.82447 -27.5302 7.08678 0.855295 -0.263529 0.131362 -0.426342 19 22 28 35 36 53 54 56 59 60 61 63 70 72 147 3147 3149 3151 3153 3196
3 -2.01624 -25.9911 7.41437 0.848576 -0.368093 0.151235 -0.348646 53 54 56 58 59 61 63 65 70 147 3149 3153
4 -1.27877 -25.6377 8.95917 0.924088 -0.304032 0.0723725 -0.219972 54 56 58 61 63 65 70 71 72 73 142 147 148 150 152 155 158 160 161 163 3153 3186 3188 3191 3196 3197 3198 3199 3272 3275 3292
5 -3.97698 -24.1942 6.80779 0.686539 -0.532112 0.303546 -0.39164 27 29 30 36 37 38 53 54 55 56 58 61 70 71 123 125 132 133 135 140 141 142 147 148 149 150 151 152 155 156 177 194 195 200
6 -3.34555 -24.1627 8.54594 0.758549 -0.549642 0.205361 -0.283415 19 28 53 54 56 58 59 61 63 65 68 70 71 73 142 147 148 150 152 155 156 159 160 165 166 167 195 197 199 200 201 202 213 214 216
7 -4.15063 -22.9044 6.59318 0.637616 -0.558709 0.349531 -0.398896 36 54 123 125 132 133 134 135 140 141 142 147 148 149 150 151 152 155 156 176 177 178 179 187 188 194 195 196 197 199 200 203 204 207
8 -3.53301 -22.942 8.42941 0.713698 -0.590522 0.240155 -0.290249 54 56 58 67 71 142 147 148 150 152 153 155 156 159 160 164 165 167 195 199 200 201 202 207 209 210 214
9 -1.49495 -24.4881 7.94216 0.889575 -0.390124 0.095432 -0.217608 58 65 70 71 72 73 142 147 148 150 152 155 156 158 160 161 3196 3197 3272
10 -1.57563 -24.271 8.9775 0.857347 -0.463018 0.106861 -0.197868 65 70 71 72 73 142 147 148 150 152 155 156 158 160 161 163 165 167 168 169 195 200 201 214 217 3186 3188 3191 3196 3197 3198 3199 3272 3274 3275 3277 3278 3292
11 -1.58834 -23.0202 9.02722 0.815678 -0.540726 0.113618 -0.171392 71 73 148 155 156 158 160 161 163 165 167 168 169 195 199 200 202 214 216 217 218 219 221 222 3197 3199 3272 3274 3275 3277 3278 3279 3281 3283 3292 3326 3327
12 -4.24983 -21.6951 6.41497 0.602076 -0.571412 0.383895 -0.404496 125 133 135 141 142 148 149 150 151 152 155 156 177 178 179 186 187 188 189 194 195 196 197 199 200 203 204 205 206 207 208 245 246 263 264
13 -3.59335 -21.7015 8.40102 0.676108 -0.629467 0.260945 -0.280281 142 144 146 148 150 152 155 156 158 159 160 165 167 195 198 199 200 201 202 207 208 209 210 211 212 213 214 267 269 270 271
14 -4.25754 -20.5719 6.40511 0.588547 -0.583932 0.393811 -0.396924 135 151 152 156 177 179 187 189 194 195 196 197 199 203 204 205 206 207 208 246 248 256 263 264 265 266 267 268 273 274
15 -3.58728 -20.5874 8.41213 0.659664 -0.648108 0.266683 -0.271438 150 152 156 167 195 199 200 201 202 207 208 209 210 211 212 214 267 268 269 270 271 272 277 280 281
16 -1.55972 -21.745 9.07163 0.753671 -0.630157 0.119802 -0.143284 148 155 156 160 163 165 167 168 169 200 202 208 210 212 214 216 217 218 219 220 221 222 267 283 285 3274 3277 3278 3279 3281 3283 3326 3327 3329 3331 3332 3399 3400
17 -1.53808 -20.5734 9.08662 0.703182 -0.687859 0.125839 -0.128642 156 167 169 202 210 212 214 216 217 218 219 220 221 222 270 272 283 284 285 286 287 289 3279 3283 3326 3327 3331 3332 3399 3400 3404
18 -4.26686 -19.5502 6.38199 0.584618 -0.58458 0.397786 -0.397812 179 187 189 196 197 203 204 205 206 207 208 246 248 256 258 263 264 265 266 267 268 273 274 275 276 277 278 298 315 316
19 -3.5867 -19.5526 8.41304 0.654371 -0.653568 0.268766 -0.269096 199 200 201 202 207 208 210 211 212 267 268 269 270 271 272 277 278 279 280 281 282 319 321 322 323
20 -4.25725 -18.5507 6.40605 0.586384 -0.586238 0.395222 -0.395321 189 205 206 246 248 256 258 263 264 265 266 267 268 273 274 275 276 277 278 298 300 308 315 316 317 318 319 320 325 326
21 -3.5913 -18.5421 8.40846 -0.652453 0.654901 -0.270143 0.269134 208 209 211 212 267 268 269 270 271 272 277 278 279 280 281 282 319 320 321 322 324 329 331 332 333
22 -1.54648 -19.5546 9.08352 0.696861 -0.69389 0.127984 -0.128532 210 212 216 218 219 220 221 222 270 272 280 282 283 284 285 286 287 288 289 290 335 337 3327 3331 3332 3399 3400 3404 3405 3456
23 -1.52073 -18.5573 9.09321 0.698379 -0.693528 0.124634 -0.125506 220 222 270 272 280 282 283 284 285 286 287 288 289 290 322 324 335 336 337 338 339 341 3332 3399 3400 3404 3405 3456 3457 3461
24 -4.25745 -17.5495 6.40556 -0.586223 0.58633 -0.395358 0.395287 248 256 258 265 266 273 274 275 276 277 278 298 300 308 310 315 316 317 318 319 320 325 326 327 328 329 330 422 439 440
25 -3.58323 -17.5483 8.41646 -0.653917 0.654458 -0.26851 0.268289 268 269 271 272 277 278 280 281 282 319 320 321 322 323 324 329 330 331 332 334 444 446 447 448
26 -4.26098 -16.5566 6.39676 0.586338 -0.584962 0.395783 -0.396715 258 275 276 298 300 308 310 315 316 317 318 319 320 325 326 327 328 329 330 422 424 432 439 440 441 442 444 445 450 451
27 -3.57961 -16.5476 8.42002 -0.654039 0.65479 -0.268 0.267692 278 279 281 282 319 320 322 323 324 329 330 331 332 333 334 444 445 446 447 449 456 458 459 460
28 -1.51106 -17.5516 9.09679 0.69668 -0.695664 0.123782 -0.123963 280 282 284 286 287 288 289 290 322 324 332 334 335 336 337 338 339 340 341 342 462 464 3400 3404 3405 3456 3457 3461 3462 3530
29 -1.53872 -16.551 9.08647 0.69587 -0.695238 0.127238 -0.127354 288 290 322 324 332 334 335 336 337 338 339 340 341 342 447 449 462 463 464 465 467 470 3405 3456 3457 3461 3462 3530 3531 3534
30 -4.25825 -15.5469 6.40358 -0.585805 0.586465 -0.395755 0.395309 300 308 310 317 318 325 326 327 328 329 330 422 424 432 434 439 440 441 442 444 445 450 451 452 453 456 457 479 496 497
31 -3.57394 -15.5375 8.42556 -0.652802 0.656726 -0.267783 0.266183 320 321 323 324 329 330 331 332 333 334 444 445 446 447 448 449 456 457 458 459 461 502 504 505 506
32 -4.2416 -14.5469 6.44397 -0.588661 0.589339 -0.391478 0.391028 309 310 327 328 421 422 423 424 431 432 434 439 440 441 442 444 445 450 451 452 453 456 457 479 481 489 496 497 498 499 502 503 508 509
33 -3.55966 -14.5576 8.43945 0.656844 -0.654454 0.264324 -0.265289 330 331 333 334 444 445 447 448 449 456 457 458 459 460 461 502 503 504 505 507 514 516 517 518
34 -1.52783 -15.5541 9.09057 0.697144 -0.694453 0.125703 -0.126191 332 334 336 338 339 340 341 342 447 449 459 461 462 463 464 465 467 469 470 471 521 524 3457 3461 3462 3530 3531 3534 3535 3586
35 -1.55462 -14.5591 9.08038 0.698103 -0.692264 0.12873 -0.129815 340 342 447 449 459 461 462 463 464 465 467 469 470 471 505 507 521 523 524 525 527 529 3462 3530 3531 3534 3535 3586 3587 3590
36 -4.25375 -13.5523 6.41465 0.587156 -0.586688 0.394206 -0.394521 424 432 434 441 442 450 451 452 453 456 457 479 481 489 491 496 497 498 499 502 503 508 509 510 511 514 515 554 571 572
37 -3.55662 -13.5514 8.4424 0.656048 -0.655627 0.264258 -0.264427 445 446 448 449 456 457 459 460 461 502 503 504 505 506 507 514 515 516 517 519 577 579 580 581
38 -4.24915 -12.5477 6.42586 -0.58747 0.587964 -0.393343 0.393012 434 452 453 479 481 489 491 496 497 498 499 502 503 508 509 510 511 514 515 554 556 564 571 572 573 574 577 578 583 584
39 -3.5631 -12.5453 8.43613 -0.654686 0.656192 -0.265633 0.265024 457 458 460 461 502 503 505 506 507 514 515 516 517 518 519 577 578 579 580 582 588 590 591 592
40 -1.55589 -13.5572 9.0799 0.697462 -0.692852 0.128999 -0.129857 459 461 463 465 467 469 470 471 505 507 517 519 521 523 524 525 527 528 529 594 1450 3531 3534 3535 3586 3587 3590 4628
41 -1.55085 -12.5453 9.08185 -0.693749 0.696802 -0.129084 0.128518 469 471 505 507 517 519 521 523 524 525 527 528 529 580 582 594 595 597 598 600 1450 1451 3535 3586 3587 3590 3662 4628 4629
42 -4.25316 -11.5552 6.4161 0.587566 -0.586483 0.393846 -0.394574 481 489 491 498 499 508 509 510 511 514 515 554 556 564 566 571 572 573 574 577 578 583 584 585 586 588 589 609 626 627
43 -3.54383 -11.5655 8.45458 0.659057 -0.654156 0.261435 -0.263393 503 506 507 514 515 517 518 519 577 578 580 581 582 588 589 590 591 593 630 632 633 634
44 -4.26816 -10.5578 6.37868 0.58517 -0.583554 0.397595 -0.398696 491 510 511 554 556 564 566 571 572 573 574 577 578 583 584 585 586 588 589 609 611 619 626 627 628 629 630 631 636 637
45 -3.57071 -10.5584 8.42872 0.656279 -0.653655 0.265955 -0.267022 515 516 518 519 577 578 580 581 582 588 589 590 591 592 593 630 631 632 633 635 640 642 643 644
46 -1.5467 -11.5539 9.08343 0.696623 -0.694119 0.128055 -0.128517 517 519 523 525 527 528 529 580 582 591 593 594 595 597 598 599 600 601 646 648 1450 1451 3587 3659 3662 3663 3714 4628 4629
47 -1.55384 -10.55 9.0807 -0.6952 0.695217 -0.129173 0.12917 528 580 582 591 593 594 595 597 598 599 600 601 633 635 646 647 648 649 650 652 1451 3659 3662 3663 3714 3715 3718 4629
48 -4.2739 -9.5479 6.36398 -0.583089 0.583538 -0.399835 0.399528 556 564 566 573 574 583 584 585 586 588 589 609 611 619 621 626 627 628 629 630 631 636 637 638 639 640 641 1154 1163 1164
49 -3.57188 -9.54697 8.4276 -0.654415 0.655378 -0.266861 0.266469 578 579 581 582 588 589 591 592 593 630 631 632 633 634 635 640 641 642 643 645 1167 1169 1170 1171
50 -4.26687 -8.55135 6.38198 0.584735 -0.584461 0.397707 -0.397894 566 585 586 609 611 619 621 626 627 628 629 630 631 636 637 638 639 640 641 1154 1156 1159 1163 1164 1165 1166 1167 1168 1173 1174
51 -3.58005 -8.55382 8.41959 0.654974 -0.653799 0.267673 -0.268154 589 590 592 593 630 631 633 634 635 640 641 642 643 644 645 1167 1168 1169 1170 1172 1177 1179 1180 1181
52 -1.54203 -9.55285 9.08522 0.696393 -0.694564 0.127538 -0.127874 591 593 595 597 598 599 600 601 633 635 643 645 646 647 648 649 650 651 652 653 1183 1185 3659 3662 3663 3714 3715 3718 3719 3809
53 -1.5298 -8.55229 9.08983 0.696497 -0.695013 0.126057 -0.126326 599 601 633 635 643 645 646 647 648 649 650 651 652 653 1170 1172 1183 1184 1185 1186 1187 1189 3663 3714 3715 3718 3719 3809 3810 3813
54 -4.27434 -7.54128 6.36281 -0.582316 0.584143 -0.400429 0.399176 611 619 621 628 629 636 637 638 639 640 641 1154 1156 1159 1161 1163 1164 1165 1166 1167 1168 1173 1174 1175 1176 1177 1178 1192 1199 1200
55 -3.57492 -7.53769 8.42459 -0.652776 0.656629 -0.267919 0.266347 631 632 634 635 640 641 642 643 644 645 1167 1168 1169 1170 1171 1172 1177 1178 1179 1180 1182 1204 1206 1207 1208
56 -4.26454 -6.53586 6.38777 -0.583521 0.586496 -0.398203 0.396182 621 638 639 1154 1156 1159 1161 1163 1164 1165 1166 1167 1168 1173 1174 1175 1176 1177 1178 1192 1194 1196 1199 1200 1201 1202 1204 1205 1210 1211
57 -3.58948 -6.5348 8.41022 -0.651428 0.656144 -0.270336 0.268393 641 642 644 645 1167 1168 1169 1170 1171 1172 1177 1178 1179 1180 1181 1182 1204 1205 1206 1207 1208 1209 1216 1218 1219 1220
58 -1.54506 -7.54145 9.08405 -0.692608 0.698199 -0.1286 0.12757 643 645 647 649 650 651 652 653 1170 1172 1180 1182 1183 1184 1185 1186 1187 1188 1189 1190 1222 1224 3715 3718 3719 3809 3810 3813 3814 3850
59 -1.55954 -6.54203 9.07849 -0.692501 0.697641 -0.130362 0.129402 651 653 1170 1172 1180 1182 1183 1184 1185 1186 1187 1188 1189 1190 1207 1209 1222 1223 1224 1225 1226 1229 3719 3809 3810 3813 3814 3850 3851 3856
60 -4.25449 -5.5328 6.41272 -0.584961 0.588604 -0.39579 0.393341 1156 1159 1161 1165 1166 1173 1174 1175 1176 1177 1178 1192 1194 1196 1198 1199 1200 1201 1202 1204 1205 1210 1211 1212 1213 1216 1217 1367 1374 1375
61 -3.57905 -5.53588 8.42053 -0.652239 0.656648 -0.268667 0.266864 1168 1169 1171 1172 1177 1178 1179 1180 1181 1182 1204 1205 1206 1207 1208 1209 1216 1217 1218 1219 1221 1380 1382 1383 1384
62 -4.24824 -4.53787 6.42801 -0.586578 0.589159 -0.393811 0.392086 1161 1175 1176 1192 1194 1196 1198 1199 1200 1201 1202 1204 1205 1210 1211 1212 1213 1216 1217 1367 1369 1371 1374 1375 1376 1377 1380 1381 1386 1387
63 -3.58998 -4.53924 8.40975 -0.652087 0.655429 -0.270127 0.268749 1178 1179 1181 1182 1204 1205 1206 1207 1208 1209 1216 1217 1218 1219 1220 1221 1380 1381 1382 1383 1384 1385 1392 1394 1395 1396
64 -1.56487 -5.54573 9.07643 -0.693573 0.696329 -0.130801 0.130284 1180 1182 1184 1186 1187 1188 1189 1190 1207 1209 1219 1221 1222 1223 1224 1225 1226 1228 1229 1230 1399 1402 3810 3813 3814 3850 3851 3856 3857 4009
65 -1.61791 -4.53472 9.05515 -0.689004 0.698315 -0.138084 0.136243 1188 1190 1207 1209 1219 1221 1222 1223 1224 1225 1226 1228 1229 1230 1383 1385 1399 1401 1402 1403 1405 1408 3814 3850 3851 3856 3857 4009 4010 4012 4014 4015 4018
66 -4.24956 -3.53051 6.4247 -0.585561 0.589701 -0.394683 0.391912 1194 1195 1196 1198 1201 1202 1210 1211 1212 1213 1216 1217 1367 1369 1371 1373 1374 1375 1376 1377 1380 1381 1386 1387 1388 1389 1392 1393 1411 1418 1419
67 -3.59239 -3.53465 8.40733 -0.651224 0.655979 -0.270793 0.26883 1205 1206 1208 1209 1216 1217 1218 1219 1220 1221 1380 1381 1382 1383 1384 1385 1392 1393 1394 1395 1396 1397 1424 1426 1427 1428
68 -4.24958 -2.54823 6.42483 -0.587451 0.587836 -0.393416 0.393158 1198 1212 1213 1367 1369 1371 1373 1374 1375 1376 1377 1380 1381 1386 1387 1388 1389 1392 1393 1411 1413 1415 1418 1419 1420 1421 1424 1425 1429 1430
69 -3.58294 -2.53155 8.41667 -0.651323 0.657066 -0.269543 0.267187 1217 1218 1220 1221 1380 1381 1382 1383 1384 1385 1392 1393 1394 1395 1396 1397 1424 1425 1426 1427 1428 1435 1436 1437 1441 1445
70 -1.61611 -3.535 9.05589 -0.689126 0.698284 -0.137841 0.136034 1219 1221 1223 1225 1226 1228 1229 1230 1383 1385 1395 1397 1399 1401 1402 1403 1405 1407 1408 1409 1439 1442 3851 3856 3857 4009 4010 4015 4016 4018 4020 4053 4056
71 -1.61901 -2.53819 9.05471 -0.690041 0.697238 -0.138009 0.136584 1228 1230 1383 1385 1395 1397 1399 1401 1402 1403 1405 1407 1408 1409 1427 1436 1439 1441 1442 1443 1445 1448 3857 4009 4010 4015 4016 4053 4054 4056 4058 4059 4062
72 -4.23924 -1.53043 6.44942 -0.58729 0.591473 -0.392056 0.389284 1368 1369 1370 1371 1372 1373 1376 1377 1386 1387 1388 1389 1392 1393 1410 1411 1412 1413 1415 1417 1418 1419 1420 1421 1424 1425 1429 1430 1431 1432 1435 2087 2094 2095 2100
73 -3.57836 -1.53197 8.42118 -0.651669 0.657296 -0.268814 0.266512 1381 1382 1384 1385 1392 1393 1394 1395 1396 1397 1424 1425 1426 1427 1428 1432 1435 1436 1437 1441 1445 1446 1447 2095 2097 2100 2101 2111
74 -4.23178 -0.542885 6.46704 -0.589862 0.591396 -0.389294 0.388284 1372 1373 1388 1389 1410 1411 1412 1413 1414 1415 1416 1417 1418 1419 1420 1421 1424 1425 1429 1430 1431 1432 1435 1437 2086 2087 2088 2089 2090 2091 2094 2095 2096 2097 2100 2101 2102 2103 2108
75 -3.58618 -0.537395 8.41352 -0.652037 0.655957 -0.269662 0.26805 1393 1394 1396 1397 1424 1425 1426 1427 1428 1432 1435 1436 1437 1440 1441 1445 1447 2095 2097 2099 2100 2101 2103 2105 2108 2109 2111 2112 2113 2117
76 -1.62705 -1.53964 9.05139 -0.690308 0.696577 -0.138927 0.137676 1395 1397 1401 1403 1405 1407 1408 1409 1427 1428 1436 1437 1439 1441 1442 1443 1445 1447 1448 1449 2100 2111 2114 4010 4015 4016 4053 4054 4059 4060 4062 4064 4764 4767
77 -1.64135 -0.535489 9.04539 -0.688746 0.697405 -0.140972 0.139221 1407 1409 1427 1428 1436 1437 1439 1441 1442 1443 1445 1447 1448 1449 2100 2101 2108 2111 2113 2114 2115 2117 2120 4016 4053 4054 4059 4060 4064 4764 4765 4767 4769 4770 4773
78 -3.41691 -13.0223 7.64062 -0.569531 0.48537 -0.430279 0.504887 507 517 519 580 582 1450 1451
79 -3.20432 -12.3342 8.25182 0.649862 -0.489383 0.349829 -0.464546 582 591 1450 1451
80 -4.22714 0.456046 6.47776 -0.59073 0.59204 -0.388067 0.387209 1412 1413 1414 1415 1416 1417 1420 1421 1429 1430 1431 1432 1435 1437 2086 2087 2088 2089 2090 2091 2092 2093 2094 2095 2096 2097 2100 2101 2102 2103 2104 2105 2108 2109 2123 2124 2133 2134 2139
81 -3.58447 0.45978 8.41522 -0.652583 0.655631 -0.269218 0.267966 1425 1426 1428 1432 1435 1436 1437 1441 1444 1445 1446 1447 2095 2097 2100 2101 2103 2105 2107 2108 2109 2111 2113 2117 2118 2119 2134 2136 2139 2140 2150 2152
82 -4.2274 1.44997 6.47719 -0.591344 0.591347 -0.387701 0.387698 1416 1417 1431 1432 1437 2086 2087 2088 2089 2090 2091 2092 2093 2094 2095 2096 2097 2100 2101 2102 2103 2104 2105 2108 2109 2123 2124 2125 2126 2129 2130 2133 2134 2135 2136 2139 2140 2141 2142 2147
83 -3.58419 1.45451 8.41551 -0.653419 0.654834 -0.268838 0.268257 1432 1436 1437 1445 1447 2095 2097 2098 2100 2101 2103 2105 2108 2109 2110 2111 2113 2117 2119 2134 2136 2138 2139 2140 2142 2144 2147 2148 2150 2151 2152 2156 2158
84 -1.6364 0.456128 9.0475 -0.691369 0.695058 -0.13984 0.139098 1428 1436 1437 1441 1443 1445 1447 1448 1449 2100 2101 2108 2109 2111 2113 2114 2115 2117 2119 2120 2121 2139 2150 2153 4054 4059 4060 4764 4765 4769 4770 4771 4773 4775 4810 4813
85 -1.64832 1.45634 9.04247 -0.691022 0.694799 -0.141348 0.14058 1437 1447 1449 2100 2101 2108 2109 2111 2113 2114 2115 2117 2119 2120 2121 2139 2140 2147 2150 2152 2153 2154 2156 2159 4060 4764 4765 4770 4771 4773 4775 4810 4811 4813 4815 4816 4819
86 -4.22921 2.44956 6.47301 0.591093 -0.591008 0.388121 -0.388176 2088 2089 2090 2091 2092 2093 2096 2097 2101 2102 2103 2104 2105 2108 2109 2123 2124 2125 2126 2129 2130 2131 2132 2133 2134 2135 2136 2139 2140 2141 2142 2143 2144 2147 2148 2222 2223 2233 2234 2239
87 -3.57943 2.4667 8.42014 -0.651812 0.657022 -0.268892 0.26676 2095 2097 2100 2101 2103 2105 2106 2107 2108 2109 2110 2111 2113 2116 2117 2118 2119 2134 2136 2139 2140 2142 2144 2146 2147 2148 2150 2152 2156 2157 2158 2234 2236 2239 2240 2250
88 -4.23297 3.45095 6.46429 -0.590329 0.590542 -0.389153 0.389013 2092 2093 2104 2105 2109 2123 2124 2125 2126 2129 2130 2131 2132 2133 2134 2135 2136 2139 2140 2141 2142 2143 2144 2147 2148 2222 2223 2224 2225 2229 2230 2233 2234 2235 2236 2239 2240 2241 2242 2247
89 -3.59805 3.44292 8.40173 0.654331 -0.652165 0.270228 -0.271126 2103 2105 2108 2109 2117 2119 2134 2136 2137 2139 2140 2142 2144 2147 2148 2149 2150 2152 2156 2158 2234 2236 2238 2239 2240 2242 2244 2247 2248 2250 2251 2252 2256 2258
90 -1.62878 2.45754 9.05068 -0.69112 0.695686 -0.138972 0.13806 2101 2108 2109 2113 2115 2117 2119 2120 2121 2139 2140 2147 2148 2150 2152 2153 2154 2156 2158 2159 2160 2239 2250 2253 4765 4770 4771 4810 4811 4816 4817 4819 4821 4942 4945
91 -1.64088 3.45536 9.04562 -0.691491 0.69471 -0.140355 0.139705 2109 2119 2121 2139 2140 2147 2148 2150 2152 2153 2154 2156 2158 2159 2160 2239 2240 2247 2250 2252 2253 2254 2256 2259 4771 4810 4811 4816 4817 4821 4942 4943 4945 4947 4948 4951
92 -4.23413 4.45482 6.46159 -0.589723 0.590766 -0.389716 0.389029 2125 2126 2129 2130 2131 2132 2135 2136 2140 2141 2142 2143 2144 2147 2148 2222 2223 2224 2225 2229 2230 2231 2232 2233 2234 2235 2236 2239 2240 2241 2242 2243 2244 2247 2248 2266 2267 2280 2281 2286
93 -3.6067 4.45616 8.39305 -0.651743 0.653644 -0.272406 0.271614 2134 2136 2139 2140 2142 2144 2145 2147 2148 2150 2152 2155 2156 2158 2234 2236 2239 2240 2242 2244 2246 2247 2248 2250 2252 2256 2257 2258 2281 2283 2286 2287 2297 2299
94 -4.21527 5.45396 6.50469 -0.592846 0.593713 -0.385014 0.384452 2131 2132 2143 2144 2148 2222 2223 2224 2225 2229 2230 2231 2232 2233 2234 2235 2236 2239 2240 2241 2242 2243 2244 2247 2248 2266 2267 2268 2269 2276 2277 2280 2281 2282 2283 2286 2287 2288 2289 2294
95 -3.59698 5.44372 8.4028 0.654276 -0.652356 0.270114 -0.270909 2142 2144 2147 2148 2156 2158 2234 2236 2237 2239 2240 2242 2244 2247 2248 2249 2250 2252 2256 2258 2281 2283 2285 2286 2287 2289 2291 2294 2295 2297 2298 2299 2303 2305
96 -1.64669 4.45401 9.04317 -0.691755 0.694154 -0.141001 0.140514 2140 2147 2148 2152 2154 2156 2158 2159 2160 2239 2240 2247 2248 2250 2252 2253 2254 2256 2258 2259 2260 2286 2297 2300 4811 4816 4817 4942 4943 4945 4947 4948 4949 4951 4953 4990 4993
97 -1.6135 5.44965 9.057 0.69388 -0.693693 0.136584 -0.136621 2148 2158 2160 2239 2240 2247 2248 2250 2252 2253 2254 2256 2258 2259 2260 2286 2287 2294 2297 2299 2300 2301 2303 2306 4817 4942 4943 4948 4949 4990 4991 4996
98 -4.21065 6.45405 6.51498 -0.593557 0.594446 -0.383904 0.38333 2224 2225 2229 2230 2231 2232 2235 2236 2240 2241 2242 2243 2244 2247 2248 2266 2267 2268 2269 2276 2277 2278 2279 2280 2281 2282 2283 2286 2287 2288 2289 2290 2291 2294 2295 2338 2339 2352 2353 2358
99 -3.58913 6.45442 8.41062 -0.653124 0.654507 -0.26959 0.26902 2234 2236 2239 2240 2242 2244 2245 2247 2248 2250 2252 2255 2256 2258 2281 2283 2286 2287 2289 2291 2293 2294 2295 2297 2299 2303 2304 2305 2353 2355 2358 2359 2369 2371
100 -4.21774 7.45187 6.49915 -0.592684 0.593097 -0.385467 0.385198 2231 2232 2243 2244 2248 2266 2267 2268 2269 2276 2277 2278 2279 2280 2281 2282 2283 2286 2287 2288 2289 2290 2291 2294 2295 2338 2339 2340 2341 2348 2349 2352 2353 2354 2355 2358 2359 2360 2361 2366
101 -3.59322 7.45049 8.40656 -0.653475 0.653639 -0.269966 0.269898 2242 2244 2247 2248 2256 2258 2281 2283 2284 2286 2287 2289 2291 2294 2295 2296 2297 2299 2303 2305 2353 2355 2357 2358 2359 2361 2363 2366 2367 2369 2370 2371 2375 2377
102 -1.62217 6.44389 9.05343 0.695406 -0.691733 0.137323 -0.138052 2240 2247 2248 2252 2254 2256 2258 2259 2260 2286 2287 2294 2295 2297 2299 2300 2301 2303 2305 2306 2307 2358 2369 2372 4943 4947 4948 4949 4951 4990 4991 4996 4997 5216
103 -1.64378 7.4588 9.04439 -0.690399 0.695649 -0.140927 0.139864 2248 2258 2260 2286 2287 2294 2295 2297 2299 2300 2301 2303 2305 2306 2307 2358 2359 2366 2369 2371 2372 2373 2375 2378 4949 4990 4991 4996 4997 5001 5216 5217 5219 5221 5222 5225
104 -4.21149 8.45077 6.51314 -0.593784 0.593961 -0.383874 0.38376 2268 2269 2276 2277 2278 2279 2282 2283 2287 2288 2289 2290 2291 2294 2295 2338 2339 2340 2341 2348 2349 2350 2351 2352 2353 2354 2355 2358 2359 2360 2361 2362 2363 2366 2367 2386 2387 2400 2401 2406
105 -3.58801 8.45163 8.41174 -0.653628 0.654146 -0.269238 0.269025 2281 2283 2286 2287 2289 2291 2292 2294 2295 2297 2299 2302 2303 2305 2353 2355 2358 2359 2361 2363 2365 2366 2367 2369 2371 2375 2376 2377 2401 2403 2406 2407 2417 2419
106 -4.20228 9.45101 6.53338 -0.595176 0.595407 -0.381687 0.381539 2278 2279 2290 2291 2295 2338 2339 2340 2341 2348 2349 2350 2351 2352 2353 2354 2355 2358 2359 2360 2361 2362 2363 2366 2367 2386 2387 2388 2389 2396 2397 2400 2401 2402 2403 2406 2407 2408 2409 2414
107 -3.58972 9.44717 8.41004 0.65421 -0.653347 0.269217 -0.269572 2289 2291 2294 2295 2303 2305 2353 2355 2356 2358 2359 2361 2363 2366 2367 2368 2369 2371 2375 2377 2401 2403 2405 2406 2407 2409 2411 2414 2415 2417 2418 2419 2423 2425
108 -1.62011 8.45664 9.05428 -0.691594 0.695646 -0.137832 0.137029 2287 2294 2295 2299 2301 2303 2305 2306 2307 2358 2359 2366 2367 2369 2371 2372 2373 2375 2377 2378 2379 2406 2417 2420 4991 4996 4997 5216 5217 5222 5223 5227 5264 5267
109 -1.61758 9.44238 9.05532 0.695983 -0.69138 0.136659 -0.137569 2295 2305 2307 2358 2359 2366 2367 2369 2371 2372 2373 2375 2377 2378 2379 2406 2407 2414 2417 2419 2420 2421 2423 2426 4997 5001 5216 5217 5219 5222 5223 5264 5265 5270
110 -4.21445 10.4509 6.50654 -0.593305 0.593514 -0.3846 0.384465 2340 2341 2348 2349 2350 2351 2354 2355 2359 2360 2361 2362 2363 2366 2367 2386 2387 2388 2389 2396 2397 2398 2399 2400 2401 2402 2403 2406 2407 2408 2409 2410 2411 2414 2415 2456 2457 2470 2471 2476
111 -3.59341 10.4524 8.40637 -0.65317 0.653919 -0.270117 0.269807 2353 2355 2358 2359 2361 2363 2364 2366 2367 2369 2371 2374 2375 2377 2401 2403 2406 2407 2409 2411 2413 2414 2415 2417 2419 2423 2424 2425 2471 2473 2476 2477 2487 2489
112 -4.2124 11.4474 6.51112 0.594012 -0.59345 0.383854 -0.384218 2350 2351 2362 2363 2367 2386 2387 2388 2389 2396 2397 2398 2399 2400 2401 2402 2403 2406 2407 2408 2409 2410 2411 2414 2415 2456 2457 2458 2459 2466 2467 2470 2471 2472 2473 2476 2477 2478 2479 2484
113 -3.60131 11.4463 8.39847 0.653607 -0.652474 0.270943 -0.271414 2361 2363 2366 2367 2375 2377 2401 2403 2404 2406 2407 2409 2411 2414 2415 2416 2417 2419 2423 2425 2471 2473 2475 2476 2477 2479 2481 2484 2485 2487 2488 2489 2493 2495
114 -1.63559 10.4429 9.04784 0.695343 -0.691123 0.138944 -0.139792 2359 2366 2367 2371 2373 2375 2377 2378 2379 2406 2407 2414 2415 2417 2419 2420 2421 2423 2425 2426 2427 2476 2487 2490 5217 5221 5222 5223 5225 5227 5264 5265 5267 5270 5271 5335
115 -1.62063 11.4549 9.05406 -0.692095 0.695122 -0.137794 0.137194 2367 2377 2379 2406 2407 2414 2415 2417 2419 2420 2421 2423 2425 2426 2427 2476 2477 2484 2487 2489 2490 2491 2493 2496 5223 5264 5265 5270 5271 5335 5336 5341 5344
116 -4.21923 12.4419 6.49577 0.593525 -0.591779 0.385129 -0.386266 2388 2389 2396 2397 2398 2399 2402 2403 2407 2408 2409 2410 2411 2414 2415 2456 2457 2458 2459 2466 2467 2468 2469 2470 2471 2472 2473 2476 2477 2478 2479 2480 2481 2484 2485 2503 2504 2519 2520 2525
117 -3.59762 12.4403 8.40215 0.654754 -0.651793 0.269999 -0.271226 2401 2403 2406 2407 2409 2411 2412 2414 2415 2417 2419 2422 2423 2425 2471 2473 2476 2477 2479 2481 2483 2484 2485 2487 2489 2493 2494 2495 2520 2522 2525 2526 2536 2538
118 -4.22206 13.443 6.48937 0.592947 -0.591457 0.385902 -0.386874 2398 2399 2410 2411 2415 2456 2457 2458 2459 2466 2467 2468 2469 2470 2471 2472 2473 2476 2477 2478 2479 2480 2481 2484 2485 2503 2504 2505 2506 2513 2514 2519 2520 2521 2522 2525 2526 2527 2528 2533
119 -3.60064 13.4387 8.39911 0.65481 -0.651349 0.27036 -0.271797 2409 2411 2414 2415 2423 2425 2471 2473 2474 2476 2477 2479 2481 2484 2485 2486 2487 2489 2493 2495 2520 2522 2523 2524 2525 2526 2528 2530 2533 2534 2535 2536 2537 2538 2542 2544
120 -1.60023 12.4475 9.0624 0.694881 -0.69334 0.134796 -0.135095 2407 2414 2415 2419 2421 2423 2425 2426 2427 2476 2477 2484 2485 2487 2489 2490 2491 2493 2495 2496 2497 2525 2536 2539 5265 5270 5271 5335 5336 5341 5342 5387
121 -1.60627 13.4403 9.05993 0.696924 -0.690989 0.135123 -0.136284 2415 2425 2427 2476 2477 2484 2485 2487 2489 2490 2491 2493 2495 2496 2497 2525 2526 2533 2536 2538 2539 2540 2542 2545 5271 5275 5335 5336 5341 5342 5387 5388 5393
122 -4.22283 14.4613 6.48758 -0.590849 0.593302 -0.387381 0.38578 2458 2459 2466 2467 2468 2469 2472 2473 2477 2478 2479 2480 2481 2484 2485 2503 2504 2505 2506 2513 2514 2515 2516 2519 2520 2521 2522 2525 2526 2527 2528 2529 2530 2533 2534 2581 2582 2601 2602 2607
123 -3.59872 14.4687 8.40098 -0.65031 0.65608 -0.271985 0.269593 2471 2473 2474 2476 2477 2479 2481 2482 2483 2484 2485 2486 2487 2489 2492 2493 2494 2495 2520 2522 2525 2526 2528 2530 2532 2533 2534 2536 2538 2542 2543 2544 2602 2604 2607 2608 2618
124 -1.56685 14.4706 9.07558 -0.688306 0.701435 -0.132042 0.12957 2477 2484 2485 2489 2491 2493 2495 2496 2497 2525 2526 2533 2534 2536 2538 2539 2540 2542 2544 2545 2546 2607 2618 2621 5336 5341 5342 5387 5388 5393 5394 5398 5714 5717
125 1.84266 -27.5928 7.0381 0.854095 0.251763 -0.128683 -0.436552 19 21 22 62 70 72 3149 3153 3172 3183 3184 3186 3189 3190 3191 3196 3198 3200 3202 3205 3289
126 2.17216 -25.993 7.33046 0.83544 0.378984 -0.164423 -0.362458 19 22 3186 3188 3189 3191 3198 3200 3202 3204 3205 3288 3289
127 1.25837 -25.5908 8.99701 0.930327 0.29525 -0.065801 -0.207337 19 61 63 65 70 71 72 73 147 158 161 3186 3188 3191 3196 3197 3198 3199 3202 3205 3272 3274 3275 3277 3289 3291 3292 3293 3297 3299 3300 3301 3345
128 4.31525 -26.5645 5.7035 -0.618571 -0.433358 0.376065 0.536792 3138 3150 3151 3153 3171 3172 3173 3174 3179 3180 3183 3184 3186 3189 3191 3198 3200 3201 3202 3204 3205 3257 3258 3277 3281 3283 3285 3288 3289 3292 3293
129 4.00039 -25.8232 6.3969 0.706977 0.431487 -0.291926 -0.478312 3153 3172 3173 3174 3179 3180 3184 3186 3189 3191 3198 3200 3201 3202 3204 3205 3258 3260 3288 3289 3290 3292 3293 3300
130 1.64021 -24.1466 8.0008 0.83743 0.502019 -0.111098 -0.185325 72 73 161 3196 3197 3198 3199 3272 3275 3277 3281 3291 3292 3293 3297 3299 3300 3301
131 1.5888 -24.3155 8.97903 0.867164 0.444647 -0.102348 -0.199601 61 63 65 70 71 72 73 147 158 160 161 163 168 3188 3196 3197 3198 3199 3272 3274 3275 3277 3278 3279 3281 3283 3291 3292 3293 3297 3299 3300 3301 3326 3329 3341 3342 3345
132 1.54745 -23.0155 9.06218 0.825343 0.531369 -0.103359 -0.160542 71 73 147 158 160 161 163 165 168 169 217 218 3197 3199 3272 3274 3275 3277 3278 3279 3281 3283 3293 3299 3300 3301 3326 3327 3329 3330 3331 3332 3333 3342 3344 3345 3346
133 3.97445 -24.3764 6.80121 0.705021 0.506288 -0.28967 -0.403373 3173 3174 3179 3180 3184 3191 3198 3200 3201 3202 3204 3205 3258 3260 3268 3270 3288 3289 3290 3291 3292 3293 3296 3297 3298 3299 3300 3301 3313 3338 3341 3345
134 3.38657 -24.1997 8.541 0.76334 0.54221 -0.20336 -0.286297 3186 3189 3191 3194 3197 3198 3199 3200 3202 3205 3272 3275 3276 3277 3281 3282 3283 3289 3291 3292 3293 3297 3299 3300 3301 3329 3341 3342 3345
135 4.14396 -23.0646 6.64833 0.658854 0.542045 -0.331408 -0.402825 3184 3205 3258 3260 3268 3269 3270 3288 3289 3290 3291 3292 3293 3296 3297 3298 3299 3300 3301 3312 3313 3314 3315 3322 3323 3324 3337 3338 3339 3340 3345 3346 3349 3350 3357
136 3.54414 -22.9303 8.46577 0.715529 0.59343 -0.235299 -0.283712 3199 3202 3205 3275 3276 3277 3280 3281 3283 3289 3291 3292 3293 3294 3297 3299 3300 3301 3341 3342 3344 3345 3346 3353 3354 3356 3357
137 1.43924 -21.7329 9.13197 0.763595 0.626177 -0.0999078 -0.121833 160 163 165 167 168 169 214 217 218 221 222 285 286 3274 3277 3278 3279 3281 3283 3293 3300 3301 3326 3327 3329 3330 3331 3332 3333 3334 3342 3344 3354 3356 3357 3358 3399 3401 3418
138 1.41992 -20.5766 9.14383 0.709253 0.688557 -0.105293 -0.108457 169 217 218 221 222 285 286 289 3279 3283 3326 3327 3329 3330 3331 3332 3333 3334 3342 3344 3354 3356 3399 3400 3401 3403 3404 3406 3415 3417
139 4.21744 -21.9049 6.55301 0.634436 0.556332 -0.353814 -0.403486 3260 3268 3270 3290 3293 3296 3297 3298 3299 3300 3301 3312 3313 3315 3322 3323 3324 3325 3337 3338 3339 3340 3345 3346 3349 3350 3351 3352 3357 3358 3385 3386 3387 3410 3411 3418
140 3.60553 -21.7638 8.43048 0.687728 0.620717 -0.252251 -0.279483 3277 3281 3283 3291 3293 3297 3299 3300 3301 3341 3342 3343 3344 3345 3346 3353 3354 3355 3356 3357 3358 3414 3415 3416 3418
141 4.25343 -20.713 6.5148 0.611432 0.576017 -0.37203 -0.394903 3270 3298 3299 3313 3315 3322 3323 3324 3325 3337 3338 3339 3340 3345 3346 3349 3350 3351 3352 3357 3358 3385 3386 3387 3388 3395 3396 3397 3410 3411 3412 3413 3418 3419 3422 3423
142 3.60436 -20.6016 8.44159 0.66386 0.647613 -0.261173 -0.267725 3283 3297 3299 3301 3341 3342 3343 3344 3345 3346 3354 3355 3356 3357 3358 3414 3415 3416 3417 3418 3419 3427 3428 3430
143 1.43788 -19.5601 9.13825 0.702476 0.694801 -0.108439 -0.109637 218 221 222 285 286 289 290 337 3327 3330 3331 3332 3333 3334 3354 3356 3399 3400 3401 3403 3404 3405 3406 3407 3415 3417 3427 3429 3456 3458
144 1.48152 -18.5658 9.12389 0.703525 0.692013 -0.113446 -0.115333 222 285 286 289 290 337 338 341 3332 3334 3399 3400 3401 3403 3404 3405 3406 3407 3415 3417 3427 3429 3456 3457 3458 3460 3461 3463 3472 3474
145 4.28934 -19.6889 6.43519 0.602954 0.573431 -0.382225 -0.401904 3315 3323 3325 3339 3340 3349 3350 3351 3352 3357 3358 3386 3387 3388 3395 3396 3397 3398 3410 3411 3412 3413 3418 3419 3422 3423 3424 3425 3430 3431 3442 3443 3444 3467 3468
146 3.60266 -19.6225 8.44263 0.667172 0.644334 -0.259664 -0.268868 3343 3344 3346 3353 3354 3355 3356 3357 3358 3415 3416 3417 3418 3419 3426 3427 3428 3429 3430 3431 3471 3472 3473 3475
147 4.29335 -18.7403 6.41813 0.60696 0.566687 -0.380252 -0.407276 3325 3351 3352 3386 3388 3396 3397 3398 3410 3411 3412 3413 3418 3419 3422 3423 3424 3425 3430 3431 3442 3443 3444 3445 3452 3453 3454 3467 3468 3469 3470 3475 3476 3479 3480
148 3.58104 -18.6807 8.4605 0.677494 0.635819 -0.253049 -0.269635 3355 3356 3358 3414 3415 3416 3417 3418 3419 3427 3428 3429 3430 3431 3472 3473 3474 3475 3476 3483 3484 3485 3487
149 1.49862 -17.5594 9.1181 0.700778 0.694099 -0.115924 -0.117039 286 289 290 337 338 341 342 464 3400 3403 3404 3405 3406 3407 3427 3429 3456 3457 3458 3460 3461 3462 3463 3464 3472 3474 3484 3486 3530 3532
150 1.58103 -16.5716 9.08837 0.702708 0.688556 -0.125379 -0.127956 288 290 337 338 341 342 464 465 470 3405 3407 3456 3457 3458 3460 3461 3462 3463 3464 3472 3474 3484 3486 3530 3531 3532 3533 3534 3536 3545 3547
151 4.30728 -17.7831 6.37536 0.608004 0.559229 -0.381508 -0.414783 3388 3396 3398 3412 3422 3423 3424 3425 3430 3431 3443 3445 3452 3453 3454 3455 3467 3468 3469 3470 3475 3476 3479 3480 3481 3482 3487 3488 3516 3517 3518 3540 3541 3548
152 3.56853 -17.6654 8.4731 0.676062 0.638987 -0.252043 -0.266666 3416 3417 3419 3426 3427 3428 3429 3430 3431 3472 3473 3474 3475 3476 3484 3485 3486 3487 3488 3544 3545 3546 3548
153 4.32239 -16.6676 6.35513 0.594779 0.570326 -0.39211 -0.408921 3398 3424 3425 3443 3445 3453 3455 3467 3468 3469 3470 3475 3476 3479 3480 3481 3482 3487 3488 3517 3518 3519 3526 3527 3540 3541 3542 3543 3548 3549 3552 3553
154 3.57635 -16.6914 8.46426 0.679421 0.634252 -0.251756 -0.269685 3428 3429 3431 3471 3472 3473 3474 3475 3476 3484 3485 3486 3487 3488 3545 3546 3547 3548 3549 3556 3557 3558 3560
155 1.58138 -15.5399 9.0883 0.692316 0.698995 -0.127304 -0.126087 338 341 342 464 465 470 471 524 3457 3460 3461 3462 3463 3464 3484 3486 3530 3531 3532 3533 3534 3535 3536 3537 3545 3547 3557 3559 3586 3588
156 1.58062 -14.5522 9.0886 0.696399 0.694964 -0.126466 -0.126727 342 464 465 470 471 524 525 529 3462 3464 3530 3531 3532 3533 3534 3535 3536 3537 3545 3547 3557 3559 3586 3587 3588 3589 3590 3592 3601 3603
157 4.31629 -15.6696 6.37067 0.596148 0.571168 -0.390355 -0.407428 3445 3453 3455 3469 3470 3479 3480 3481 3482 3487 3488 3517 3519 3526 3527 3528 3529 3540 3541 3542 3543 3548 3549 3552 3553 3554 3555 3560 3561 3572 3573 3596 3597
158 3.57902 -15.6906 8.4618 0.679117 0.634255 -0.252196 -0.270034 3473 3474 3476 3483 3484 3485 3486 3487 3488 3545 3546 3547 3548 3549 3557 3558 3559 3560 3561 3600 3601 3602 3604
159 4.31549 -14.6677 6.37294 0.596117 0.571532 -0.390264 -0.407051 3455 3481 3482 3517 3519 3527 3529 3540 3541 3542 3543 3548 3549 3552 3553 3554 3555 3560 3561 3572 3573 3574 3575 3582 3583 3596 3597 3598 3599 3604 3605 3608 3609
160 3.57143 -14.6021 8.47281 0.666066 0.649362 -0.256188 -0.262778 3485 3486 3488 3544 3545 3546 3547 3548 3549 3557 3558 3559 3560 3561 3600 3601 3602 3603 3604 3605 3613 3614 3616
161 1.55652 -13.5425 9.09755 0.693682 0.698744 -0.124066 -0.123168 465 470 471 524 525 529 1450 3531 3533 3534 3535 3536 3537 3557 3559 3586 3587 3588 3589 3590 3592 3593 3601 3603 3613 3615 3660 4628
162 1.59536 -12.577 9.08288 0.704027 0.686542 -0.12684 -0.130071 469 471 521 524 525 529 600 1450 1451 3535 3537 3586 3587 3588 3589 3590 3592 3593 3601 3603 3613 3615 3659 3660 3661 3662 3664 3673 3675 4628 4629
163 4.32033 -13.6585 6.36143 0.59432 0.571725 -0.392123 -0.40762 3519 3527 3529 3542 3543 3552 3553 3554 3555 3560 3561 3573 3575 3583 3584 3585 3596 3597 3598 3599 3604 3605 3608 3609 3610 3611 3616 3617 3644 3645 3668 3669
164 3.56943 -13.5991 8.47475 0.665729 0.649956 -0.256067 -0.262281 3546 3547 3549 3556 3557 3558 3559 3560 3561 3601 3603 3604 3605 3612 3613 3614 3615 3616 3617 3673 3674 3676
165 4.31601 -12.6359 6.37455 0.592971 0.575028 -0.392408 -0.404653 3529 3554 3555 3573 3575 3583 3585 3596 3597 3598 3599 3604 3605 3608 3609 3610 3611 3616 3617 3645 3646 3647 3654 3655 3668 3669 3670 3671 3676 3677 3680 3681
166 3.57034 -12.586 8.47416 0.663605 0.652048 -0.257001 -0.261556 3558 3559 3561 3601 3602 3603 3604 3605 3613 3615 3616 3617 3672 3673 3674 3675 3676 3677 3685 3686 3688
167 1.5982 -11.5538 9.08192 0.6965 0.694061 -0.128551 -0.129003 525 597 600 601 648 1450 1451 3587 3589 3590 3592 3593 3613 3615 3659 3660 3661 3662 3663 3664 3665 3673 3675 3685 3687 3714 3716 4628 4629
168 1.59565 -10.5725 9.08281 0.702571 0.688023 -0.127137 -0.129825 597 600 601 648 649 652 1451 3593 3659 3660 3661 3662 3663 3664 3665 3673 3675 3685 3687 3714 3715 3716 3717 3718 3721 3730 3732 4629
169 4.31746 -11.6205 6.37195 0.591196 0.576476 -0.39379 -0.403845 3575 3583 3585 3598 3599 3608 3609 3610 3611 3616 3617 3645 3647 3655 3656 3657 3668 3669 3670 3671 3676 3677 3680 3681 3682 3683 3688 3689 3700 3701 3725 3726
170 3.57904 -11.5704 8.4662 0.660588 0.654092 -0.259273 -0.261848 3602 3603 3605 3613 3614 3615 3616 3617 3673 3675 3676 3677 3684 3685 3687 3688 3689 3730 3731 3733
171 4.31763 -10.5969 6.37279 0.588819 0.579025 -0.395404 -0.402092 3585 3610 3611 3645 3647 3655 3657 3668 3669 3670 3671 3676 3677 3680 3681 3682 3683 3688 3689 3701 3703 3710 3711 3725 3726 3727 3728 3733 3734 3737 3738
172 3.58727 -10.6939 8.45378 0.679007 0.633318 -0.253249 -0.271519 3614 3615 3617 3672 3673 3674 3675 3676 3677 3685 3686 3687 3688 3689 3730 3731 3732 3733 3734 3741 3742 3743 3745
173 1.53876 -9.56582 9.10396 0.701992 0.691169 -0.120488 -0.122375 597 600 601 648 649 652 653 1185 3659 3661 3662 3663 3664 3665 3685 3687 3714 3715 3716 3717 3718 3719 3721 3722 3730 3732 3742 3744 3809 3811
174 1.57264 -8.5758 9.09148 0.704345 0.687259 -0.124095 -0.12718 599 601 648 649 652 653 1185 1186 1189 3663 3665 3714 3715 3716 3717 3718 3719 3721 3722 3730 3732 3742 3744 3809 3810 3811 3812 3813 3815 3825 3827
175 4.30251 -9.6959 6.40224 0.601203 0.570474 -0.385164 -0.40591 3647 3655 3657 3670 3671 3680 3681 3682 3683 3688 3689 3701 3703 3710 3711 3712 3713 3725 3726 3727 3728 3733 3734 3737 3738 3739 3740 3745 3746 3800 3801 3820 3821
176 3.5886 -9.7047 8.45177 0.680506 0.631442 -0.252854 -0.272501 3674 3675 3677 3684 3685 3686 3687 3688 3689 3730 3731 3732 3733 3734 3742 3743 3744 3745 3746 3824 3825 3826 3828
177 4.29611 -8.70678 6.41653 0.603396 0.570246 -0.382879 -0.405137 3657 3682 3683 3701 3703 3711 3712 3713 3725 3726 3727 3728 3733 3734 3737 3738 3739 3740 3745 3746 3800 3801 3802 3803 3805 3806 3820 3821 3822 3823 3828 3829 3832 3833
178 3.57231 -8.71985 8.46602 0.683949 0.629601 -0.249597 -0.271143 3687 3689 3729 3730 3731 3732 3733 3734 3742 3743 3744 3745 3746 3825 3826 3827 3828 3829 3836 3837 3840
179 1.55904 -7.51378 9.0964 0.683854 0.70823 -0.126156 -0.121814 649 652 653 1185 1186 1188 1189 1190 1222 1224 3715 3717 3718 3719 3721 3722 3742 3744 3809 3810 3811 3812 3813 3814 3815 3817 3825 3827 3837 3839 3850 3853
180 1.60605 -6.53735 9.07887 0.691009 0.699165 -0.130518 -0.128996 653 1185 1186 1189 1190 1224 1225 1229 3719 3722 3809 3810 3811 3812 3813 3814 3815 3817 3825 3827 3837 3839 3850 3851 3853 3855 3856 3859 3869 3871
181 4.30273 -7.6184 6.40908 0.593694 0.579271 -0.390065 -0.399777 3703 3711 3713 3727 3728 3737 3738 3739 3740 3745 3746 3801 3803 3806 3807 3808 3820 3821 3822 3823 3828 3829 3832 3833 3834 3835 3840 3841 3842 3843 3864 3865
182 3.58377 -7.65536 8.4593 0.673473 0.63992 -0.254897 -0.268262 3731 3732 3734 3741 3742 3743 3744 3745 3746 3825 3826 3827 3828 3829 3837 3838 3839 3840 3841 3868 3869 3870 3872
183 4.28958 -6.61905 6.4409 0.596079 0.581394 -0.386667 -0.396434 3713 3739 3740 3801 3803 3806 3807 3808 3820 3821 3822 3823 3828 3829 3832 3833 3834 3835 3840 3841 3842 3843 3844 3845 3846 3847 3864 3865 3866 3867 3872 3873 3876 3877
184 3.58088 -6.53833 8.46454 0.655368 0.659112 -0.261572 -0.260086 3741 3743 3744 3746 3825 3826 3827 3828 3829 3837 3839 3840 3841 3868 3869 3871 3872 3873 3880 3881 3884
185 1.58302 -5.52363 9.08758 0.686893 0.704239 -0.128507 -0.125341 1186 1189 1190 1224 1225 1229 1230 1399 1402 3810 3812 3813 3814 3815 3817 3837 3839 3850 3851 3853 3855 3856 3857 3859 3861 3869 3871 3881 3883 4009 4012
186 1.61987 -4.5549 9.07351 0.696314 0.693238 -0.131179 -0.131761 1190 1224 1225 1229 1230 1402 1403 1408 3814 3817 3850 3851 3853 3855 3856 3857 3859 3861 3869 3871 3881 3883 4009 4010 4012 4014 4015 4018 4028 4030
187 4.30336 -5.60171 6.40841 0.591903 0.581004 -0.391335 -0.398675 3803 3806 3808 3822 3823 3832 3833 3834 3835 3840 3841 3843 3845 3847 3848 3849 3864 3865 3866 3867 3872 3873 3876 3877 3878 3879 3884 3885 4002 4023 4024
188 3.58576 -5.53388 8.4599 0.654369 0.659518 -0.262593 -0.260542 3824 3826 3827 3829 3837 3838 3839 3840 3841 3868 3869 3871 3872 3873 3880 3881 3883 3884 3885 4027 4028 4031
189 4.29021 -4.59216 6.44068 0.593231 0.584269 -0.388612 -0.394573 3808 3834 3835 3843 3845 3847 3848 3849 3864 3865 3866 3867 3872 3873 3876 3877 3878 3879 3884 3885 4001 4002 4003 4004 4005 4006 4023 4024 4025 4026 4031 4032 4035 4036
190 3.61381 -4.54123 8.43305 0.65386 0.656624 -0.266372 -0.265251 3836 3838 3839 3841 3869 3870 3871 3872 3873 3880 3881 3882 3883 3884 3885 4027 4028 4030 4031 4032 4039 4040 4041 4043
191 1.62637 -3.5363 9.07092 0.690279 0.698938 -0.13311 -0.131461 1225 1229 1230 1402 1403 1408 1409 1439 1442 3851 3855 3856 3857 3859 3861 3881 3883 4009 4010 4012 4014 4015 4016 4018 4020 4028 4030 4040 4042 4053 4056
192 1.66224 -2.55871 9.0565 0.69639 0.691112 -0.136234 -0.137275 1228 1230 1399 1402 1403 1408 1409 1442 1443 1448 3857 3861 4009 4010 4012 4014 4015 4016 4018 4020 4028 4030 4040 4042 4053 4054 4056 4058 4059 4062 4072 4074
193 4.27872 -3.57239 6.46825 0.593105 0.588315 -0.38708 -0.390231 3845 3847 3848 3849 3866 3867 3876 3877 3878 3879 3884 3885 4001 4002 4003 4004 4005 4006 4007 4008 4023 4024 4025 4026 4031 4032 4035 4036 4037 4038 4043 4044 4045 4046 4067 4068
194 3.61908 -3.53128 8.42786 0.651974 0.657839 -0.267816 -0.265428 3868 3870 3871 3873 3880 3881 3882 3883 3884 3885 4027 4028 4029 4030 4031 4032 4039 4040 4041 4042 4043 4044 4071 4072 4075
195 4.28719 -2.53769 6.44857 0.588006 0.590641 -0.391636 -0.389889 3848 3849 3878 3879 4001 4002 4003 4004 4005 4006 4007 4008 4023 4024 4025 4026 4031 4032 4035 4036 4037 4038 4043 4044 4046 4048 4050 4067 4068 4069 4070 4075 4076 4079 4080
196 3.63649 -2.54218 8.4108 0.652609 0.655043 -0.269778 -0.268775 3880 3882 3883 3885 4027 4028 4029 4030 4031 4032 4039 4040 4041 4042 4043 4044 4071 4072 4074 4075 4076 4083 4084 4085 4087
197 1.65768 -1.52987 9.0583 0.687666 0.700009 -0.13741 -0.134987 1403 1408 1409 1442 1443 1445 1447 1448 1449 2111 2114 4010 4014 4015 4016 4018 4020 4040 4042 4053 4054 4056 4058 4059 4060 4062 4064 4072 4074 4084 4086 4764 4767
198 1.7089 -0.526963 9.03681 0.685797 0.699284 -0.144009 -0.141231 1409 1442 1443 1445 1447 1448 1449 2111 2113 2114 2115 2117 2120 4016 4020 4053 4054 4056 4058 4059 4060 4062 4064 4072 4074 4084 4086 4764 4765 4767 4769 4770 4773 4783 4785
199 4.27124 -1.53688 6.4856 0.590517 0.593353 -0.387721 -0.385868 4003 4004 4005 4006 4007 4008 4025 4026 4035 4036 4037 4038 4043 4044 4045 4046 4047 4048 4049 4050 4051 4052 4067 4068 4069 4070 4075 4076 4079 4080 4081 4082 4087 4088 4756 4757 4778 4779
200 3.63135 -1.53745 8.41586 0.652191 0.656101 -0.269294 -0.26769 4027 4029 4030 4032 4039 4040 4041 4042 4043 4044 4071 4072 4073 4074 4075 4076 4083 4084 4085 4086 4087 4088 4782 4783 4784 4786
201 4.2577 -0.56008 6.51605 0.595166 0.592985 -0.382796 -0.384204 4007 4008 4037 4038 4045 4046 4047 4048 4049 4050 4051 4052 4067 4068 4069 4070 4075 4076 4079 4080 4081 4082 4087 4088 4756 4757 4758 4759 4760 4761 4778 4779 4780 4781 4786 4787 4790 4791
202 3.61057 -0.529416 8.43611 0.652191 0.65867 -0.26664 -0.264017 4039 4041 4042 4044 4071 4072 4073 4074 4075 4076 4083 4084 4085 4086 4087 4088 4782 4783 4785 4786 4787 4794 4795 4797
203 3.49416 -12.8958 7.52018 -0.548772 -0.488595 0.451066 0.50662 3601 3603 3613 3615 3673 3675 4628 4629
204 -2.45922 -11.6752 7.57432 0.534751 -0.512779 0.464857 -0.484776 1450 1451
205 1.69806 0.483568 9.04134 0.682862 0.702688 -0.143304 -0.139261 1443 1448 1449 2113 2114 2115 2117 2119 2120 2121 2150 2153 4054 4058 4059 4060 4062 4064 4084 4086 4764 4765 4767 4769 4770 4771 4773 4775 4783 4785 4795 4810 4813
206 1.67582 1.43869 9.05088 0.6968 0.690021 -0.137779 -0.139132 1447 1449 2111 2113 2114 2115 2120 2121 2153 2154 2159 4060 4064 4764 4765 4767 4769 4770 4771 4773 4775 4783 4785 4795 4810 4811 4813 4815 4816 4819 4830
207 4.25483 0.487385 6.52187 0.590397 0.598544 -0.385483 -0.380236 4047 4048 4049 4050 4051 4052 4069 4070 4079 4080 4081 4082 4087 4088 4756 4757 4758 4759 4760 4761 4762 4763 4778 4779 4780 4781 4786 4787 4790 4791 4792 4793 4797 4800 4801 4824 4825
208 3.61737 0.459291 8.42959 0.653561 0.656482 -0.266948 -0.26576 4071 4073 4074 4076 4083 4084 4085 4086 4087 4088 4782 4783 4784 4785 4786 4787 4794 4795 4797 4825 4827 4828 4829
209 4.23905 1.49541 6.55576 0.59184 0.601829 -0.382322 -0.375976 4051 4052 4081 4082 4756 4757 4758 4759 4760 4761 4762 4763 4778 4779 4780 4781 4786 4787 4790 4791 4792 4793 4797 4800 4801 4802 4803 4806 4807 4824 4825 4826 4827 4828 4829 4833 4834
210 3.60368 1.46045 8.44284 0.654209 0.657518 -0.264939 -0.263606 4083 4085 4086 4088 4783 4784 4785 4786 4787 4794 4795 4796 4797 4819 4823 4825 4827 4828 4830 4837 4838 4839
211 1.63307 2.47727 9.06816 0.685855 0.702953 -0.134783 -0.131505 2115 2120 2121 2153 2154 2156 2158 2159 2160 2250 2253 4765 4769 4770 4771 4773 4775 4795 4810 4811 4813 4815 4816 4817 4819 4821 4830 4837 4838 4942 4945 4960
212 1.66536 3.44197 9.05522 0.696101 0.69125 -0.136665 -0.137624 2119 2121 2150 2153 2154 2159 2160 2253 2254 2259 4771 4775 4810 4811 4813 4815 4816 4817 4819 4821 4830 4837 4838 4942 4943 4945 4947 4948 4951 4960 4961 4968
213 4.27393 2.51556 6.47772 0.584288 0.598393 -0.392238 -0.382993 4758 4759 4760 4761 4762 4763 4780 4781 4790 4791 4792 4793 4797 4800 4801 4802 4803 4807 4809 4824 4825 4826 4827 4828 4829 4833 4834 4835 4836 4839 4932 4956 4957 4960
214 3.60515 2.45261 8.44145 0.655359 0.656195 -0.264661 -0.264324 4782 4784 4785 4787 4795 4796 4797 4819 4820 4821 4825 4827 4828 4829 4830 4836 4837 4838 4839 4945 4947 4957 4959 4960 4961
215 4.28053 3.55948 6.45918 0.578244 0.601673 -0.397289 -0.381819 4762 4763 4792 4793 4800 4801 4802 4803 4806 4807 4809 4824 4825 4826 4827 4828 4829 4833 4834 4835 4836 4838 4839 4932 4934 4939 4956 4957 4958 4959 4960 4961 4964 4965 4968
216 3.60604 3.4565 8.44058 0.654691 0.656751 -0.265044 -0.264213 4794 4796 4818 4819 4820 4821 4822 4825 4827 4829 4830 4836 4837 4838 4839 4945 4946 4947 4951 4955 4957 4959 4960 4961 4965 4967 4968 4969
217 1.66899 4.46648 9.05369 0.688565 0.698574 -0.138599 -0.136613 2154 2159 2160 2253 2254 2256 2258 2259 2260 2297 2300 4811 4815 4816 4817 4819 4821 4837 4838 4942 4943 4945 4947 4948 4949 4951 4953 4960 4961 4968 4969 4990 4993 5008
218 1.66131 5.45301 9.05689 0.692847 0.694712 -0.136819 -0.136452 2160 2253 2254 2259 2260 2300 2301 2306 4817 4821 4838 4942 4943 4945 4947 4948 4949 4951 4953 4960 4961 4968 4969 4990 4991 4993 4995 4996 4999 5008 5009 5016
219 4.291 4.49963 6.43849 0.583306 0.593871 -0.395337 -0.388304 4802 4803 4806 4807 4808 4809 4826 4827 4833 4834 4835 4836 4838 4839 4931 4932 4934 4939 4941 4956 4957 4958 4959 4960 4961 4964 4965 4966 4967 4968 4969 4977 5004 5005 5008
220 3.62951 4.46229 8.41767 0.652345 0.656179 -0.268996 -0.267425 4818 4819 4820 4821 4825 4827 4828 4829 4830 4836 4837 4838 4839 4945 4947 4951 4952 4953 4957 4959 4960 4961 4963 4965 4967 4968 4969 4993 5005 5007 5008 5009
221 4.27952 5.49897 6.4656 0.585254 0.595755 -0.392386 -0.38547 4808 4809 4835 4836 4838 4931 4932 4933 4934 4938 4939 4940 4941 4956 4957 4958 4959 4960 4961 4964 4965 4966 4967 4968 4969 4977 4979 4987 5004 5005 5006 5007 5008 5009 5012 5013 5016
222 3.62621 5.44448 8.42095 0.655324 0.653621 -0.267354 -0.26805 4819 4821 4836 4837 4838 4944 4945 4947 4951 4953 4954 4957 4959 4960 4961 4965 4967 4968 4969 4992 4993 4994 4995 4999 5001 5003 5005 5007 5008 5009 5013 5015 5016 5017
223 1.64564 6.47105 9.06318 0.687602 0.700652 -0.135964 -0.133432 2254 2259 2260 2300 2301 2303 2305 2306 2307 2369 2372 4943 4947 4948 4949 4951 4953 4961 4968 4969 4990 4991 4993 4995 4996 4997 4999 5001 5008 5009 5016 5017 5216 5219 5234
224 1.66356 7.43455 9.05593 0.698395 0.689018 -0.136001 -0.137852 2258 2260 2297 2299 2300 2301 2306 2307 2372 2373 2378 4949 4953 4969 4990 4991 4993 4995 4996 4997 4999 5001 5008 5009 5016 5017 5216 5217 5219 5221 5222 5225 5234 5235 5242
225 4.26568 6.57926 6.49138 0.578224 0.606136 -0.395162 -0.376966 4931 4933 4934 4938 4939 4940 4941 4958 4959 4961 4964 4965 4966 4967 4968 4969 4976 4977 4978 4979 4987 4989 5004 5005 5006 5007 5008 5009 5012 5013 5014 5015 5016 5017 5203 5230 5231 5234
226 3.6262 6.45897 8.42095 0.653068 0.655876 -0.268276 -0.267128 4945 4947 4950 4951 4952 4953 4957 4959 4960 4961 4962 4965 4967 4968 4969 4993 4995 4999 5000 5001 5005 5007 5008 5009 5011 5013 5015 5016 5017 5219 5221 5231 5233 5234 5235
227 4.26941 7.52981 6.48719 0.58338 0.600593 -0.392203 -0.380962 4940 4941 4966 4967 4969 4976 4977 4978 4979 4986 4987 4988 4989 5004 5005 5006 5007 5008 5009 5012 5013 5014 5015 5016 5017 5203 5205 5213 5230 5231 5232 5233 5234 5235 5238 5239 5242
228 3.63582 7.46251 8.41144 0.651921 0.655809 -0.269977 -0.268376 4951 4953 4965 4967 4968 4969 4992 4993 4994 4995 4999 5001 5002 5005 5007 5008 5009 5013 5015 5016 5017 5219 5220 5221 5225 5229 5231 5233 5234 5235 5239 5241 5242 5243
229 1.66883 8.45488 9.05379 0.6921 0.695085 -0.137873 -0.137281 2301 2306 2307 2372 2373 2378 2379 2417 2420 4991 4995 4996 4997 4999 5001 5009 5016 5017 5216 5217 5219 5221 5222 5223 5225 5227 5234 5235 5242 5243 5264 5267 5282
230 1.68208 9.44469 9.04829 0.694838 0.691685 -0.138918 -0.139551 2305 2307 2369 2371 2372 2373 2378 2379 2420 2421 2426 4997 5001 5017 5216 5217 5219 5221 5222 5223 5225 5227 5234 5235 5242 5243 5264 5265 5267 5269 5270 5273 5282 5283 5290
231 4.26257 8.47661 6.50496 0.590404 0.596179 -0.386571 -0.382827 4978 4979 4986 4987 4988 4989 5006 5007 5009 5012 5013 5014 5015 5016 5017 5202 5203 5204 5205 5212 5213 5214 5215 5230 5231 5232 5233 5234 5235 5238 5239 5240 5241 5242 5243 5250 5251 5278 5279 5282
232 3.64181 8.45226 8.40553 0.653135 0.653846 -0.270239 -0.269945 4993 4995 4998 4999 5001 5005 5007 5008 5009 5010 5013 5015 5016 5017 5219 5221 5225 5226 5227 5231 5233 5234 5235 5237 5239 5241 5242 5243 5267 5269 5279 5281 5282 5283
233 4.26421 9.49687 6.50067 0.5879 0.59805 -0.38845 -0.381858 4988 4989 5014 5015 5017 5202 5203 5204 5205 5212 5213 5214 5215 5230 5231 5232 5233 5234 5235 5238 5239 5240 5241 5242 5243 5250 5251 5253 5261 5278 5279 5280 5281 5282 5283 5286 5287 5290
234 3.63509 9.44858 8.4122 0.65413 0.653703 -0.268972 -0.269148 4999 5001 5013 5015 5016 5017 5218 5219 5221 5225 5227 5228 5231 5233 5234 5235 5239 5241 5242 5243 5267 5268 5269 5273 5275 5277 5279 5281 5282 5283 5287 5289 5290 5291
235 1.66799 10.4668 9.05409 0.688483 0.698703 -0.138495 -0.136469 2373 2378 2379 2420 2421 2423 2425 2426 2427 2487 2490 5217 5221 5222 5223 5225 5227 5235 5242 5243 5264 5265 5267 5269 5270 5271 5273 5275 5282 5283 5290 5291 5335 5338 5353
236 1.67266 11.4279 9.05212 0.700131 0.686792 -0.136747 -0.139403 2377 2379 2417 2419 2420 2421 2423 2426 2427 2490 2491 2496 5223 5227 5243 5264 5265 5267 5269 5270 5271 5273 5275 5282 5283 5290 5291 5335 5336 5338 5340 5341 5344 5353 5354 5361
237 4.26621 10.5156 6.49531 0.585486 0.59967 -0.390336 -0.381103 5204 5205 5212 5213 5214 5215 5232 5233 5235 5238 5239 5240 5241 5242 5243 5250 5251 5252 5253 5260 5261 5263 5278 5279 5280 5281 5282 5283 5286 5287 5288 5289 5290 5291 5322 5349 5350 5353
238 3.65411 10.4524 8.39318 0.652331 0.653076 -0.272144 -0.271834 5219 5221 5224 5225 5227 5231 5233 5234 5235 5236 5239 5241 5242 5243 5267 5269 5273 5274 5275 5279 5281 5282 5283 5285 5287 5289 5290 5291 5338 5340 5350 5352 5353 5354
239 4.25059 11.5512 6.5276 0.583743 0.605824 -0.389272 -0.375084 5212 5214 5215 5240 5241 5243 5250 5251 5252 5253 5260 5261 5262 5263 5278 5279 5280 5281 5282 5283 5286 5287 5288 5289 5290 5291 5321 5322 5324 5332 5349 5350 5351 5352 5353 5354 5357 5358 5361
240 3.64253 11.4486 8.40481 0.653659 0.653231 -0.270114 -0.270291 5225 5227 5239 5241 5242 5243 5266 5267 5269 5273 5275 5276 5279 5281 5282 5283 5287 5289 5290 5291 5338 5339 5340 5344 5348 5350 5352 5353 5354 5358 5360 5361 5362
241 1.65184 12.4457 9.06075 0.695309 0.692712 -0.1352 -0.135707 2421 2426 2427 2490 2491 2496 2497 2539 5265 5269 5270 5271 5273 5275 5283 5290 5291 5335 5336 5338 5340 5341 5342 5344 5346 5353 5354 5361 5363 5387 5390
242 1.62225 13.4355 9.07254 0.699272 0.690137 -0.130907 -0.13264 2425 2427 2490 2491 2496 2497 2539 2540 2545 5271 5275 5291 5335 5336 5338 5340 5341 5342 5344 5346 5353 5354 5361 5363 5387 5388 5390 5392 5393 5396 5406 5408
243 4.25912 12.5155 6.51119 0.586585 0.600802 -0.388598 -0.379402 5252 5253 5260 5261 5262 5263 5280 5281 5283 5286 5287 5288 5289 5290 5291 5321 5322 5323 5324 5331 5332 5334 5349 5350 5351 5352 5353 5354 5357 5358 5359 5360 5361 5362 5374 5401 5402 5405
244 3.63426 12.4432 8.41301 0.655017 0.652917 -0.268503 -0.269367 5267 5269 5272 5273 5275 5279 5281 5282 5283 5284 5287 5289 5290 5291 5338 5340 5344 5350 5352 5353 5354 5356 5358 5360 5361 5362 5363 5402 5404 5405 5406 5407
245 4.26906 13.5037 6.48944 0.586385 0.597974 -0.390143 -0.382582 5262 5263 5288 5289 5291 5321 5322 5323 5324 5331 5332 5333 5334 5349 5350 5351 5352 5353 5354 5357 5358 5359 5360 5361 5362 5373 5374 5376 5384 5401 5402 5403 5404 5405 5407 5411 5412 5415
246 3.64789 13.4331 8.39938 0.655684 0.650503 -0.269962 -0.272112 5275 5287 5289 5290 5291 5337 5338 5340 5344 5347 5350 5352 5353 5354 5358 5360 5361 5362 5363 5396 5398 5399 5400 5402 5404 5405 5406 5407 5408 5410 5412 5414 5415 5416
247 1.58803 14.5002 9.08535 0.678885 0.711702 -0.130638 -0.124614 2491 2496 2497 2539 2540 2542 2544 2545 2546 2618 2621 5336 5340 5341 5342 5344 5346 5354 5363 5387 5388 5390 5392 5393 5394 5396 5398 5406 5408 5415 5416 5714 5717 5732
248 4.26531 14.517 6.49725 0.585467 0.599959 -0.390221 -0.380796 5323 5324 5331 5332 5333 5334 5351 5352 5354 5357 5358 5359 5360 5361 5362 5373 5374 5375 5376 5383 5384 5386 5401 5402 5403 5404 5405 5407 5411 5412 5413 5414 5415 5416 5700 5728 5729 5732
249 3.65339 14.47 8.39382 0.649657 0.655816 -0.273172 -0.270607 5337 5338 5340 5344 5347 5350 5352 5353 5354 5355 5356 5358 5360 5361 5362 5363 5396 5397 5398 5402 5404 5405 5406 5407 5408 5410 5412 5414 5415 5416 5717 5729 5731 5732
